[160327039_aggregate_°Ä¿ÂÂê±ù¹ñ]
mean = 64.9314237748331
std = 331.04247373978586

[160327039_°Ä¿ÂÂê±ù¹ñ]
min = 0.0
max = 1569.1

[180315000016_aggregate_°Ä¿ÂÂê±ù¹ñ]
mean = 59.17851424911944
std = 173.05423074036995

[180315000016_°Ä¿ÂÂê±ù¹ñ]
min = 0.0
max = 1365.0
