1.5320335172921835,1,1.0,1.0,0.0
8.772525743352757,1,0.95,1.0,0.0
8.772525743352757,1,0.95,1.0,0.0
8.794988490693173,1,0.95,1.0,0.0
8.832426402927197,1,0.95,1.0,0.0
8.847401567820809,1,0.95,1.0,0.0
8.869864315161225,1,0.95,1.0,0.0
7.7617021130340635,1,0.95,1.0,0.0
8.809963655586785,1,0.95,1.0,0.0
8.809963655586785,1,0.95,1.0,0.0
8.345733543884867,1,0.95,1.0,0.0
8.315783214097644,1,0.95,1.0,0.0
1.6443472539942607,1,0.95,1.0,0.0
1.636859671547456,1,0.95,1.0,0.0
1.6218845066538456,1,0.95,1.0,0.0
15.174408735371154,1,0.95,1.0,1817.0
15.174408735371154,1,0.95,1.0,1817.0
15.144458405583935,1,0.95,1.0,1815.0
15.151945988030743,1,0.95,1.0,1818.0
15.144458405583935,1,0.95,1.0,1819.0
1.524545934845379,1,0.95,1.0,0.0
7.799140025268089,1,0.95,1.0,0.0
7.754214530587259,1,0.95,1.0,0.0
7.754214530587259,1,0.95,1.0,0.0
7.724264200800039,1,0.95,1.0,0.0
0.4987471396330739,1,0.95,1.0,0.0
6.765853647608979,1,0.95,1.0,0.0
6.7433909002685635,1,0.95,1.0,0.0
20.34832820611351,1,0.95,1.0,0.0
20.543005349730443,1,0.95,1.0,0.0
20.543005349730443,1,0.95,1.0,0.0
14.313336753988565,1,0.95,1.0,0.0
3.830721328461363,1,0.95,1.0,0.0
0.6484987885691768,1,0.95,1.0,0.0
6.690977823140927,1,0.95,1.0,0.0
0.6185484587819562,1,0.95,1.0,0.0
0.6185484587819562,1,0.95,1.0,0.0
6.7733412300557845,1,0.95,1.0,0.0
0.45382164495224303,1,0.95,1.0,0.0
0.45382164495224303,1,0.95,1.0,0.0
0.6110608763351509,1,0.95,1.0,0.0
6.690977823140927,1,0.95,1.0,0.0
0.6110608763351509,1,0.95,1.0,0.0
0.6110608763351509,1,0.95,1.0,0.0
6.354036613034696,1,0.95,1.0,0.0
0.45382164495224303,1,0.95,1.0,0.0
0.45382164495224303,1,0.95,1.0,0.0
0.6110608763351509,1,0.95,1.0,0.0
5.897294083779581,1,0.95,1.0,0.0
0.45382164495224303,1,0.95,1.0,0.0
0.45382164495224303,1,0.95,1.0,0.0
0.45382164495224303,1,0.95,1.0,0.0
0.6110608763351509,1,0.95,1.0,0.0
0.6110608763351509,1,0.95,1.0,0.0
0.45382164495224303,1,0.95,1.0,0.0
0.45382164495224303,1,0.95,1.0,0.0
0.4987471396330739,1,0.95,1.0,0.0
0.4987471396330739,1,0.95,1.0,0.0
0.4987471396330739,1,0.95,1.0,0.0
0.6559863710159819,1,0.95,1.0,0.0
6.720928152928148,1,0.95,1.0,0.0
0.4987471396330739,1,0.95,1.0,0.0
0.4987471396330739,1,0.95,1.0,0.0
0.5062347220798792,1,0.95,1.0,0.0
0.5062347220798792,1,0.95,1.0,0.0
0.4987471396330739,1,0.95,1.0,0.0
0.6559863710159819,1,0.95,1.0,0.0
0.4987471396330739,1,0.95,1.0,0.0
0.4987471396330739,1,0.95,1.0,0.0
0.6559863710159819,1,0.95,1.0,0.0
0.4987471396330739,1,0.95,1.0,0.0
0.4987471396330739,1,0.95,1.0,0.0
1.7117354960155071,1,0.95,1.0,0.0
1.6967603311218968,1,0.95,1.0,0.0
0.4987471396330739,1,0.95,1.0,0.0
13.658922048137795,1,0.95,1.0,1840.6
13.658922048137795,1,0.95,1.0,1840.6
0.6559863710159819,1,0.95,1.0,0.0
0.49125955718626874,1,0.95,1.0,0.0
0.49125955718626874,1,0.95,1.0,0.0
0.4987471396330739,1,0.95,1.0,0.0
0.6484987885691768,1,0.95,1.0,0.0
0.034517027931154944,1,0.95,1.0,0.0
0.034517027931154944,1,0.95,1.0,0.0
0.027029445484349796,1,0.95,1.0,0.0
-0.12272220345175308,1,0.95,1.0,0.0
-0.12272220345175308,1,0.95,1.0,0.0
0.027029445484349796,1,0.95,1.0,0.0
0.43884648005863275,1,0.95,1.0,0.0
0.027029445484349796,1,0.95,1.0,0.0
0.027029445484349796,1,0.95,1.0,0.0
-0.12272220345175308,1,0.95,1.0,0.0
-0.12272220345175308,1,0.95,1.0,0.0
-0.12272220345175308,1,0.95,1.0,0.0
0.034517027931154944,1,0.95,1.0,0.0
0.027029445484349796,1,0.95,1.0,0.0
0.027029445484349796,1,0.95,1.0,0.0
0.027029445484349796,1,0.95,1.0,0.0
-0.12272220345175308,1,0.95,1.0,0.0
-0.12272220345175308,1,0.95,1.0,0.0
0.034517027931154944,1,0.95,1.0,0.0
5.193461333779899,1,0.95,1.0,0.0
-0.12272220345175308,1,0.95,1.0,0.0
0.034517027931154944,1,0.95,1.0,0.0
0.034517027931154944,1,0.95,1.0,0.0
-0.12272220345175308,1,0.95,1.0,0.0
-0.12272220345175308,1,0.95,1.0,0.0
-0.12272220345175308,1,0.95,1.0,0.0
0.034517027931154944,1,0.95,1.0,0.0
-0.12272220345175308,1,0.95,1.0,0.0
-0.12272220345175308,1,0.95,1.0,0.0
0.9405145039945774,1,0.95,1.0,0.0
0.9405145039945774,1,0.95,1.0,0.0
0.9330269215477724,1,0.95,1.0,0.0
1.0752909880370698,1,0.95,1.0,0.0
0.034517027931154944,1,0.95,1.0,0.0
-0.12272220345175308,1,0.95,1.0,0.0
-0.12272220345175308,1,0.95,1.0,0.0
-0.12272220345175308,1,0.95,1.0,0.0
-0.12272220345175308,1,0.95,1.0,0.0
-0.010408466749675896,1,0.95,1.0,0.0
0.034517027931154944,1,0.95,1.0,0.0
-0.12272220345175308,1,0.95,1.0,0.0
-0.12272220345175308,1,0.95,1.0,0.0
-0.13769736834536336,1,0.95,1.0,0.0
0.01954186303754468,1,0.95,1.0,0.0
0.01954186303754468,1,0.95,1.0,0.0
-0.13769736834536336,1,0.95,1.0,0.0
-0.1077470385581428,1,0.95,1.0,0.0
0.01954186303754468,1,0.95,1.0,0.0
-0.13769736834536336,1,0.95,1.0,0.0
-0.13769736834536336,1,0.95,1.0,0.0
-0.13769736834536336,1,0.95,1.0,0.0
-0.13769736834536336,1,0.95,1.0,0.0
-0.13769736834536336,1,0.95,1.0,0.0
0.01954186303754468,1,0.95,1.0,0.0
0.01954186303754468,1,0.95,1.0,0.0
-0.13769736834536336,1,0.95,1.0,0.0
-0.13769736834536336,1,0.95,1.0,0.0
-0.13769736834536336,1,0.95,1.0,0.0
-0.13769736834536336,1,0.95,1.0,0.0
-0.0927718736645325,1,0.95,1.0,0.0
0.01954186303754468,1,0.95,1.0,0.0
-0.13769736834536336,1,0.95,1.0,0.0
-0.13769736834536336,1,0.95,1.0,0.0
-0.13769736834536336,1,0.95,1.0,0.0
-0.13769736834536336,1,0.95,1.0,0.0
0.01954186303754468,1,0.95,1.0,0.0
0.01954186303754468,1,0.95,1.0,0.0
-0.13769736834536336,1,0.95,1.0,0.0
-0.13769736834536336,1,0.95,1.0,0.0
0.01954186303754468,1,0.95,1.0,0.0
1.1127289002710954,1,0.95,1.0,0.0
1.1127289002710954,1,0.95,1.0,0.0
1.0902661529306799,1,0.95,1.0,0.0
0.9255393391009673,1,0.95,1.0,0.0
0.9105641742073568,1,0.95,1.0,0.0
0.01954186303754468,1,0.95,1.0,0.0
0.01954186303754468,1,0.95,1.0,0.0
0.01954186303754468,1,0.95,1.0,0.0
0.01954186303754468,1,0.95,1.0,0.0
0.01954186303754468,1,0.95,1.0,0.0
-0.13769736834536336,1,0.95,1.0,0.0
-0.13769736834536336,1,0.95,1.0,0.0
0.6634739534627868,1,0.95,1.0,0.0
0.6634739534627868,1,0.95,1.0,0.0
0.6559863710159819,1,0.95,1.0,0.0
0.6559863710159819,1,0.95,1.0,0.0
0.49125955718626874,1,0.95,1.0,0.0
0.49125955718626874,1,0.95,1.0,0.0
0.6484987885691768,1,0.95,1.0,0.0
0.6484987885691768,1,0.95,1.0,0.0
0.49125955718626874,1,0.95,1.0,0.0
0.6335236236755665,1,0.95,1.0,0.0
0.6335236236755665,1,0.95,1.0,0.0
0.4837719747394636,1,0.95,1.0,0.0
0.4837719747394636,1,0.95,1.0,0.0
0.6335236236755665,1,0.95,1.0,0.0
0.6335236236755665,1,0.95,1.0,0.0
0.4837719747394636,1,0.95,1.0,0.0
0.4837719747394636,1,0.95,1.0,0.0
0.4837719747394636,1,0.95,1.0,0.0
0.4837719747394636,1,0.95,1.0,0.0
0.6335236236755665,1,0.95,1.0,0.0
0.6335236236755665,1,0.95,1.0,0.0
0.4837719747394636,1,0.95,1.0,0.0
0.4837719747394636,1,0.95,1.0,0.0
0.4837719747394636,1,0.95,1.0,0.0
0.4837719747394636,1,0.95,1.0,0.0
0.4837719747394636,1,0.95,1.0,0.0
0.6410112061223716,1,0.95,1.0,0.0
0.5960857114415408,1,0.95,1.0,0.0
0.43884648005863275,1,0.95,1.0,0.0
0.46130922739904817,1,0.95,1.0,0.0
0.43884648005863275,1,0.95,1.0,0.0
0.43884648005863275,1,0.95,1.0,0.0
1.6817851662282866,1,0.95,1.0,0.0
1.6817851662282866,1,0.95,1.0,0.0
1.5095707699517682,1,0.95,1.0,0.0
1.502083187504963,1,0.95,1.0,0.0
1.6368596715474557,1,0.95,1.0,0.0
0.43884648005863275,1,0.95,1.0,0.0
0.43884648005863275,1,0.95,1.0,0.0
0.5960857114415408,1,0.95,1.0,0.0
0.5960857114415408,1,0.95,1.0,0.0
0.43884648005863275,1,0.95,1.0,0.0
0.45382164495224303,1,0.95,1.0,0.0
0.5960857114415408,1,0.95,1.0,0.0
0.43884648005863275,1,0.95,1.0,0.0
0.43884648005863275,1,0.95,1.0,0.0
0.5960857114415408,1,0.95,1.0,0.0
0.5960857114415408,1,0.95,1.0,0.0
0.5960857114415408,1,0.95,1.0,0.0
0.43884648005863275,1,0.95,1.0,0.0
1.1052413178242901,1,0.95,1.0,0.0
1.0977537353774853,1,0.95,1.0,0.0
0.43884648005863275,1,0.95,1.0,0.0
0.43884648005863275,1,0.95,1.0,0.0
0.43884648005863275,1,0.95,1.0,0.0
0.43884648005863275,1,0.95,1.0,0.0
0.4837719747394636,1,0.95,1.0,0.0
0.4837719747394636,1,0.95,1.0,0.0
0.5361850518670996,1,0.95,1.0,0.0
0.6410112061223716,1,0.95,1.0,0.0
0.6410112061223716,1,0.95,1.0,0.0
0.9854399986754083,1,0.95,1.0,0.0
0.9854399986754083,1,0.95,1.0,0.0
0.6410112061223716,1,0.95,1.0,0.0
0.6410112061223716,1,0.95,1.0,0.0
0.4837719747394636,1,0.95,1.0,0.0
0.4837719747394636,1,0.95,1.0,0.0
0.4837719747394636,1,0.95,1.0,0.0
0.4837719747394636,1,0.95,1.0,0.0
0.6410112061223716,1,0.95,1.0,0.0
0.4837719747394636,1,0.95,1.0,0.0
0.9929275811222135,1,0.95,1.0,0.0
0.4837719747394636,1,0.95,1.0,0.0
0.4837719747394636,1,0.95,1.0,0.0
1.6892727486750916,1,0.95,1.0,0.0
1.7341982433559224,1,0.95,1.0,0.0
1.5619838470794043,1,0.95,1.0,0.0
1.547008682185794,1,0.95,1.0,0.0
1.6892727486750916,1,0.95,1.0,0.0
0.9929275811222135,1,0.95,1.0,0.0
0.9929275811222135,1,0.95,1.0,0.0
0.5212098869734895,1,0.95,1.0,0.0
0.5212098869734895,1,0.95,1.0,0.0
-0.13769736834536336,1,0.95,1.0,0.0
-0.13769736834536336,1,0.95,1.0,0.0
-0.13769736834536336,1,0.95,1.0,0.0
-0.13769736834536336,1,0.95,1.0,0.0
0.01954186303754468,1,0.95,1.0,0.0
-0.04035879653689651,1,0.95,1.0,0.0
-0.13769736834536336,1,0.95,1.0,0.0
0.012054280590739508,1,0.95,1.0,0.0
0.3639706555905813,1,0.95,1.0,0.0
0.3639706555905813,1,0.95,1.0,0.0
0.01954186303754468,1,0.95,1.0,0.0
0.012054280590739508,1,0.95,1.0,0.0
-0.13769736834536336,1,0.95,1.0,0.0
-0.13769736834536336,1,0.95,1.0,0.0
-0.13769736834536336,1,0.95,1.0,0.0
-0.13769736834536336,1,0.95,1.0,0.0
-0.13769736834536336,1,0.95,1.0,0.0
0.01954186303754468,1,0.95,1.0,0.0
5.597790785907376,1,0.95,1.0,0.0
0.3714582380373864,1,0.95,1.0,0.0
0.3714582380373864,1,0.95,1.0,0.0
0.01954186303754468,1,0.95,1.0,0.0
0.012054280590739508,1,0.95,1.0,0.0
0.012054280590739508,1,0.95,1.0,0.0
0.01954186303754468,1,0.95,1.0,0.0
-0.13769736834536336,1,0.95,1.0,0.0
0.01954186303754468,1,0.95,1.0,0.0
0.01954186303754468,1,0.95,1.0,0.0
-0.13769736834536336,1,0.95,1.0,0.0
-0.13769736834536336,1,0.95,1.0,0.0
1.2325302194199779,1,0.95,1.0,0.0
1.2325302194199779,1,0.95,1.0,0.0
0.9554896688881876,1,0.95,1.0,0.0
0.9405145039945774,1,0.95,1.0,0.0
1.0827785704838748,1,0.95,1.0,0.0
1.0752909880370698,1,0.95,1.0,0.0
-0.13769736834536336,1,0.95,1.0,0.0
0.01954186303754468,1,0.95,1.0,0.0
0.01954186303754468,1,0.95,1.0,0.0
0.3714582380373864,1,0.95,1.0,0.0
0.3714582380373864,1,0.95,1.0,0.0
0.5137223045266843,1,0.95,1.0,0.0
0.3639706555905813,1,0.95,1.0,0.0
-0.13769736834536336,1,0.95,1.0,0.0
-0.13769736834536336,1,0.95,1.0,0.0
-0.13769736834536336,1,0.95,1.0,0.0
-0.13769736834536336,1,0.95,1.0,0.0
0.01954186303754468,1,0.95,1.0,0.0
0.01954186303754468,1,0.95,1.0,0.0
-0.13769736834536336,1,0.95,1.0,0.0
-0.13769736834536336,1,0.95,1.0,0.0
0.5286974694202945,1,0.95,1.0,0.0
0.5286974694202945,1,0.95,1.0,0.0
-0.13769736834536336,1,0.95,1.0,0.0
-0.13769736834536336,1,0.95,1.0,0.0
0.01954186303754468,1,0.95,1.0,0.0
0.01954186303754468,1,0.95,1.0,0.0
-0.13769736834536336,1,0.95,1.0,0.0
-0.13769736834536336,1,0.95,1.0,0.0
-0.13769736834536336,1,0.95,1.0,0.0
-0.13769736834536336,1,0.95,1.0,0.0
0.01954186303754468,1,0.95,1.0,0.0
0.01954186303754468,1,0.95,1.0,0.0
0.3714582380373864,1,0.95,1.0,0.0
0.3714582380373864,1,0.95,1.0,0.0
-0.13769736834536336,1,0.95,1.0,0.0
-0.13769736834536336,1,0.95,1.0,0.0
-0.06282154387731191,1,0.95,1.0,0.0
0.01954186303754468,1,0.95,1.0,0.0
-0.13769736834536336,1,0.95,1.0,0.0
-0.13769736834536336,1,0.95,1.0,0.0
1.5619838470794043,1,0.95,1.0,0.0
1.5619838470794043,1,0.95,1.0,0.0
1.502083187504963,1,0.95,1.0,0.0
1.59942175931343,1,0.95,1.0,0.0
0.9330269215477724,1,0.95,1.0,0.0
0.9180517566541619,1,0.95,1.0,0.0
0.01954186303754468,1,0.95,1.0,0.0
0.01954186303754468,1,0.95,1.0,0.0
0.4987471396330739,1,0.95,1.0,0.0
0.4987471396330739,1,0.95,1.0,0.0
1.2624805492071984,1,0.95,1.0,0.0
0.4987471396330739,1,0.95,1.0,0.0
0.49125955718626874,1,0.95,1.0,0.0
1.1501668125051212,1,0.95,1.0,0.0
1.1501668125051212,1,0.95,1.0,0.0
0.6410112061223716,1,0.95,1.0,0.0
0.6410112061223716,1,0.95,1.0,0.0
0.6410112061223716,1,0.95,1.0,0.0
0.4837719747394636,1,0.95,1.0,0.0
0.4837719747394636,1,0.95,1.0,0.0
0.6410112061223716,1,0.95,1.0,0.0
1.1426792300583162,1,0.95,1.0,0.0
1.1426792300583162,1,0.95,1.0,0.0
0.9854399986754083,1,0.95,1.0,0.0
0.4837719747394636,1,0.95,1.0,0.0
0.4837719747394636,1,0.95,1.0,0.0
0.6410112061223716,1,0.95,1.0,0.0
0.47628439229265845,1,0.95,1.0,0.0
0.8431759321861105,1,0.95,1.0,0.0
0.8431759321861105,1,0.95,1.0,0.0
0.4837719747394636,1,0.95,1.0,0.0
0.4837719747394636,1,0.95,1.0,0.0
0.6410112061223716,1,0.95,1.0,0.0
0.9854399986754083,1,0.95,1.0,0.0
0.9854399986754083,1,0.95,1.0,0.0
0.43884648005863275,1,0.95,1.0,0.0
0.43884648005863275,1,0.95,1.0,0.0
0.43884648005863275,1,0.95,1.0,0.0
0.4313588976118276,1,0.95,1.0,0.0
0.5885981289947356,1,0.95,1.0,0.0
0.43884648005863275,1,0.95,1.0,0.0
0.43884648005863275,1,0.95,1.0,0.0
2.0936022008025694,1,0.95,1.0,0.0
2.0936022008025694,1,0.95,1.0,0.0
2.0187263763345182,1,0.95,1.0,0.0
2.160990442823816,1,0.95,1.0,0.0
0.4313588976118276,1,0.95,1.0,0.0
0.4313588976118276,1,0.95,1.0,0.0
0.4313588976118276,1,0.95,1.0,0.0
0.4313588976118276,1,0.95,1.0,0.0
0.4313588976118276,1,0.95,1.0,0.0
0.5062347220798791,1,0.95,1.0,0.0
0.5885981289947356,1,0.95,1.0,0.0
0.4313588976118276,1,0.95,1.0,0.0
0.9405145039945776,1,0.95,1.0,0.0
0.4313588976118276,1,0.95,1.0,0.0
0.4313588976118276,1,0.95,1.0,0.0
0.5960857114415408,1,0.95,1.0,0.0
0.4313588976118276,1,0.95,1.0,0.0
0.4313588976118276,1,0.95,1.0,0.0
0.43884648005863275,1,0.95,1.0,0.0
0.4313588976118276,1,0.95,1.0,0.0
0.9779524162286032,1,0.95,1.0,0.0
0.9779524162286032,1,0.95,1.0,0.0
1.127704065164706,1,0.95,1.0,0.0
1.127704065164706,1,0.95,1.0,0.0
0.47628439229265845,1,0.95,1.0,0.0
0.5736229641011253,1,0.95,1.0,0.0
0.6260360412287613,1,0.95,1.0,0.0
0.6335236236755665,1,0.95,1.0,0.0
0.6335236236755665,1,0.95,1.0,0.0
0.47628439229265845,1,0.95,1.0,0.0
0.47628439229265845,1,0.95,1.0,0.0
0.4837719747394636,1,0.95,1.0,0.0
1.1426792300583162,1,0.95,1.0,0.0
1.127704065164706,1,0.95,1.0,0.0
0.6260360412287613,1,0.95,1.0,0.0
0.6260360412287613,1,0.95,1.0,0.0
0.6260360412287613,1,0.95,1.0,0.0
0.47628439229265845,1,0.95,1.0,0.0
0.47628439229265845,1,0.95,1.0,0.0
0.6260360412287613,1,0.95,1.0,0.0
0.47628439229265845,1,0.95,1.0,0.0
1.6742975837814813,1,0.95,1.0,0.0
1.6742975837814813,1,0.95,1.0,0.0
2.048676706121739,1,0.95,1.0,0.0
2.048676706121739,1,0.95,1.0,0.0
2.048676706121739,1,0.95,1.0,0.0
1.6817851662282866,1,0.95,1.0,0.0
0.6260360412287613,1,0.95,1.0,0.0
-0.13769736834536336,1,0.95,1.0,0.0
0.012054280590739508,1,0.95,1.0,0.0
0.012054280590739508,1,0.95,1.0,0.0
-0.13769736834536336,1,0.95,1.0,0.0
-0.13769736834536336,1,0.95,1.0,0.0
-0.13769736834536336,1,0.95,1.0,0.0
0.01954186303754468,1,0.95,1.0,0.0
15.129483240690325,1,0.95,1.0,0.0
0.042004610377960085,1,0.95,1.0,0.0
0.042004610377960085,1,0.95,1.0,0.0
-0.1077470385581428,1,0.95,1.0,0.0
0.012054280590739508,1,0.95,1.0,0.0
0.01954186303754468,1,0.95,1.0,0.0
-0.13769736834536336,1,0.95,1.0,0.0
-0.13769736834536336,1,0.95,1.0,0.0
-0.13769736834536336,1,0.95,1.0,0.0
-0.13769736834536336,1,0.95,1.0,0.0
0.3714582380373864,1,0.95,1.0,0.0
0.5286974694202945,1,0.95,1.0,0.0
0.5212098869734895,1,0.95,1.0,0.0
-0.13769736834536336,1,0.95,1.0,0.0
-0.13769736834536336,1,0.95,1.0,0.0
-0.13769736834536336,1,0.95,1.0,0.0
-0.13769736834536336,1,0.95,1.0,0.0
-0.13769736834536336,1,0.95,1.0,0.0
-0.13769736834536336,1,0.95,1.0,0.0
-0.13769736834536336,1,0.95,1.0,0.0
-0.13769736834536336,1,0.95,1.0,0.0
0.012054280590739508,1,0.95,1.0,0.0
-0.13769736834536336,1,0.95,1.0,0.0
-0.13769736834536336,1,0.95,1.0,0.0
0.01954186303754468,1,0.95,1.0,0.0
0.01954186303754468,1,0.95,1.0,0.0
-0.13769736834536336,1,0.95,1.0,0.0
-0.13769736834536336,1,0.95,1.0,0.0
0.9629772513349929,1,0.95,1.0,0.0
0.9629772513349929,1,0.95,1.0,0.0
0.9405145039945774,1,0.95,1.0,0.0
1.4421825279305218,1,0.95,1.0,0.0
1.4197197805901065,1,0.95,1.0,0.0
-0.13769736834536336,1,0.95,1.0,0.0
0.01954186303754468,1,0.95,1.0,0.0
-0.002920884302870779,1,0.95,1.0,0.0
-0.002920884302870779,1,0.95,1.0,0.0
0.01954186303754468,1,0.95,1.0,0.0
-0.11523462100494794,1,0.95,1.0,0.0
-0.13769736834536336,1,0.95,1.0,0.0
-0.13769736834536336,1,0.95,1.0,0.0
-0.13769736834536336,1,0.95,1.0,0.0
0.012054280590739508,1,0.95,1.0,0.0
0.012054280590739508,1,0.95,1.0,0.0
-0.13769736834536336,1,0.95,1.0,0.0
-0.13769736834536336,1,0.95,1.0,0.0
0.01954186303754468,1,0.95,1.0,0.0
5.814930676864725,1,0.95,1.0,0.0
0.01954186303754468,1,0.95,1.0,0.0
0.01954186303754468,1,0.95,1.0,0.0
0.3714582380373864,1,0.95,1.0,0.0
0.5212098869734895,1,0.95,1.0,0.0
0.5212098869734895,1,0.95,1.0,0.0
0.01954186303754468,1,0.95,1.0,0.0
-0.13769736834536336,1,0.95,1.0,0.0
-0.13769736834536336,1,0.95,1.0,0.0
-0.13769736834536336,1,0.95,1.0,0.0
-0.13769736834536336,1,0.95,1.0,0.0
0.01954186303754468,1,0.95,1.0,0.0
0.01954186303754468,1,0.95,1.0,0.0
-0.13769736834536336,1,0.95,1.0,0.0
0.5286974694202945,1,0.95,1.0,0.0
0.5286974694202945,1,0.95,1.0,0.0
-0.13769736834536336,1,0.95,1.0,0.0
-0.13769736834536336,1,0.95,1.0,0.0
-0.13769736834536336,1,0.95,1.0,0.0
0.012054280590739508,1,0.95,1.0,0.0
-0.13769736834536336,1,0.95,1.0,0.0
1.1651419773987315,1,0.95,1.0,0.0
1.1651419773987315,1,0.95,1.0,0.0
0.9405145039945774,1,0.95,1.0,0.0
0.9554896688881876,1,0.95,1.0,0.0
1.4272073630369115,1,0.95,1.0,0.0
1.0153903284626287,1,0.95,1.0,0.0
0.5062347220798791,1,0.95,1.0,0.0
-0.1451849507921685,1,0.95,1.0,0.0
-0.1451849507921685,1,0.95,1.0,0.0
-0.1451849507921685,1,0.95,1.0,0.0
-0.1451849507921685,1,0.95,1.0,0.0
-0.1451849507921685,1,0.95,1.0,0.0
-0.1451849507921685,1,0.95,1.0,0.0
-0.1451849507921685,1,0.95,1.0,0.0
-0.1451849507921685,1,0.95,1.0,0.0
-0.1451849507921685,1,0.95,1.0,0.0
-0.1451849507921685,1,0.95,1.0,0.0
-0.1451849507921685,1,0.95,1.0,0.0
-0.1451849507921685,1,0.95,1.0,0.0
-0.1451849507921685,1,0.95,1.0,0.0
-0.1451849507921685,1,0.95,1.0,0.0
-0.1451849507921685,1,0.95,1.0,0.0
-0.1451849507921685,1,0.95,1.0,0.0
-0.1451849507921685,1,0.95,1.0,0.0
-0.1451849507921685,1,0.95,1.0,0.0
-0.1451849507921685,1,0.95,1.0,0.0
-0.1451849507921685,1,0.95,1.0,0.0
-0.1451849507921685,1,0.95,1.0,0.0
-0.1451849507921685,1,0.95,1.0,0.0
-0.1451849507921685,1,0.95,1.0,0.0
-0.1451849507921685,1,0.95,1.0,0.0
-0.1451849507921685,1,0.95,1.0,0.0
-0.1451849507921685,1,0.95,1.0,0.0
-0.1451849507921685,1,0.95,1.0,0.0
-0.1451849507921685,1,0.95,1.0,0.0
-0.1451849507921685,1,0.95,1.0,0.0
-0.1451849507921685,1,0.95,1.0,0.0
-0.1451849507921685,1,0.95,1.0,0.0
-0.1451849507921685,1,0.95,1.0,0.0
-0.1451849507921685,1,0.95,1.0,0.0
-0.1451849507921685,1,0.95,1.0,0.0
-0.1451849507921685,1,0.95,1.0,0.0
0.9405145039945774,1,0.95,1.0,0.0
0.9405145039945774,1,0.95,1.0,0.0
0.9255393391009673,1,0.95,1.0,0.0
0.9180517566541619,1,0.95,1.0,0.0
0.8955890093137465,1,0.95,1.0,0.0
-0.1451849507921685,1,0.95,1.0,0.0
-0.1451849507921685,1,0.95,1.0,0.0
-0.1451849507921685,1,0.95,1.0,0.0
-0.1451849507921685,1,0.95,1.0,0.0
-0.1451849507921685,1,0.95,1.0,0.0
-0.1451849507921685,1,0.95,1.0,0.0
-0.1451849507921685,1,0.95,1.0,0.0
-0.1451849507921685,1,0.95,1.0,0.0
-0.1451849507921685,1,0.95,1.0,0.0
-0.1451849507921685,1,0.95,1.0,0.0
-0.1451849507921685,1,0.95,1.0,0.0
-0.1451849507921685,1,0.95,1.0,0.0
-0.1451849507921685,1,0.95,1.0,0.0
-0.1451849507921685,1,0.95,1.0,0.0
-0.1451849507921685,1,0.95,1.0,0.0
-0.1451849507921685,1,0.95,1.0,0.0
-0.1451849507921685,1,0.95,1.0,0.0
-0.1451849507921685,1,0.95,1.0,0.0
-0.1451849507921685,1,0.95,1.0,0.0
-0.1451849507921685,1,0.95,1.0,0.0
-0.1451849507921685,1,0.95,1.0,0.0
-0.1451849507921685,1,0.95,1.0,0.0
-0.1451849507921685,1,0.95,1.0,0.0
-0.1451849507921685,1,0.95,1.0,0.0
-0.1451849507921685,1,0.95,1.0,0.0
-0.1451849507921685,1,0.95,1.0,0.0
-0.1451849507921685,1,0.95,1.0,0.0
-0.1451849507921685,1,0.95,1.0,0.0
-0.1451849507921685,1,0.95,1.0,0.0
-0.1451849507921685,1,0.95,1.0,0.0
-0.1451849507921685,1,0.95,1.0,0.0
-0.1451849507921685,1,0.95,1.0,0.0
-0.1451849507921685,1,0.95,1.0,0.0
-0.1451849507921685,1,0.95,1.0,0.0
1.0528282406966545,1,0.95,1.0,0.0
1.0528282406966545,1,0.95,1.0,0.0
0.9405145039945774,1,0.95,1.0,0.0
0.9105641742073568,1,0.95,1.0,0.0
0.9105641742073568,1,0.95,1.0,0.0
0.8955890093137465,1,0.95,1.0,0.0
-0.1451849507921685,1,0.95,1.0,0.0
-0.1451849507921685,1,0.95,1.0,0.0
-0.1451849507921685,1,0.95,1.0,0.0
-0.1451849507921685,1,0.95,1.0,0.0
-0.1451849507921685,1,0.95,1.0,0.0
-0.1451849507921685,1,0.95,1.0,0.0
-0.1451849507921685,1,0.95,1.0,0.0
-0.1451849507921685,1,0.95,1.0,0.0
-0.1451849507921685,1,0.95,1.0,0.0
-0.1451849507921685,1,0.95,1.0,0.0
-0.1451849507921685,1,0.95,1.0,0.0
-0.1451849507921685,1,0.95,1.0,0.0
-0.1451849507921685,1,0.95,1.0,0.0
-0.1451849507921685,1,0.95,1.0,0.0
-0.1451849507921685,1,0.95,1.0,0.0
-0.1451849507921685,1,0.95,1.0,0.0
-0.1451849507921685,1,0.95,1.0,0.0
-0.1451849507921685,1,0.95,1.0,0.0
-0.1451849507921685,1,0.95,1.0,0.0
-0.1451849507921685,1,0.95,1.0,0.0
-0.1451849507921685,1,0.95,1.0,0.0
-0.1451849507921685,1,0.95,1.0,0.0
-0.1451849507921685,1,0.95,1.0,0.0
-0.1451849507921685,1,0.95,1.0,0.0
-0.1451849507921685,1,0.95,1.0,0.0
-0.1451849507921685,1,0.95,1.0,0.0
-0.1451849507921685,1,0.95,1.0,0.0
-0.1451849507921685,1,0.95,1.0,0.0
-0.1451849507921685,1,0.95,1.0,0.0
-0.1451849507921685,1,0.95,1.0,0.0
-0.1451849507921685,1,0.95,1.0,0.0
-0.1451849507921685,1,0.95,1.0,0.0
-0.1451849507921685,1,0.95,1.0,0.0
-0.1451849507921685,1,0.95,1.0,0.0
-0.1451849507921685,1,0.95,1.0,0.0
-0.1451849507921685,1,0.95,1.0,0.0
-0.1451849507921685,1,0.95,1.0,0.0
-0.1451849507921685,1,0.95,1.0,0.0
1.0528282406966545,1,0.95,1.0,0.0
0.9704648337817978,1,0.95,1.0,0.0
0.9255393391009673,1,0.95,1.0,0.0
0.9180517566541619,1,0.95,1.0,0.0
0.9030765917605517,1,0.95,1.0,0.0
-0.1451849507921685,1,0.95,1.0,0.0
-0.1451849507921685,1,0.95,1.0,0.0
-0.1451849507921685,1,0.95,1.0,0.0
-0.1451849507921685,1,0.95,1.0,0.0
-0.1451849507921685,1,0.95,1.0,0.0
-0.1451849507921685,1,0.95,1.0,0.0
-0.1451849507921685,1,0.95,1.0,0.0
-0.1451849507921685,1,0.95,1.0,0.0
-0.1451849507921685,1,0.95,1.0,0.0
-0.1451849507921685,1,0.95,1.0,0.0
-0.1451849507921685,1,0.95,1.0,0.0
-0.1451849507921685,1,0.95,1.0,0.0
-0.1451849507921685,1,0.95,1.0,0.0
-0.1451849507921685,1,0.95,1.0,0.0
-0.1451849507921685,1,0.95,1.0,0.0
-0.1451849507921685,1,0.95,1.0,0.0
-0.1451849507921685,1,0.95,1.0,0.0
-0.1451849507921685,1,0.95,1.0,0.0
-0.1451849507921685,1,0.95,1.0,0.0
-0.1451849507921685,1,0.95,1.0,0.0
-0.1451849507921685,1,0.95,1.0,0.0
-0.1451849507921685,1,0.95,1.0,0.0
-0.1451849507921685,1,0.95,1.0,0.0
-0.1451849507921685,1,0.95,1.0,0.0
-0.1451849507921685,1,0.95,1.0,0.0
-0.1451849507921685,1,0.95,1.0,0.0
-0.1451849507921685,1,0.95,1.0,0.0
-0.1451849507921685,1,0.95,1.0,0.0
-0.1451849507921685,1,0.95,1.0,0.0
-0.1451849507921685,1,0.95,1.0,0.0
-0.1451849507921685,1,0.95,1.0,0.0
-0.1451849507921685,1,0.95,1.0,0.0
-0.1451849507921685,1,0.95,1.0,0.0
-0.1451849507921685,1,0.95,1.0,0.0
-0.1451849507921685,1,0.95,1.0,0.0
-0.1451849507921685,1,0.95,1.0,0.0
-0.1451849507921685,1,0.95,1.0,0.0
-0.1451849507921685,1,0.95,1.0,0.0
-0.1451849507921685,1,0.95,1.0,0.0
1.0004151635690184,1,0.95,1.0,0.0
0.9255393391009673,1,0.95,1.0,0.0
-0.1451849507921685,1,0.95,1.0,0.0
-0.1451849507921685,1,0.95,1.0,0.0
-0.1451849507921685,1,0.95,1.0,0.0
-0.1451849507921685,1,0.95,1.0,0.0
-0.1451849507921685,1,0.95,1.0,0.0
-0.1451849507921685,1,0.95,1.0,0.0
-0.1451849507921685,1,0.95,1.0,0.0
-0.1451849507921685,1,0.95,1.0,0.0
-0.1451849507921685,1,0.95,1.0,0.0
-0.1451849507921685,1,0.95,1.0,0.0
-0.1451849507921685,1,0.95,1.0,0.0
-0.1451849507921685,1,0.95,1.0,0.0
-0.1451849507921685,1,0.95,1.0,0.0
-0.1451849507921685,1,0.95,1.0,0.0
-0.1451849507921685,1,0.95,1.0,0.0
-0.1451849507921685,1,0.95,1.0,0.0
-0.1451849507921685,1,0.95,1.0,0.0
-0.1451849507921685,1,0.95,1.0,0.0
-0.1451849507921685,1,0.95,1.0,0.0
-0.1451849507921685,1,0.95,1.0,0.0
-0.1451849507921685,1,0.95,1.0,0.0
-0.1451849507921685,1,0.95,1.0,0.0
-0.1451849507921685,1,0.95,1.0,0.0
-0.1451849507921685,1,0.95,1.0,0.0
-0.1451849507921685,1,0.95,1.0,0.0
-0.1451849507921685,1,0.95,1.0,0.0
-0.1451849507921685,1,0.95,1.0,0.0
-0.1451849507921685,1,0.95,1.0,0.0
-0.1451849507921685,1,0.95,1.0,0.0
-0.1451849507921685,1,0.95,1.0,0.0
-0.1451849507921685,1,0.95,1.0,0.0
-0.1451849507921685,1,0.95,1.0,0.0
-0.1451849507921685,1,0.95,1.0,0.0
-0.1451849507921685,1,0.95,1.0,0.0
-0.1451849507921685,1,0.95,1.0,0.0
-0.1451849507921685,1,0.95,1.0,0.0
-0.1451849507921685,1,0.95,1.0,0.0
-0.1451849507921685,1,0.95,1.0,0.0
-0.1451849507921685,1,0.95,1.0,0.0
-0.1451849507921685,1,0.95,1.0,0.0
-0.1451849507921685,1,0.95,1.0,0.0
0.9330269215477724,1,0.95,1.0,0.0
0.9330269215477724,1,0.95,1.0,0.0
0.9105641742073568,1,0.95,1.0,0.0
0.9105641742073568,1,0.95,1.0,0.0
-0.1451849507921685,1,0.95,1.0,0.0
-0.1451849507921685,1,0.95,1.0,0.0
-0.1451849507921685,1,0.95,1.0,0.0
-0.1451849507921685,1,0.95,1.0,0.0
-0.1451849507921685,1,0.95,1.0,0.0
-0.1451849507921685,1,0.95,1.0,0.0
-0.1451849507921685,1,0.95,1.0,0.0
-0.1451849507921685,1,0.95,1.0,0.0
-0.1451849507921685,1,0.95,1.0,0.0
-0.1451849507921685,1,0.95,1.0,0.0
-0.1451849507921685,1,0.95,1.0,0.0
-0.1451849507921685,1,0.95,1.0,0.0
-0.1451849507921685,1,0.95,1.0,0.0
-0.1451849507921685,1,0.95,1.0,0.0
-0.1451849507921685,1,0.95,1.0,0.0
-0.1451849507921685,1,0.95,1.0,0.0
-0.1451849507921685,1,0.95,1.0,0.0
-0.1451849507921685,1,0.95,1.0,0.0
-0.1451849507921685,1,0.95,1.0,0.0
-0.1451849507921685,1,0.95,1.0,0.0
-0.1451849507921685,1,0.95,1.0,0.0
-0.1451849507921685,1,0.95,1.0,0.0
-0.1451849507921685,1,0.95,1.0,0.0
-0.1451849507921685,1,0.95,1.0,0.0
-0.1451849507921685,1,0.95,1.0,0.0
-0.1451849507921685,1,0.95,1.0,0.0
-0.1451849507921685,1,0.95,1.0,0.0
-0.1451849507921685,1,0.95,1.0,0.0
-0.1451849507921685,1,0.95,1.0,0.0
-0.1451849507921685,1,0.95,1.0,0.0
-0.1451849507921685,1,0.95,1.0,0.0
-0.1451849507921685,1,0.95,1.0,0.0
-0.1451849507921685,1,0.95,1.0,0.0
-0.1451849507921685,1,0.95,1.0,0.0
-0.1451849507921685,1,0.95,1.0,0.0
-0.1451849507921685,1,0.95,1.0,0.0
-0.1451849507921685,1,0.95,1.0,0.0
-0.1451849507921685,1,0.95,1.0,0.0
-0.1451849507921685,1,0.95,1.0,0.0
0.9405145039945774,1,0.95,1.0,0.0
0.9405145039945774,1,0.95,1.0,0.0
0.9180517566541619,1,0.95,1.0,0.0
0.9105641742073568,1,0.95,1.0,0.0
0.8955890093137465,1,0.95,1.0,0.0
-0.1451849507921685,1,0.95,1.0,0.0
-0.1451849507921685,1,0.95,1.0,0.0
-0.1451849507921685,1,0.95,1.0,0.0
-0.1451849507921685,1,0.95,1.0,0.0
-0.1451849507921685,1,0.95,1.0,0.0
-0.1451849507921685,1,0.95,1.0,0.0
-0.1451849507921685,1,0.95,1.0,0.0
-0.1451849507921685,1,0.95,1.0,0.0
-0.1451849507921685,1,0.95,1.0,0.0
-0.1451849507921685,1,0.95,1.0,0.0
-0.1451849507921685,1,0.95,1.0,0.0
-0.1451849507921685,1,0.95,1.0,0.0
-0.1451849507921685,1,0.95,1.0,0.0
-0.1451849507921685,1,0.95,1.0,0.0
-0.1451849507921685,1,0.95,1.0,0.0
-0.1451849507921685,1,0.95,1.0,0.0
-0.1451849507921685,1,0.95,1.0,0.0
-0.1451849507921685,1,0.95,1.0,0.0
-0.1451849507921685,1,0.95,1.0,0.0
-0.1451849507921685,1,0.95,1.0,0.0
-0.1451849507921685,1,0.95,1.0,0.0
-0.1451849507921685,1,0.95,1.0,0.0
-0.1451849507921685,1,0.95,1.0,0.0
-0.1451849507921685,1,0.95,1.0,0.0
-0.1451849507921685,1,0.95,1.0,0.0
-0.1451849507921685,1,0.95,1.0,0.0
-0.1451849507921685,1,0.95,1.0,0.0
-0.1451849507921685,1,0.95,1.0,0.0
-0.1451849507921685,1,0.95,1.0,0.0
-0.1451849507921685,1,0.95,1.0,0.0
-0.1451849507921685,1,0.95,1.0,0.0
-0.1451849507921685,1,0.95,1.0,0.0
-0.1451849507921685,1,0.95,1.0,0.0
-0.1451849507921685,1,0.95,1.0,0.0
-0.1451849507921685,1,0.95,1.0,0.0
-0.1451849507921685,1,0.95,1.0,0.0
-0.1451849507921685,1,0.95,1.0,0.0
-0.1451849507921685,1,0.95,1.0,0.0
-0.1451849507921685,1,0.95,1.0,0.0
-0.1451849507921685,1,0.95,1.0,0.0
1.0453406582498492,1,0.95,1.0,0.0
-0.1451849507921685,1,0.95,1.0,0.0
-0.1451849507921685,1,0.95,1.0,0.0
-0.1451849507921685,1,0.95,1.0,0.0
-0.1451849507921685,1,0.95,1.0,0.0
-0.1451849507921685,1,0.95,1.0,0.0
-0.1451849507921685,1,0.95,1.0,0.0
-0.1451849507921685,1,0.95,1.0,0.0
-0.1451849507921685,1,0.95,1.0,0.0
-0.1451849507921685,1,0.95,1.0,0.0
-0.1451849507921685,1,0.95,1.0,0.0
-0.1451849507921685,1,0.95,1.0,0.0
-0.1451849507921685,1,0.95,1.0,0.0
-0.1451849507921685,1,0.95,1.0,0.0
-0.1451849507921685,1,0.95,1.0,0.0
-0.1451849507921685,1,0.95,1.0,0.0
-0.1451849507921685,1,0.95,1.0,0.0
-0.1451849507921685,1,0.95,1.0,0.0
-0.1451849507921685,1,0.95,1.0,0.0
-0.1451849507921685,1,0.95,1.0,0.0
-0.1451849507921685,1,0.95,1.0,0.0
-0.1451849507921685,1,0.95,1.0,0.0
-0.1451849507921685,1,0.95,1.0,0.0
-0.1451849507921685,1,0.95,1.0,0.0
-0.1451849507921685,1,0.95,1.0,0.0
-0.1451849507921685,1,0.95,1.0,0.0
-0.1451849507921685,1,0.95,1.0,0.0
-0.1451849507921685,1,0.95,1.0,0.0
-0.1451849507921685,1,0.95,1.0,0.0
-0.1451849507921685,1,0.95,1.0,0.0
-0.1451849507921685,1,0.95,1.0,0.0
-0.1451849507921685,1,0.95,1.0,0.0
-0.1451849507921685,1,0.95,1.0,0.0
-0.1451849507921685,1,0.95,1.0,0.0
-0.1451849507921685,1,0.95,1.0,0.0
-0.1451849507921685,1,0.95,1.0,0.0
-0.1451849507921685,1,0.95,1.0,0.0
-0.1451849507921685,1,0.95,1.0,0.0
-0.1451849507921685,1,0.95,1.0,0.0
-0.1451849507921685,1,0.95,1.0,0.0
-0.1451849507921685,1,0.95,1.0,0.0
0.9030765917605517,1,0.95,1.0,0.0
0.9030765917605517,1,0.95,1.0,0.0
0.8955890093137465,1,0.95,1.0,0.0
-0.1451849507921685,1,0.95,1.0,0.0
-0.1451849507921685,1,0.95,1.0,0.0
-0.1451849507921685,1,0.95,1.0,0.0
-0.1451849507921685,1,0.95,1.0,0.0
-0.1451849507921685,1,0.95,1.0,0.0
-0.1451849507921685,1,0.95,1.0,0.0
-0.1451849507921685,1,0.95,1.0,0.0
-0.1451849507921685,1,0.95,1.0,0.0
-0.1451849507921685,1,0.95,1.0,0.0
-0.1451849507921685,1,0.95,1.0,0.0
-0.1451849507921685,1,0.95,1.0,0.0
-0.1451849507921685,1,0.95,1.0,0.0
-0.1451849507921685,1,0.95,1.0,0.0
-0.1451849507921685,1,0.95,1.0,0.0
-0.1451849507921685,1,0.95,1.0,0.0
-0.1451849507921685,1,0.95,1.0,0.0
-0.1451849507921685,1,0.95,1.0,0.0
-0.1451849507921685,1,0.95,1.0,0.0
-0.1451849507921685,1,0.95,1.0,0.0
-0.1451849507921685,1,0.95,1.0,0.0
-0.1451849507921685,1,0.95,1.0,0.0
-0.1451849507921685,1,0.95,1.0,0.0
-0.1451849507921685,1,0.95,1.0,0.0
-0.1451849507921685,1,0.95,1.0,0.0
-0.1451849507921685,1,0.95,1.0,0.0
-0.1451849507921685,1,0.95,1.0,0.0
-0.1451849507921685,1,0.95,1.0,0.0
-0.1451849507921685,1,0.95,1.0,0.0
-0.1451849507921685,1,0.95,1.0,0.0
-0.1451849507921685,1,0.95,1.0,0.0
-0.1451849507921685,1,0.95,1.0,0.0
-0.1451849507921685,1,0.95,1.0,0.0
-0.1451849507921685,1,0.95,1.0,0.0
-0.1451849507921685,1,0.95,1.0,0.0
-0.1451849507921685,1,0.95,1.0,0.0
-0.1451849507921685,1,0.95,1.0,0.0
-0.1451849507921685,1,0.95,1.0,0.0
-0.1451849507921685,1,0.95,1.0,0.0
-0.1451849507921685,1,0.95,1.0,0.0
-0.1451849507921685,1,0.95,1.0,0.0
10.494669706117941,1,0.95,1.0,0.0
0.9704648337817978,1,0.95,1.0,0.0
0.9105641742073568,1,0.95,1.0,0.0
0.9030765917605517,1,0.95,1.0,0.0
0.8955890093137465,1,0.95,1.0,0.0
-0.1451849507921685,1,0.95,1.0,0.0
-0.1451849507921685,1,0.95,1.0,0.0
-0.1451849507921685,1,0.95,1.0,0.0
-0.1451849507921685,1,0.95,1.0,0.0
-0.1451849507921685,1,0.95,1.0,0.0
-0.1451849507921685,1,0.95,1.0,0.0
-0.1451849507921685,1,0.95,1.0,0.0
-0.1451849507921685,1,0.95,1.0,0.0
-0.1451849507921685,1,0.95,1.0,0.0
-0.1451849507921685,1,0.95,1.0,0.0
-0.1451849507921685,1,0.95,1.0,0.0
-0.1451849507921685,1,0.95,1.0,0.0
-0.1451849507921685,1,0.95,1.0,0.0
-0.1451849507921685,1,0.95,1.0,0.0
-0.1451849507921685,1,0.95,1.0,0.0
-0.1451849507921685,1,0.95,1.0,0.0
-0.1451849507921685,1,0.95,1.0,0.0
-0.1451849507921685,1,0.95,1.0,0.0
-0.1451849507921685,1,0.95,1.0,0.0
-0.1451849507921685,1,0.95,1.0,0.0
-0.1451849507921685,1,0.95,1.0,0.0
-0.1451849507921685,1,0.95,1.0,0.0
-0.1451849507921685,1,0.95,1.0,0.0
-0.1451849507921685,1,0.95,1.0,0.0
-0.1451849507921685,1,0.95,1.0,0.0
-0.1451849507921685,1,0.95,1.0,0.0
-0.1451849507921685,1,0.95,1.0,0.0
-0.1451849507921685,1,0.95,1.0,0.0
-0.1451849507921685,1,0.95,1.0,0.0
-0.1451849507921685,1,0.95,1.0,0.0
-0.1451849507921685,1,0.95,1.0,0.0
-0.1451849507921685,1,0.95,1.0,0.0
-0.1451849507921685,1,0.95,1.0,0.0
-0.1451849507921685,1,0.95,1.0,0.0
-0.1451849507921685,1,0.95,1.0,0.0
-0.1451849507921685,1,0.95,1.0,0.0
-0.1451849507921685,1,0.95,1.0,0.0
-0.1451849507921685,1,0.95,1.0,0.0
-0.1451849507921685,1,0.95,1.0,0.0
-0.1451849507921685,1,0.95,1.0,0.0
-0.1451849507921685,1,0.95,1.0,0.0
-0.1451849507921685,1,0.95,1.0,0.0
-0.1451849507921685,1,0.95,1.0,0.0
1.0453406582498492,1,0.95,1.0,0.0
0.9330269215477724,1,0.95,1.0,0.0
0.8881014268669414,1,0.95,1.0,0.0
0.8881014268669414,1,0.95,1.0,0.0
-0.1451849507921685,1,0.95,1.0,0.0
-0.1451849507921685,1,0.95,1.0,0.0
-0.1451849507921685,1,0.95,1.0,0.0
-0.1451849507921685,1,0.95,1.0,0.0
-0.1451849507921685,1,0.95,1.0,0.0
-0.1451849507921685,1,0.95,1.0,0.0
-0.1451849507921685,1,0.95,1.0,0.0
-0.1451849507921685,1,0.95,1.0,0.0
-0.1451849507921685,1,0.95,1.0,0.0
-0.1451849507921685,1,0.95,1.0,0.0
-0.1451849507921685,1,0.95,1.0,0.0
-0.1451849507921685,1,0.95,1.0,0.0
-0.1451849507921685,1,0.95,1.0,0.0
-0.1451849507921685,1,0.95,1.0,0.0
-0.1451849507921685,1,0.95,1.0,0.0
-0.1451849507921685,1,0.95,1.0,0.0
-0.1451849507921685,1,0.95,1.0,0.0
-0.1451849507921685,1,0.95,1.0,0.0
-0.1451849507921685,1,0.95,1.0,0.0
-0.1451849507921685,1,0.95,1.0,0.0
-0.1451849507921685,1,0.95,1.0,0.0
-0.1451849507921685,1,0.95,1.0,0.0
-0.1451849507921685,1,0.95,1.0,0.0
-0.1451849507921685,1,0.95,1.0,0.0
-0.1451849507921685,1,0.95,1.0,0.0
-0.1451849507921685,1,0.95,1.0,0.0
-0.1451849507921685,1,0.95,1.0,0.0
-0.1451849507921685,1,0.95,1.0,0.0
-0.1451849507921685,1,0.95,1.0,0.0
-0.1451849507921685,1,0.95,1.0,0.0
-0.1451849507921685,1,0.95,1.0,0.0
-0.1451849507921685,1,0.95,1.0,0.0
-0.1451849507921685,1,0.95,1.0,0.0
-0.1451849507921685,1,0.95,1.0,0.0
-0.1451849507921685,1,0.95,1.0,0.0
-0.1451849507921685,1,0.95,1.0,0.0
-0.1451849507921685,1,0.95,1.0,0.0
-0.1451849507921685,1,0.95,1.0,0.0
-0.1451849507921685,1,0.95,1.0,0.0
1.030365493356239,1,0.95,1.0,0.0
1.030365493356239,1,0.95,1.0,0.0
0.9180517566541619,1,0.95,1.0,0.0
0.9030765917605517,1,0.95,1.0,0.0
0.9030765917605517,1,0.95,1.0,0.0
0.8881014268669414,1,0.95,1.0,0.0
-0.1451849507921685,1,0.95,1.0,0.0
-0.1451849507921685,1,0.95,1.0,0.0
-0.1451849507921685,1,0.95,1.0,0.0
-0.1451849507921685,1,0.95,1.0,0.0
-0.1451849507921685,1,0.95,1.0,0.0
-0.1451849507921685,1,0.95,1.0,0.0
-0.1451849507921685,1,0.95,1.0,0.0
-0.1451849507921685,1,0.95,1.0,0.0
-0.1451849507921685,1,0.95,1.0,0.0
-0.1451849507921685,1,0.95,1.0,0.0
-0.1451849507921685,1,0.95,1.0,0.0
-0.1451849507921685,1,0.95,1.0,0.0
-0.1451849507921685,1,0.95,1.0,0.0
-0.1451849507921685,1,0.95,1.0,0.0
-0.1451849507921685,1,0.95,1.0,0.0
-0.1451849507921685,1,0.95,1.0,0.0
-0.1451849507921685,1,0.95,1.0,0.0
-0.1451849507921685,1,0.95,1.0,0.0
-0.1451849507921685,1,0.95,1.0,0.0
-0.1451849507921685,1,0.95,1.0,0.0
-0.1451849507921685,1,0.95,1.0,0.0
-0.1451849507921685,1,0.95,1.0,0.0
-0.1451849507921685,1,0.95,1.0,0.0
-0.1451849507921685,1,0.95,1.0,0.0
-0.1451849507921685,1,0.95,1.0,0.0
-0.1451849507921685,1,0.95,1.0,0.0
-0.1451849507921685,1,0.95,1.0,0.0
-0.1451849507921685,1,0.95,1.0,0.0
-0.1451849507921685,1,0.95,1.0,0.0
-0.1451849507921685,1,0.95,1.0,0.0
-0.1451849507921685,1,0.95,1.0,0.0
-0.1451849507921685,1,0.95,1.0,0.0
-0.1451849507921685,1,0.95,1.0,0.0
-0.1451849507921685,1,0.95,1.0,0.0
-0.1451849507921685,1,0.95,1.0,0.0
-0.1451849507921685,1,0.95,1.0,0.0
-0.1451849507921685,1,0.95,1.0,0.0
-0.1451849507921685,1,0.95,1.0,0.0
-0.1451849507921685,1,0.95,1.0,0.0
-0.1451849507921685,1,0.95,1.0,0.0
-0.1451849507921685,1,0.95,1.0,0.0
-0.1451849507921685,1,0.95,1.0,0.0
1.0378530758030442,1,0.95,1.0,0.0
0.9554896688881876,1,0.95,1.0,0.0
0.9105641742073568,1,0.95,1.0,0.0
-0.1451849507921685,1,0.95,1.0,0.0
-0.1451849507921685,1,0.95,1.0,0.0
-0.1451849507921685,1,0.95,1.0,0.0
-0.1451849507921685,1,0.95,1.0,0.0
-0.1451849507921685,1,0.95,1.0,0.0
-0.1451849507921685,1,0.95,1.0,0.0
-0.1451849507921685,1,0.95,1.0,0.0
-0.1451849507921685,1,0.95,1.0,0.0
-0.1451849507921685,1,0.95,1.0,0.0
-0.1451849507921685,1,0.95,1.0,0.0
-0.1451849507921685,1,0.95,1.0,0.0
-0.1451849507921685,1,0.95,1.0,0.0
-0.1451849507921685,1,0.95,1.0,0.0
-0.1451849507921685,1,0.95,1.0,0.0
-0.1451849507921685,1,0.95,1.0,0.0
-0.1451849507921685,1,0.95,1.0,0.0
-0.1451849507921685,1,0.95,1.0,0.0
-0.1451849507921685,1,0.95,1.0,0.0
-0.1451849507921685,1,0.95,1.0,0.0
-0.1451849507921685,1,0.95,1.0,0.0
-0.1451849507921685,1,0.95,1.0,0.0
-0.1451849507921685,1,0.95,1.0,0.0
-0.1451849507921685,1,0.95,1.0,0.0
-0.1451849507921685,1,0.95,1.0,0.0
-0.1451849507921685,1,0.95,1.0,0.0
-0.1451849507921685,1,0.95,1.0,0.0
-0.1451849507921685,1,0.95,1.0,0.0
-0.1451849507921685,1,0.95,1.0,0.0
-0.1451849507921685,1,0.95,1.0,0.0
-0.1451849507921685,1,0.95,1.0,0.0
-0.1451849507921685,1,0.95,1.0,0.0
-0.1451849507921685,1,0.95,1.0,0.0
-0.1451849507921685,1,0.95,1.0,0.0
-0.1451849507921685,1,0.95,1.0,0.0
-0.1451849507921685,1,0.95,1.0,0.0
-0.1451849507921685,1,0.95,1.0,0.0
-0.1451849507921685,1,0.95,1.0,0.0
-0.1451849507921685,1,0.95,1.0,0.0
-0.1451849507921685,1,0.95,1.0,0.0
-0.1451849507921685,1,0.95,1.0,0.0
-0.1451849507921685,1,0.95,1.0,0.0
0.9405145039945774,1,0.95,1.0,0.0
0.9405145039945774,1,0.95,1.0,0.0
0.9030765917605517,1,0.95,1.0,0.0
0.9030765917605517,1,0.95,1.0,0.0
0.8881014268669414,1,0.95,1.0,0.0
-0.1451849507921685,1,0.95,1.0,0.0
-0.1451849507921685,1,0.95,1.0,0.0
-0.1451849507921685,1,0.95,1.0,0.0
-0.1451849507921685,1,0.95,1.0,0.0
-0.1451849507921685,1,0.95,1.0,0.0
-0.1451849507921685,1,0.95,1.0,0.0
-0.1451849507921685,1,0.95,1.0,0.0
-0.1451849507921685,1,0.95,1.0,0.0
-0.1451849507921685,1,0.95,1.0,0.0
-0.1451849507921685,1,0.95,1.0,0.0
-0.1451849507921685,1,0.95,1.0,0.0
-0.1451849507921685,1,0.95,1.0,0.0
-0.1451849507921685,1,0.95,1.0,0.0
-0.1451849507921685,1,0.95,1.0,0.0
-0.1451849507921685,1,0.95,1.0,0.0
-0.1451849507921685,1,0.95,1.0,0.0
-0.1451849507921685,1,0.95,1.0,0.0
-0.1451849507921685,1,0.95,1.0,0.0
-0.1451849507921685,1,0.95,1.0,0.0
-0.1451849507921685,1,0.95,1.0,0.0
-0.1451849507921685,1,0.95,1.0,0.0
-0.1451849507921685,1,0.95,1.0,0.0
-0.1451849507921685,1,0.95,1.0,0.0
-0.1451849507921685,1,0.95,1.0,0.0
-0.1451849507921685,1,0.95,1.0,0.0
-0.1451849507921685,1,0.95,1.0,0.0
-0.1451849507921685,1,0.95,1.0,0.0
-0.1451849507921685,1,0.95,1.0,0.0
-0.1451849507921685,1,0.95,1.0,0.0
-0.1451849507921685,1,0.95,1.0,0.0
-0.1451849507921685,1,0.95,1.0,0.0
-0.1451849507921685,1,0.95,1.0,0.0
-0.1451849507921685,1,0.95,1.0,0.0
-0.1451849507921685,1,0.95,1.0,0.0
-0.1451849507921685,1,0.95,1.0,0.0
-0.1451849507921685,1,0.95,1.0,0.0
-0.1451849507921685,1,0.95,1.0,0.0
-0.1451849507921685,1,0.95,1.0,0.0
-0.1451849507921685,1,0.95,1.0,0.0
-0.1451849507921685,1,0.95,1.0,0.0
-0.1451849507921685,1,0.95,1.0,0.0
-0.1451849507921685,1,0.95,1.0,0.0
1.0453406582498492,1,0.95,1.0,0.0
0.9180517566541619,1,0.95,1.0,0.0
0.9030765917605517,1,0.95,1.0,0.0
-0.1451849507921685,1,0.95,1.0,0.0
-0.1451849507921685,1,0.95,1.0,0.0
-0.1451849507921685,1,0.95,1.0,0.0
-0.1451849507921685,1,0.95,1.0,0.0
-0.1451849507921685,1,0.95,1.0,0.0
-0.1451849507921685,1,0.95,1.0,0.0
-0.1451849507921685,1,0.95,1.0,0.0
-0.1451849507921685,1,0.95,1.0,0.0
-0.1451849507921685,1,0.95,1.0,0.0
-0.1451849507921685,1,0.95,1.0,0.0
-0.1451849507921685,1,0.95,1.0,0.0
-0.1451849507921685,1,0.95,1.0,0.0
-0.1451849507921685,1,0.95,1.0,0.0
-0.1451849507921685,1,0.95,1.0,0.0
-0.1451849507921685,1,0.95,1.0,0.0
-0.1451849507921685,1,0.95,1.0,0.0
-0.1451849507921685,1,0.95,1.0,0.0
-0.1451849507921685,1,0.95,1.0,0.0
-0.1451849507921685,1,0.95,1.0,0.0
-0.1451849507921685,1,0.95,1.0,0.0
-0.1451849507921685,1,0.95,1.0,0.0
-0.1451849507921685,1,0.95,1.0,0.0
-0.1451849507921685,1,0.95,1.0,0.0
-0.1451849507921685,1,0.95,1.0,0.0
-0.1451849507921685,1,0.95,1.0,0.0
-0.1451849507921685,1,0.95,1.0,0.0
-0.1451849507921685,1,0.95,1.0,0.0
-0.1451849507921685,1,0.95,1.0,0.0
-0.1451849507921685,1,0.95,1.0,0.0
-0.1451849507921685,1,0.95,1.0,0.0
-0.1451849507921685,1,0.95,1.0,0.0
-0.1451849507921685,1,0.95,1.0,0.0
-0.1451849507921685,1,0.95,1.0,0.0
-0.1451849507921685,1,0.95,1.0,0.0
-0.1451849507921685,1,0.95,1.0,0.0
-0.1451849507921685,1,0.95,1.0,0.0
-0.1451849507921685,1,0.95,1.0,0.0
-0.1451849507921685,1,0.95,1.0,0.0
-0.1451849507921685,1,0.95,1.0,0.0
-0.1451849507921685,1,0.95,1.0,0.0
-0.1451849507921685,1,0.95,1.0,0.0
0.9255393391009673,1,0.95,1.0,0.0
0.9255393391009673,1,0.95,1.0,0.0
0.9030765917605517,1,0.95,1.0,0.0
0.8955890093137465,1,0.95,1.0,0.0
0.880613844420136,1,0.95,1.0,0.0
-0.1451849507921685,1,0.95,1.0,0.0
-0.1451849507921685,1,0.95,1.0,0.0
-0.1451849507921685,1,0.95,1.0,0.0
-0.1451849507921685,1,0.95,1.0,0.0
-0.1451849507921685,1,0.95,1.0,0.0
-0.1451849507921685,1,0.95,1.0,0.0
-0.1451849507921685,1,0.95,1.0,0.0
-0.1451849507921685,1,0.95,1.0,0.0
-0.1451849507921685,1,0.95,1.0,0.0
-0.1451849507921685,1,0.95,1.0,0.0
-0.1451849507921685,1,0.95,1.0,0.0
-0.1451849507921685,1,0.95,1.0,0.0
-0.1451849507921685,1,0.95,1.0,0.0
-0.1451849507921685,1,0.95,1.0,0.0
-0.1451849507921685,1,0.95,1.0,0.0
-0.1451849507921685,1,0.95,1.0,0.0
-0.1451849507921685,1,0.95,1.0,0.0
-0.1451849507921685,1,0.95,1.0,0.0
-0.1451849507921685,1,0.95,1.0,0.0
-0.1451849507921685,1,0.95,1.0,0.0
-0.1451849507921685,1,0.95,1.0,0.0
-0.1451849507921685,1,0.95,1.0,0.0
-0.1451849507921685,1,0.95,1.0,0.0
-0.1451849507921685,1,0.95,1.0,0.0
-0.1451849507921685,1,0.95,1.0,0.0
-0.1451849507921685,1,0.95,1.0,0.0
-0.1451849507921685,1,0.95,1.0,0.0
-0.1451849507921685,1,0.95,1.0,0.0
-0.1451849507921685,1,0.95,1.0,0.0
-0.1451849507921685,1,0.95,1.0,0.0
-0.1451849507921685,1,0.95,1.0,0.0
-0.1451849507921685,1,0.95,1.0,0.0
-0.1451849507921685,1,0.95,1.0,0.0
-0.1451849507921685,1,0.95,1.0,0.0
-0.1451849507921685,1,0.95,1.0,0.0
-0.1451849507921685,1,0.95,1.0,0.0
-0.1451849507921685,1,0.95,1.0,0.0
-0.1451849507921685,1,0.95,1.0,0.0
-0.1451849507921685,1,0.95,1.0,0.0
-0.1451849507921685,1,0.95,1.0,0.0
-0.1451849507921685,1,0.95,1.0,0.0
1.0528282406966545,1,0.95,1.0,0.0
0.9180517566541619,1,0.95,1.0,0.0
0.8955890093137465,1,0.95,1.0,0.0
0.8955890093137465,1,0.95,1.0,0.0
-0.1451849507921685,1,0.95,1.0,0.0
-0.1451849507921685,1,0.95,1.0,0.0
-0.1451849507921685,1,0.95,1.0,0.0
-0.1451849507921685,1,0.95,1.0,0.0
-0.1451849507921685,1,0.95,1.0,0.0
-0.1451849507921685,1,0.95,1.0,0.0
-0.1451849507921685,1,0.95,1.0,0.0
-0.1451849507921685,1,0.95,1.0,0.0
-0.1451849507921685,1,0.95,1.0,0.0
-0.1451849507921685,1,0.95,1.0,0.0
-0.1451849507921685,1,0.95,1.0,0.0
-0.1451849507921685,1,0.95,1.0,0.0
-0.1451849507921685,1,0.95,1.0,0.0
-0.1451849507921685,1,0.95,1.0,0.0
-0.1451849507921685,1,0.95,1.0,0.0
-0.1451849507921685,1,0.95,1.0,0.0
-0.1451849507921685,1,0.95,1.0,0.0
-0.1451849507921685,1,0.95,1.0,0.0
-0.1451849507921685,1,0.95,1.0,0.0
-0.1451849507921685,1,0.95,1.0,0.0
-0.1451849507921685,1,0.95,1.0,0.0
-0.1451849507921685,1,0.95,1.0,0.0
-0.1451849507921685,1,0.95,1.0,0.0
-0.1451849507921685,1,0.95,1.0,0.0
-0.1451849507921685,1,0.95,1.0,0.0
-0.1451849507921685,1,0.95,1.0,0.0
-0.1451849507921685,1,0.95,1.0,0.0
-0.1451849507921685,1,0.95,1.0,0.0
-0.1451849507921685,1,0.95,1.0,0.0
-0.1451849507921685,1,0.95,1.0,0.0
-0.1451849507921685,1,0.95,1.0,0.0
-0.1451849507921685,1,0.95,1.0,0.0
-0.1451849507921685,1,0.95,1.0,0.0
-0.1451849507921685,1,0.95,1.0,0.0
-0.1451849507921685,1,0.95,1.0,0.0
-0.1451849507921685,1,0.95,1.0,0.0
-0.1451849507921685,1,0.95,1.0,0.0
-0.1451849507921685,1,0.95,1.0,0.0
-0.1451849507921685,1,0.95,1.0,0.0
-0.1451849507921685,1,0.95,1.0,0.0
-0.1451849507921685,1,0.95,1.0,0.0
-0.1451849507921685,1,0.95,1.0,0.0
0.9629772513349929,1,0.95,1.0,0.0
0.9629772513349929,1,0.95,1.0,0.0
0.9105641742073568,1,0.95,1.0,0.0
0.9030765917605517,1,0.95,1.0,0.0
0.8955890093137465,1,0.95,1.0,0.0
-0.1451849507921685,1,0.95,1.0,0.0
-0.1451849507921685,1,0.95,1.0,0.0
-0.1451849507921685,1,0.95,1.0,0.0
-0.1451849507921685,1,0.95,1.0,0.0
-0.1451849507921685,1,0.95,1.0,0.0
-0.1451849507921685,1,0.95,1.0,0.0
-0.1451849507921685,1,0.95,1.0,0.0
-0.1451849507921685,1,0.95,1.0,0.0
-0.1451849507921685,1,0.95,1.0,0.0
-0.1451849507921685,1,0.95,1.0,0.0
-0.1451849507921685,1,0.95,1.0,0.0
-0.1451849507921685,1,0.95,1.0,0.0
-0.1451849507921685,1,0.95,1.0,0.0
-0.1451849507921685,1,0.95,1.0,0.0
-0.1451849507921685,1,0.95,1.0,0.0
-0.1451849507921685,1,0.95,1.0,0.0
-0.1451849507921685,1,0.95,1.0,0.0
-0.1451849507921685,1,0.95,1.0,0.0
-0.1451849507921685,1,0.95,1.0,0.0
-0.1451849507921685,1,0.95,1.0,0.0
-0.1451849507921685,1,0.95,1.0,0.0
-0.1451849507921685,1,0.95,1.0,0.0
-0.1451849507921685,1,0.95,1.0,0.0
-0.1451849507921685,1,0.95,1.0,0.0
-0.1451849507921685,1,0.95,1.0,0.0
-0.1451849507921685,1,0.95,1.0,0.0
-0.1451849507921685,1,0.95,1.0,0.0
-0.1451849507921685,1,0.95,1.0,0.0
-0.1451849507921685,1,0.95,1.0,0.0
-0.1451849507921685,1,0.95,1.0,0.0
-0.1451849507921685,1,0.95,1.0,0.0
-0.1451849507921685,1,0.95,1.0,0.0
-0.1451849507921685,1,0.95,1.0,0.0
-0.1451849507921685,1,0.95,1.0,0.0
-0.1451849507921685,1,0.95,1.0,0.0
-0.1451849507921685,1,0.95,1.0,0.0
-0.1451849507921685,1,0.95,1.0,0.0
-0.1451849507921685,1,0.95,1.0,0.0
-0.1451849507921685,1,0.95,1.0,0.0
-0.1451849507921685,1,0.95,1.0,0.0
1.0453406582498492,1,0.95,1.0,0.0
0.9629772513349929,1,0.95,1.0,0.0
0.9180517566541619,1,0.95,1.0,0.0
0.8955890093137465,1,0.95,1.0,0.0
0.8955890093137465,1,0.95,1.0,0.0
-0.1451849507921685,1,0.95,1.0,0.0
-0.1451849507921685,1,0.95,1.0,0.0
-0.1451849507921685,1,0.95,1.0,0.0
-0.1451849507921685,1,0.95,1.0,0.0
-0.1451849507921685,1,0.95,1.0,0.0
-0.1451849507921685,1,0.95,1.0,0.0
-0.1451849507921685,1,0.95,1.0,0.0
-0.1451849507921685,1,0.95,1.0,0.0
-0.1451849507921685,1,0.95,1.0,0.0
-0.1451849507921685,1,0.95,1.0,0.0
-0.1451849507921685,1,0.95,1.0,0.0
-0.1451849507921685,1,0.95,1.0,0.0
-0.1451849507921685,1,0.95,1.0,0.0
-0.1451849507921685,1,0.95,1.0,0.0
-0.1451849507921685,1,0.95,1.0,0.0
-0.1451849507921685,1,0.95,1.0,0.0
-0.1451849507921685,1,0.95,1.0,0.0
-0.1451849507921685,1,0.95,1.0,0.0
-0.1451849507921685,1,0.95,1.0,0.0
-0.1451849507921685,1,0.95,1.0,0.0
-0.1451849507921685,1,0.95,1.0,0.0
-0.1451849507921685,1,0.95,1.0,0.0
-0.1451849507921685,1,0.95,1.0,0.0
-0.1451849507921685,1,0.95,1.0,0.0
-0.1451849507921685,1,0.95,1.0,0.0
-0.1451849507921685,1,0.95,1.0,0.0
-0.1451849507921685,1,0.95,1.0,0.0
-0.1451849507921685,1,0.95,1.0,0.0
-0.1451849507921685,1,0.95,1.0,0.0
-0.1451849507921685,1,0.95,1.0,0.0
-0.1451849507921685,1,0.95,1.0,0.0
-0.1451849507921685,1,0.95,1.0,0.0
-0.1451849507921685,1,0.95,1.0,0.0
-0.1451849507921685,1,0.95,1.0,0.0
-0.1451849507921685,1,0.95,1.0,0.0
-0.1451849507921685,1,0.95,1.0,0.0
-0.1451849507921685,1,0.95,1.0,0.0
0.9105641742073568,1,0.95,1.0,0.0
0.9105641742073568,1,0.95,1.0,0.0
0.9030765917605517,1,0.95,1.0,0.0
0.8881014268669414,1,0.95,1.0,0.0
-0.1451849507921685,1,0.95,1.0,0.0
-0.1451849507921685,1,0.95,1.0,0.0
-0.1451849507921685,1,0.95,1.0,0.0
-0.1451849507921685,1,0.95,1.0,0.0
-0.1451849507921685,1,0.95,1.0,0.0
-0.1451849507921685,1,0.95,1.0,0.0
-0.1451849507921685,1,0.95,1.0,0.0
-0.1451849507921685,1,0.95,1.0,0.0
-0.1451849507921685,1,0.95,1.0,0.0
-0.1451849507921685,1,0.95,1.0,0.0
-0.1451849507921685,1,0.95,1.0,0.0
-0.1451849507921685,1,0.95,1.0,0.0
-0.1451849507921685,1,0.95,1.0,0.0
-0.1451849507921685,1,0.95,1.0,0.0
-0.1451849507921685,1,0.95,1.0,0.0
-0.1451849507921685,1,0.95,1.0,0.0
-0.1451849507921685,1,0.95,1.0,0.0
-0.1451849507921685,1,0.95,1.0,0.0
-0.1451849507921685,1,0.95,1.0,0.0
-0.1451849507921685,1,0.95,1.0,0.0
-0.1451849507921685,1,0.95,1.0,0.0
-0.1451849507921685,1,0.95,1.0,0.0
-0.1451849507921685,1,0.95,1.0,0.0
-0.1451849507921685,1,0.95,1.0,0.0
-0.1451849507921685,1,0.95,1.0,0.0
-0.1451849507921685,1,0.95,1.0,0.0
-0.1451849507921685,1,0.95,1.0,0.0
-0.1451849507921685,1,0.95,1.0,0.0
-0.1451849507921685,1,0.95,1.0,0.0
-0.1451849507921685,1,0.95,1.0,0.0
-0.1451849507921685,1,0.95,1.0,0.0
-0.1451849507921685,1,0.95,1.0,0.0
-0.1451849507921685,1,0.95,1.0,0.0
-0.1451849507921685,1,0.95,1.0,0.0
0.3714582380373864,1,0.95,1.0,0.0
0.3714582380373864,1,0.95,1.0,0.0
7.260034089098119,1,0.95,1.0,0.0
7.2525465066513135,1,0.95,1.0,0.0
8.383171456118891,1,0.95,1.0,0.0
8.383171456118891,1,0.95,1.0,0.0
8.30829563165084,1,0.95,1.0,0.0
8.278345301863618,1,0.95,1.0,0.0
8.278345301863618,1,0.95,1.0,0.0
7.746726948140454,1,0.95,1.0,0.0
-0.13769736834536336,1,0.95,1.0,0.0
-0.13769736834536336,1,0.95,1.0,0.0
-0.13769736834536336,1,0.95,1.0,0.0
-0.13769736834536336,1,0.95,1.0,0.0
-0.13769736834536336,1,0.95,1.0,0.0
-0.13769736834536336,1,0.95,1.0,0.0
-0.13769736834536336,1,0.95,1.0,0.0
-0.13769736834536336,1,0.95,1.0,0.0
0.5062347220798791,1,0.95,1.0,0.0
0.5062347220798791,1,0.95,1.0,0.0
0.4987471396330739,1,0.95,1.0,0.0
0.4987471396330739,1,0.95,1.0,0.0
0.4987471396330739,1,0.95,1.0,0.0
0.49125955718626874,1,0.95,1.0,0.0
0.49125955718626874,1,0.95,1.0,0.0
0.4837719747394636,1,0.95,1.0,0.0
0.4837719747394636,1,0.95,1.0,0.0
0.4837719747394636,1,0.95,1.0,0.0
0.4837719747394636,1,0.95,1.0,0.0
0.4837719747394636,1,0.95,1.0,0.0
0.4837719747394636,1,0.95,1.0,0.0
0.4837719747394636,1,0.95,1.0,0.0
0.4837719747394636,1,0.95,1.0,0.0
0.4837719747394636,1,0.95,1.0,0.0
0.4837719747394636,1,0.95,1.0,0.0
0.4837719747394636,1,0.95,1.0,0.0
0.4837719747394636,1,0.95,1.0,0.0
0.4837719747394636,1,0.95,1.0,0.0
0.4837719747394636,1,0.95,1.0,0.0
0.9854399986754083,1,0.95,1.0,0.0
0.47628439229265845,1,0.95,1.0,0.0
0.47628439229265845,1,0.95,1.0,0.0
0.47628439229265845,1,0.95,1.0,0.0
0.47628439229265845,1,0.95,1.0,0.0
0.47628439229265845,1,0.95,1.0,0.0
0.4837719747394636,1,0.95,1.0,0.0
0.9779524162286032,1,0.95,1.0,0.0
0.43884648005863275,1,0.95,1.0,0.0
0.43884648005863275,1,0.95,1.0,0.0
0.4313588976118276,1,0.95,1.0,0.0
0.4313588976118276,1,0.95,1.0,0.0
1.5919341768666249,1,0.95,1.0,0.0
1.5170583523985735,1,0.95,1.0,0.0
2.0037512114409077,1,0.95,1.0,0.0
0.43884648005863275,1,0.95,1.0,0.0
0.43884648005863275,1,0.95,1.0,0.0
0.4313588976118276,1,0.95,1.0,0.0
0.43884648005863275,1,0.95,1.0,0.0
0.43884648005863275,1,0.95,1.0,0.0
0.43884648005863275,1,0.95,1.0,0.0
0.9330269215477724,1,0.95,1.0,0.0
0.43884648005863275,1,0.95,1.0,0.0
0.43884648005863275,1,0.95,1.0,0.0
0.4313588976118276,1,0.95,1.0,0.0
0.4313588976118276,1,0.95,1.0,0.0
0.4313588976118276,1,0.95,1.0,0.0
0.4313588976118276,1,0.95,1.0,0.0
0.9255393391009673,1,0.95,1.0,0.0
0.9255393391009673,1,0.95,1.0,0.0
0.4313588976118276,1,0.95,1.0,0.0
0.4313588976118276,1,0.95,1.0,0.0
0.4313588976118276,1,0.95,1.0,0.0
0.4313588976118276,1,0.95,1.0,0.0
0.9779524162286032,1,0.95,1.0,0.0
0.9854399986754083,1,0.95,1.0,0.0
0.9854399986754083,1,0.95,1.0,0.0
0.4837719747394636,1,0.95,1.0,0.0
0.47628439229265845,1,0.95,1.0,0.0
0.47628439229265845,1,0.95,1.0,0.0
0.47628439229265845,1,0.95,1.0,0.0
0.47628439229265845,1,0.95,1.0,0.0
0.9779524162286032,1,0.95,1.0,0.0
0.9779524162286032,1,0.95,1.0,0.0
0.9779524162286032,1,0.95,1.0,0.0
0.47628439229265845,1,0.95,1.0,0.0
0.47628439229265845,1,0.95,1.0,0.0
0.47628439229265845,1,0.95,1.0,0.0
0.47628439229265845,1,0.95,1.0,0.0
0.9779524162286032,1,0.95,1.0,0.0
0.9779524162286032,1,0.95,1.0,0.0
0.9854399986754083,1,0.95,1.0,0.0
0.47628439229265845,1,0.95,1.0,0.0
1.6218845066538456,1,0.95,1.0,0.0
1.6218845066538456,1,0.95,1.0,0.0
1.547008682185794,1,0.95,1.0,0.0
0.9854399986754083,1,0.95,1.0,0.0
0.9854399986754083,1,0.95,1.0,0.0
0.9779524162286032,1,0.95,1.0,0.0
0.9854399986754083,1,0.95,1.0,0.0
0.47628439229265845,1,0.95,1.0,0.0
-0.13769736834536336,1,0.95,1.0,0.0
-0.13769736834536336,1,0.95,1.0,0.0
0.3639706555905813,1,0.95,1.0,0.0
0.3639706555905813,1,0.95,1.0,0.0
0.3639706555905813,1,0.95,1.0,0.0
-0.13769736834536336,1,0.95,1.0,0.0
-0.13769736834536336,1,0.95,1.0,0.0
-0.13769736834536336,1,0.95,1.0,0.0
-0.13769736834536336,1,0.95,1.0,0.0
0.35648307314377614,1,0.95,1.0,0.0
0.35648307314377614,1,0.95,1.0,0.0
0.35648307314377614,1,0.95,1.0,0.0
0.35648307314377614,1,0.95,1.0,0.0
0.35648307314377614,1,0.95,1.0,0.0
-0.13769736834536336,1,0.95,1.0,0.0
-0.13769736834536336,1,0.95,1.0,0.0
0.3639706555905813,1,0.95,1.0,0.0
0.3639706555905813,1,0.95,1.0,0.0
0.3639706555905813,1,0.95,1.0,0.0
0.3639706555905813,1,0.95,1.0,0.0
0.3639706555905813,1,0.95,1.0,0.0
-0.13769736834536336,1,0.95,1.0,0.0
-0.13769736834536336,1,0.95,1.0,0.0
-0.13769736834536336,1,0.95,1.0,0.0
-0.13769736834536336,1,0.95,1.0,0.0
0.3639706555905813,1,0.95,1.0,0.0
0.3639706555905813,1,0.95,1.0,0.0
0.3639706555905813,1,0.95,1.0,0.0
-0.13769736834536336,1,0.95,1.0,0.0
-0.13769736834536336,1,0.95,1.0,0.0
-0.13769736834536336,1,0.95,1.0,0.0
-0.13769736834536336,1,0.95,1.0,0.0
0.3639706555905813,1,0.95,1.0,0.0
0.3639706555905813,1,0.95,1.0,0.0
0.3639706555905813,1,0.95,1.0,0.0
0.3639706555905813,1,0.95,1.0,0.0
1.569471429526209,1,0.95,1.0,0.0
0.9480020864413825,1,0.95,1.0,0.0
0.9105641742073568,1,0.95,1.0,0.0
0.9105641742073568,1,0.95,1.0,0.0
-0.13769736834536336,1,0.95,1.0,0.0
0.3639706555905813,1,0.95,1.0,0.0
0.3639706555905813,1,0.95,1.0,0.0
0.3639706555905813,1,0.95,1.0,0.0
-0.13769736834536336,1,0.95,1.0,0.0
-0.13769736834536336,1,0.95,1.0,0.0
-0.13769736834536336,1,0.95,1.0,0.0
-0.13769736834536336,1,0.95,1.0,0.0
0.3639706555905813,1,0.95,1.0,0.0
0.3639706555905813,1,0.95,1.0,0.0
0.3639706555905813,1,0.95,1.0,0.0
0.3639706555905813,1,0.95,1.0,0.0
-0.13769736834536336,1,0.95,1.0,0.0
-0.13769736834536336,1,0.95,1.0,0.0
-0.13769736834536336,1,0.95,1.0,0.0
0.3639706555905813,1,0.95,1.0,0.0
0.3639706555905813,1,0.95,1.0,0.0
0.35648307314377614,1,0.95,1.0,0.0
0.35648307314377614,1,0.95,1.0,0.0
-0.13769736834536336,1,0.95,1.0,0.0
-0.13769736834536336,1,0.95,1.0,0.0
-0.13769736834536336,1,0.95,1.0,0.0
0.3639706555905813,1,0.95,1.0,0.0
0.3639706555905813,1,0.95,1.0,0.0
0.3639706555905813,1,0.95,1.0,0.0
-0.13769736834536336,1,0.95,1.0,0.0
-0.13769736834536336,1,0.95,1.0,0.0
-0.13769736834536336,1,0.95,1.0,0.0
-0.13769736834536336,1,0.95,1.0,0.0
0.3639706555905813,1,0.95,1.0,0.0
0.3639706555905813,1,0.95,1.0,0.0
-0.13769736834536336,1,0.95,1.0,0.0
-0.13769736834536336,1,0.95,1.0,0.0
-0.13769736834536336,1,0.95,1.0,0.0
-0.13769736834536336,1,0.95,1.0,0.0
0.3639706555905813,1,0.95,1.0,0.0
1.547008682185794,1,0.95,1.0,0.0
1.4871080226113527,1,0.95,1.0,0.0
0.9180517566541619,1,0.95,1.0,0.0
0.9180517566541619,1,0.95,1.0,0.0
-0.13769736834536336,1,0.95,1.0,0.0
-0.13769736834536336,1,0.95,1.0,0.0
0.4987471396330739,1,0.95,1.0,0.0
0.9929275811222135,1,0.95,1.0,0.0
0.9929275811222135,1,0.95,1.0,0.0
0.49125955718626874,1,0.95,1.0,0.0
0.49125955718626874,1,0.95,1.0,0.0
0.4837719747394636,1,0.95,1.0,0.0
0.4837719747394636,1,0.95,1.0,0.0
0.4837719747394636,1,0.95,1.0,0.0
0.9854399986754083,1,0.95,1.0,0.0
0.9854399986754083,1,0.95,1.0,0.0
0.9779524162286032,1,0.95,1.0,0.0
0.47628439229265845,1,0.95,1.0,0.0
0.47628439229265845,1,0.95,1.0,0.0
0.47628439229265845,1,0.95,1.0,0.0
0.9779524162286032,1,0.95,1.0,0.0
0.9779524162286032,1,0.95,1.0,0.0
0.970464833781798,1,0.95,1.0,0.0
0.970464833781798,1,0.95,1.0,0.0
0.47628439229265845,1,0.95,1.0,0.0
0.47628439229265845,1,0.95,1.0,0.0
0.47628439229265845,1,0.95,1.0,0.0
0.47628439229265845,1,0.95,1.0,0.0
0.47628439229265845,1,0.95,1.0,0.0
0.970464833781798,1,0.95,1.0,0.0
0.970464833781798,1,0.95,1.0,0.0
0.47628439229265845,1,0.95,1.0,0.0
0.47628439229265845,1,0.95,1.0,0.0
0.42387131516502247,1,0.95,1.0,0.0
0.42387131516502247,1,0.95,1.0,0.0
0.4313588976118276,1,0.95,1.0,0.0
0.9330269215477724,1,0.95,1.0,0.0
0.9330269215477724,1,0.95,1.0,0.0
0.4313588976118276,1,0.95,1.0,0.0
0.4313588976118276,1,0.95,1.0,0.0
0.4313588976118276,1,0.95,1.0,0.0
0.4313588976118276,1,0.95,1.0,0.0
1.5095707699517682,1,0.95,1.0,0.0
2.0786270359089594,1,0.95,1.0,0.0
2.0187263763345182,1,0.95,1.0,0.0
1.9962636289941031,1,0.95,1.0,0.0
1.9962636289941031,1,0.95,1.0,0.0
0.4313588976118276,1,0.95,1.0,0.0
0.4313588976118276,1,0.95,1.0,0.0
0.4313588976118276,1,0.95,1.0,0.0
0.4313588976118276,1,0.95,1.0,0.0
0.9330269215477724,1,0.95,1.0,0.0
0.9330269215477724,1,0.95,1.0,0.0
0.9330269215477724,1,0.95,1.0,0.0
0.4313588976118276,1,0.95,1.0,0.0
0.4313588976118276,1,0.95,1.0,0.0
0.4313588976118276,1,0.95,1.0,0.0
0.4313588976118276,1,0.95,1.0,0.0
0.4313588976118276,1,0.95,1.0,0.0
0.9330269215477724,1,0.95,1.0,0.0
0.9330269215477724,1,0.95,1.0,0.0
0.970464833781798,1,0.95,1.0,0.0
0.970464833781798,1,0.95,1.0,0.0
0.47628439229265845,1,0.95,1.0,0.0
0.47628439229265845,1,0.95,1.0,0.0
0.47628439229265845,1,0.95,1.0,0.0
0.47628439229265845,1,0.95,1.0,0.0
0.970464833781798,1,0.95,1.0,0.0
0.970464833781798,1,0.95,1.0,0.0
0.47628439229265845,1,0.95,1.0,0.0
0.47628439229265845,1,0.95,1.0,0.0
0.47628439229265845,1,0.95,1.0,0.0
0.47628439229265845,1,0.95,1.0,0.0
0.47628439229265845,1,0.95,1.0,0.0
0.970464833781798,1,0.95,1.0,0.0
0.970464833781798,1,0.95,1.0,0.0
0.9779524162286032,1,0.95,1.0,0.0
0.47628439229265845,1,0.95,1.0,0.0
0.47628439229265845,1,0.95,1.0,0.0
0.47628439229265845,1,0.95,1.0,0.0
0.47628439229265845,1,0.95,1.0,0.0
0.970464833781798,1,0.95,1.0,0.0
0.970464833781798,1,0.95,1.0,0.0
0.9629772513349929,1,0.95,1.0,0.0
0.4687968098458532,1,0.95,1.0,0.0
1.6443472539942607,1,0.95,1.0,0.0
1.554496264632599,1,0.95,1.0,0.0
0.3714582380373864,1,0.95,1.0,0.0
0.3714582380373864,1,0.95,1.0,0.0
6.586151668885655,1,0.95,1.0,0.0
6.601126833779265,1,0.95,1.0,0.0
6.03955815026888,1,0.95,1.0,0.0
-0.12272220345175308,1,0.95,1.0,0.0
6.114433974736931,1,0.95,1.0,0.0
0.3714582380373864,1,0.95,1.0,0.0
0.3714582380373864,1,0.95,1.0,0.0
6.59363925133246,1,0.95,1.0,0.0
0.3714582380373864,1,0.95,1.0,0.0
0.5212098869734895,1,0.95,1.0,0.0
0.027029445484349796,1,0.95,1.0,0.0
0.027029445484349796,1,0.95,1.0,0.0
0.5286974694202945,1,0.95,1.0,0.0
0.5286974694202945,1,0.95,1.0,0.0
0.5286974694202945,1,0.95,1.0,0.0
0.3714582380373864,1,0.95,1.0,0.0
0.3714582380373864,1,0.95,1.0,0.0
0.027029445484349796,1,0.95,1.0,0.0
0.034517027931154944,1,0.95,1.0,0.0
12.493854219414917,1,0.95,1.0,0.0
12.493854219414917,1,0.95,1.0,0.0
19.337504575794817,1,0.95,1.0,0.0
13.025472573138082,1,0.95,1.0,0.0
13.205174551861406,1,0.95,1.0,0.0
13.205174551861406,1,0.95,1.0,0.0
12.681043780585043,1,0.95,1.0,0.0
12.681043780585043,1,0.95,1.0,0.0
0.0569797752715704,1,0.95,1.0,0.0
6.758366065162174,1,0.95,1.0,0.0
0.4014085678246071,1,0.95,1.0,0.0
0.4014085678246071,1,0.95,1.0,0.0
0.55116021676071,1,0.95,1.0,0.0
6.241722876332619,1,0.95,1.0,0.0
0.06446735771837549,1,0.95,1.0,0.0
0.06446735771837549,1,0.95,1.0,0.0
5.298287488035172,1,0.95,1.0,0.0
1.5844465944198196,1,0.95,1.0,0.0
1.5844465944198196,1,0.95,1.0,0.0
1.59942175931343,1,0.95,1.0,0.0
1.449670110377327,1,0.95,1.0,0.0
0.034517027931154944,1,0.95,1.0,0.0
0.034517027931154944,1,0.95,1.0,0.0
-0.12272220345175308,1,0.95,1.0,0.0
0.37894582048419156,1,0.95,1.0,0.0
0.5361850518670996,1,0.95,1.0,0.0
0.5661353816543202,1,0.95,1.0,0.0
0.37894582048419156,1,0.95,1.0,0.0
6.151871886970957,1,0.95,1.0,0.0
6.151871886970957,1,0.95,1.0,0.0
-0.12272220345175308,1,0.95,1.0,0.0
-0.12272220345175308,1,0.95,1.0,0.0
0.5286974694202945,1,0.95,1.0,0.0
5.859856171545556,1,0.95,1.0,0.0
0.37894582048419156,1,0.95,1.0,0.0
-0.12272220345175308,1,0.95,1.0,0.0
-0.12272220345175308,1,0.95,1.0,0.0
-0.12272220345175308,1,0.95,1.0,0.0
0.034517027931154944,1,0.95,1.0,0.0
0.55116021676071,1,0.95,1.0,0.0
0.37894582048419156,1,0.95,1.0,0.0
0.37894582048419156,1,0.95,1.0,0.0
6.219260128992204,1,0.95,1.0,0.0
6.219260128992204,1,0.95,1.0,0.0
-0.12272220345175308,1,0.95,1.0,0.0
-0.12272220345175308,1,0.95,1.0,0.0
0.034517027931154944,1,0.95,1.0,0.0
5.6876417752690385,1,0.95,1.0,0.0
0.37894582048419156,1,0.95,1.0,0.0
0.5361850518670996,1,0.95,1.0,0.0
-0.12272220345175308,1,0.95,1.0,0.0
-0.12272220345175308,1,0.95,1.0,0.0
0.034517027931154944,1,0.95,1.0,0.0
0.034517027931154944,1,0.95,1.0,0.0
-0.12272220345175308,1,0.95,1.0,0.0
0.37894582048419156,1,0.95,1.0,0.0
0.5361850518670996,1,0.95,1.0,0.0
1.030365493356239,1,0.95,1.0,0.0
1.030365493356239,1,0.95,1.0,0.0
1.1801171422923418,1,0.95,1.0,0.0
1.097753735377485,1,0.95,1.0,0.0
0.9554896688881876,1,0.95,1.0,0.0
1.5919341768666249,1,0.95,1.0,0.0
0.5361850518670996,1,0.95,1.0,0.0
0.034517027931154944,1,0.95,1.0,0.0
0.034517027931154944,1,0.95,1.0,0.0
6.151871886970957,1,0.95,1.0,0.0
-0.12272220345175308,1,0.95,1.0,0.0
-0.12272220345175308,1,0.95,1.0,0.0
0.5361850518670996,1,0.95,1.0,0.0
6.354036613034697,1,0.95,1.0,0.0
0.034517027931154944,1,0.95,1.0,0.0
0.034517027931154944,1,0.95,1.0,0.0
-0.12272220345175308,1,0.95,1.0,0.0
-0.12272220345175308,1,0.95,1.0,0.0
0.034517027931154944,1,0.95,1.0,0.0
0.6260360412287613,1,0.95,1.0,0.0
0.37894582048419156,1,0.95,1.0,0.0
6.211772546545399,1,0.95,1.0,0.0
6.211772546545399,1,0.95,1.0,0.0
-0.12272220345175308,1,0.95,1.0,0.0
-0.12272220345175308,1,0.95,1.0,0.0
0.034517027931154944,1,0.95,1.0,0.0
1.4421825279305218,1,0.95,1.0,0.0
0.3639706555905813,1,0.95,1.0,0.0
0.3639706555905813,1,0.95,1.0,0.0
-0.13769736834536336,1,0.95,1.0,0.0
0.01954186303754468,1,0.95,1.0,0.0
0.01954186303754468,1,0.95,1.0,0.0
-0.13769736834536336,1,0.95,1.0,0.0
0.43884648005863275,1,0.95,1.0,0.0
0.3639706555905813,1,0.95,1.0,0.0
0.3639706555905813,1,0.95,1.0,0.0
0.01954186303754468,1,0.95,1.0,0.0
0.01954186303754468,1,0.95,1.0,0.0
-0.13769736834536336,1,0.95,1.0,0.0
0.01954186303754468,1,0.95,1.0,0.0
0.01954186303754468,1,0.95,1.0,0.0
1.547008682185794,1,0.95,1.0,0.0
1.547008682185794,1,0.95,1.0,0.0
1.1651419773987315,1,0.95,1.0,0.0
1.0752909880370696,1,0.95,1.0,0.0
0.9405145039945774,1,0.95,1.0,0.0
1.0827785704838748,1,0.95,1.0,0.0
0.01954186303754468,1,0.95,1.0,0.0
0.5212098869734895,1,0.95,1.0,0.0
0.5212098869734895,1,0.95,1.0,0.0
0.5212098869734895,1,0.95,1.0,0.0
-0.13769736834536336,1,0.95,1.0,0.0
0.01954186303754468,1,0.95,1.0,0.0
0.01954186303754468,1,0.95,1.0,0.0
0.01954186303754468,1,0.95,1.0,0.0
0.5212098869734895,1,0.95,1.0,0.0
0.5212098869734895,1,0.95,1.0,0.0
0.3864334029309968,1,0.95,1.0,0.0
0.3639706555905813,1,0.95,1.0,0.0
0.01954186303754468,1,0.95,1.0,0.0
0.01954186303754468,1,0.95,1.0,0.0
-0.13769736834536336,1,0.95,1.0,0.0
0.5286974694202945,1,0.95,1.0,0.0
0.5286974694202945,1,0.95,1.0,0.0
0.3714582380373864,1,0.95,1.0,0.0
0.01954186303754468,1,0.95,1.0,0.0
0.01954186303754468,1,0.95,1.0,0.0
0.01954186303754468,1,0.95,1.0,0.0
-0.13769736834536336,1,0.95,1.0,0.0
0.3714582380373864,1,0.95,1.0,0.0
0.3714582380373864,1,0.95,1.0,0.0
0.3639706555905813,1,0.95,1.0,0.0
-0.1451849507921685,1,0.95,1.0,0.0
-0.1451849507921685,1,0.95,1.0,0.0
-0.1451849507921685,1,0.95,1.0,0.0
-0.1451849507921685,1,0.95,1.0,0.0
-0.1451849507921685,1,0.95,1.0,0.0
-0.1451849507921685,1,0.95,1.0,0.0
-0.1451849507921685,1,0.95,1.0,0.0
-0.1451849507921685,1,0.95,1.0,0.0
-0.1451849507921685,1,0.95,1.0,0.0
-0.1451849507921685,1,0.95,1.0,0.0
-0.1451849507921685,1,0.95,1.0,0.0
0.9405145039945774,1,0.95,1.0,0.0
0.9405145039945774,1,0.95,1.0,0.0
0.9330269215477724,1,0.95,1.0,0.0
0.9180517566541619,1,0.95,1.0,0.0
-0.1451849507921685,1,0.95,1.0,0.0
-0.1451849507921685,1,0.95,1.0,0.0
-0.1451849507921685,1,0.95,1.0,0.0
-0.1451849507921685,1,0.95,1.0,0.0
-0.1451849507921685,1,0.95,1.0,0.0
-0.1451849507921685,1,0.95,1.0,0.0
-0.1451849507921685,1,0.95,1.0,0.0
-0.1451849507921685,1,0.95,1.0,0.0
-0.1451849507921685,1,0.95,1.0,0.0
-0.1451849507921685,1,0.95,1.0,0.0
-0.1451849507921685,1,0.95,1.0,0.0
-0.1451849507921685,1,0.95,1.0,0.0
-0.1451849507921685,1,0.95,1.0,0.0
-0.1451849507921685,1,0.95,1.0,0.0
-0.1451849507921685,1,0.95,1.0,0.0
-0.1451849507921685,1,0.95,1.0,0.0
-0.1451849507921685,1,0.95,1.0,0.0
-0.1451849507921685,1,0.95,1.0,0.0
-0.1451849507921685,1,0.95,1.0,0.0
-0.1451849507921685,1,0.95,1.0,0.0
-0.1451849507921685,1,0.95,1.0,0.0
-0.1451849507921685,1,0.95,1.0,0.0
-0.1451849507921685,1,0.95,1.0,0.0
-0.1451849507921685,1,0.95,1.0,0.0
-0.1451849507921685,1,0.95,1.0,0.0
-0.1451849507921685,1,0.95,1.0,0.0
-0.1451849507921685,1,0.95,1.0,0.0
-0.1451849507921685,1,0.95,1.0,0.0
-0.1451849507921685,1,0.95,1.0,0.0
-0.1451849507921685,1,0.95,1.0,0.0
-0.1451849507921685,1,0.95,1.0,0.0
-0.1451849507921685,1,0.95,1.0,0.0
-0.1451849507921685,1,0.95,1.0,0.0
-0.1451849507921685,1,0.95,1.0,0.0
-0.1451849507921685,1,0.95,1.0,0.0
0.9405145039945774,1,0.95,1.0,0.0
0.9405145039945774,1,0.95,1.0,0.0
0.9330269215477724,1,0.95,1.0,0.0
0.9255393391009673,1,0.95,1.0,0.0
-0.1451849507921685,1,0.95,1.0,0.0
-0.1451849507921685,1,0.95,1.0,0.0
-0.1451849507921685,1,0.95,1.0,0.0
-0.1451849507921685,1,0.95,1.0,0.0
-0.1451849507921685,1,0.95,1.0,0.0
-0.1451849507921685,1,0.95,1.0,0.0
-0.1451849507921685,1,0.95,1.0,0.0
-0.1451849507921685,1,0.95,1.0,0.0
-0.1451849507921685,1,0.95,1.0,0.0
-0.1451849507921685,1,0.95,1.0,0.0
-0.1451849507921685,1,0.95,1.0,0.0
-0.1451849507921685,1,0.95,1.0,0.0
-0.1451849507921685,1,0.95,1.0,0.0
-0.1451849507921685,1,0.95,1.0,0.0
-0.1451849507921685,1,0.95,1.0,0.0
-0.1451849507921685,1,0.95,1.0,0.0
-0.1451849507921685,1,0.95,1.0,0.0
-0.1451849507921685,1,0.95,1.0,0.0
-0.1451849507921685,1,0.95,1.0,0.0
-0.1451849507921685,1,0.95,1.0,0.0
-0.1451849507921685,1,0.95,1.0,0.0
-0.1451849507921685,1,0.95,1.0,0.0
-0.1451849507921685,1,0.95,1.0,0.0
-0.1451849507921685,1,0.95,1.0,0.0
-0.1451849507921685,1,0.95,1.0,0.0
-0.1451849507921685,1,0.95,1.0,0.0
-0.1451849507921685,1,0.95,1.0,0.0
-0.1451849507921685,1,0.95,1.0,0.0
-0.1451849507921685,1,0.95,1.0,0.0
-0.1451849507921685,1,0.95,1.0,0.0
-0.1451849507921685,1,0.95,1.0,0.0
-0.1451849507921685,1,0.95,1.0,0.0
-0.1451849507921685,1,0.95,1.0,0.0
-0.1451849507921685,1,0.95,1.0,0.0
-0.1451849507921685,1,0.95,1.0,0.0
-0.1451849507921685,1,0.95,1.0,0.0
-0.1451849507921685,1,0.95,1.0,0.0
1.0603158231434595,1,0.95,1.0,0.0
0.9255393391009673,1,0.95,1.0,0.0
0.9255393391009673,1,0.95,1.0,0.0
-0.1451849507921685,1,0.95,1.0,0.0
-0.1451849507921685,1,0.95,1.0,0.0
-0.1451849507921685,1,0.95,1.0,0.0
-0.1451849507921685,1,0.95,1.0,0.0
-0.1451849507921685,1,0.95,1.0,0.0
-0.1451849507921685,1,0.95,1.0,0.0
-0.1451849507921685,1,0.95,1.0,0.0
-0.1451849507921685,1,0.95,1.0,0.0
-0.1451849507921685,1,0.95,1.0,0.0
-0.1451849507921685,1,0.95,1.0,0.0
-0.1451849507921685,1,0.95,1.0,0.0
-0.1451849507921685,1,0.95,1.0,0.0
-0.1451849507921685,1,0.95,1.0,0.0
-0.1451849507921685,1,0.95,1.0,0.0
-0.1451849507921685,1,0.95,1.0,0.0
-0.1451849507921685,1,0.95,1.0,0.0
-0.1451849507921685,1,0.95,1.0,0.0
-0.1451849507921685,1,0.95,1.0,0.0
-0.1451849507921685,1,0.95,1.0,0.0
-0.1451849507921685,1,0.95,1.0,0.0
-0.1451849507921685,1,0.95,1.0,0.0
-0.1451849507921685,1,0.95,1.0,0.0
-0.1451849507921685,1,0.95,1.0,0.0
-0.1451849507921685,1,0.95,1.0,0.0
-0.1451849507921685,1,0.95,1.0,0.0
-0.1451849507921685,1,0.95,1.0,0.0
-0.1451849507921685,1,0.95,1.0,0.0
-0.1451849507921685,1,0.95,1.0,0.0
-0.1451849507921685,1,0.95,1.0,0.0
-0.1451849507921685,1,0.95,1.0,0.0
-0.1451849507921685,1,0.95,1.0,0.0
-0.1451849507921685,1,0.95,1.0,0.0
-0.1451849507921685,1,0.95,1.0,0.0
-0.1451849507921685,1,0.95,1.0,0.0
-0.1451849507921685,1,0.95,1.0,0.0
-0.1451849507921685,1,0.95,1.0,0.0
-0.1451849507921685,1,0.95,1.0,0.0
-0.1451849507921685,1,0.95,1.0,0.0
1.0752909880370698,1,0.95,1.0,0.0
0.9629772513349929,1,0.95,1.0,0.0
0.9405145039945774,1,0.95,1.0,0.0
-0.1451849507921685,1,0.95,1.0,0.0
-0.1451849507921685,1,0.95,1.0,0.0
-0.1451849507921685,1,0.95,1.0,0.0
-0.1451849507921685,1,0.95,1.0,0.0
-0.1451849507921685,1,0.95,1.0,0.0
-0.1451849507921685,1,0.95,1.0,0.0
-0.1451849507921685,1,0.95,1.0,0.0
-0.1451849507921685,1,0.95,1.0,0.0
-0.1451849507921685,1,0.95,1.0,0.0
-0.1451849507921685,1,0.95,1.0,0.0
-0.1451849507921685,1,0.95,1.0,0.0
-0.1451849507921685,1,0.95,1.0,0.0
-0.1451849507921685,1,0.95,1.0,0.0
-0.1451849507921685,1,0.95,1.0,0.0
-0.1451849507921685,1,0.95,1.0,0.0
-0.1451849507921685,1,0.95,1.0,0.0
-0.1451849507921685,1,0.95,1.0,0.0
-0.1451849507921685,1,0.95,1.0,0.0
-0.1451849507921685,1,0.95,1.0,0.0
-0.1451849507921685,1,0.95,1.0,0.0
-0.1451849507921685,1,0.95,1.0,0.0
-0.1451849507921685,1,0.95,1.0,0.0
-0.1451849507921685,1,0.95,1.0,0.0
-0.1451849507921685,1,0.95,1.0,0.0
-0.1451849507921685,1,0.95,1.0,0.0
-0.1451849507921685,1,0.95,1.0,0.0
-0.1451849507921685,1,0.95,1.0,0.0
-0.1451849507921685,1,0.95,1.0,0.0
-0.1451849507921685,1,0.95,1.0,0.0
-0.1451849507921685,1,0.95,1.0,0.0
-0.1451849507921685,1,0.95,1.0,0.0
-0.1451849507921685,1,0.95,1.0,0.0
-0.1451849507921685,1,0.95,1.0,0.0
-0.1451849507921685,1,0.95,1.0,0.0
-0.1451849507921685,1,0.95,1.0,0.0
-0.1451849507921685,1,0.95,1.0,0.0
-0.1451849507921685,1,0.95,1.0,0.0
0.9480020864413825,1,0.95,1.0,0.0
0.9480020864413825,1,0.95,1.0,0.0
0.9330269215477724,1,0.95,1.0,0.0
-0.1451849507921685,1,0.95,1.0,0.0
-0.1451849507921685,1,0.95,1.0,0.0
-0.1451849507921685,1,0.95,1.0,0.0
-0.1451849507921685,1,0.95,1.0,0.0
-0.1451849507921685,1,0.95,1.0,0.0
-0.1451849507921685,1,0.95,1.0,0.0
-0.1451849507921685,1,0.95,1.0,0.0
-0.1451849507921685,1,0.95,1.0,0.0
-0.1451849507921685,1,0.95,1.0,0.0
-0.1451849507921685,1,0.95,1.0,0.0
-0.1451849507921685,1,0.95,1.0,0.0
-0.1451849507921685,1,0.95,1.0,0.0
-0.1451849507921685,1,0.95,1.0,0.0
-0.1451849507921685,1,0.95,1.0,0.0
-0.1451849507921685,1,0.95,1.0,0.0
-0.1451849507921685,1,0.95,1.0,0.0
-0.1451849507921685,1,0.95,1.0,0.0
-0.1451849507921685,1,0.95,1.0,0.0
-0.1451849507921685,1,0.95,1.0,0.0
-0.1451849507921685,1,0.95,1.0,0.0
-0.1451849507921685,1,0.95,1.0,0.0
-0.1451849507921685,1,0.95,1.0,0.0
-0.1451849507921685,1,0.95,1.0,0.0
-0.1451849507921685,1,0.95,1.0,0.0
-0.1451849507921685,1,0.95,1.0,0.0
-0.1451849507921685,1,0.95,1.0,0.0
-0.1451849507921685,1,0.95,1.0,0.0
-0.1451849507921685,1,0.95,1.0,0.0
-0.1451849507921685,1,0.95,1.0,0.0
-0.1451849507921685,1,0.95,1.0,0.0
-0.1451849507921685,1,0.95,1.0,0.0
-0.1451849507921685,1,0.95,1.0,0.0
-0.1451849507921685,1,0.95,1.0,0.0
-0.1451849507921685,1,0.95,1.0,0.0
-0.1451849507921685,1,0.95,1.0,0.0
-0.1451849507921685,1,0.95,1.0,0.0
-0.1451849507921685,1,0.95,1.0,0.0
-0.1451849507921685,1,0.95,1.0,0.0
-0.1451849507921685,1,0.95,1.0,0.0
1.0378530758030442,1,0.95,1.0,0.0
0.9854399986754081,1,0.95,1.0,0.0
0.9330269215477724,1,0.95,1.0,0.0
0.9330269215477724,1,0.95,1.0,0.0
-0.1451849507921685,1,0.95,1.0,0.0
-0.1451849507921685,1,0.95,1.0,0.0
-0.1451849507921685,1,0.95,1.0,0.0
-0.1451849507921685,1,0.95,1.0,0.0
-0.1451849507921685,1,0.95,1.0,0.0
-0.1451849507921685,1,0.95,1.0,0.0
-0.1451849507921685,1,0.95,1.0,0.0
-0.1451849507921685,1,0.95,1.0,0.0
-0.1451849507921685,1,0.95,1.0,0.0
-0.1451849507921685,1,0.95,1.0,0.0
-0.1451849507921685,1,0.95,1.0,0.0
-0.1451849507921685,1,0.95,1.0,0.0
-0.1451849507921685,1,0.95,1.0,0.0
-0.1451849507921685,1,0.95,1.0,0.0
-0.1451849507921685,1,0.95,1.0,0.0
-0.1451849507921685,1,0.95,1.0,0.0
-0.1451849507921685,1,0.95,1.0,0.0
-0.1451849507921685,1,0.95,1.0,0.0
-0.1451849507921685,1,0.95,1.0,0.0
-0.1451849507921685,1,0.95,1.0,0.0
-0.1451849507921685,1,0.95,1.0,0.0
-0.1451849507921685,1,0.95,1.0,0.0
-0.1451849507921685,1,0.95,1.0,0.0
-0.1451849507921685,1,0.95,1.0,0.0
-0.1451849507921685,1,0.95,1.0,0.0
-0.1451849507921685,1,0.95,1.0,0.0
-0.1451849507921685,1,0.95,1.0,0.0
-0.1451849507921685,1,0.95,1.0,0.0
-0.1451849507921685,1,0.95,1.0,0.0
-0.1451849507921685,1,0.95,1.0,0.0
-0.1451849507921685,1,0.95,1.0,0.0
-0.1451849507921685,1,0.95,1.0,0.0
-0.1451849507921685,1,0.95,1.0,0.0
-0.1451849507921685,1,0.95,1.0,0.0
-0.1451849507921685,1,0.95,1.0,0.0
1.0153903284626287,1,0.95,1.0,0.0
0.9330269215477724,1,0.95,1.0,0.0
0.9255393391009673,1,0.95,1.0,0.0
-0.1451849507921685,1,0.95,1.0,0.0
-0.1451849507921685,1,0.95,1.0,0.0
-0.1451849507921685,1,0.95,1.0,0.0
-0.1451849507921685,1,0.95,1.0,0.0
-0.1451849507921685,1,0.95,1.0,0.0
-0.1451849507921685,1,0.95,1.0,0.0
-0.1451849507921685,1,0.95,1.0,0.0
-0.1451849507921685,1,0.95,1.0,0.0
-0.1451849507921685,1,0.95,1.0,0.0
-0.1451849507921685,1,0.95,1.0,0.0
-0.1451849507921685,1,0.95,1.0,0.0
-0.1451849507921685,1,0.95,1.0,0.0
-0.1451849507921685,1,0.95,1.0,0.0
-0.1451849507921685,1,0.95,1.0,0.0
-0.1451849507921685,1,0.95,1.0,0.0
-0.1451849507921685,1,0.95,1.0,0.0
-0.1451849507921685,1,0.95,1.0,0.0
-0.1451849507921685,1,0.95,1.0,0.0
-0.1451849507921685,1,0.95,1.0,0.0
-0.1451849507921685,1,0.95,1.0,0.0
-0.1451849507921685,1,0.95,1.0,0.0
-0.1451849507921685,1,0.95,1.0,0.0
-0.1451849507921685,1,0.95,1.0,0.0
-0.1451849507921685,1,0.95,1.0,0.0
-0.1451849507921685,1,0.95,1.0,0.0
-0.1451849507921685,1,0.95,1.0,0.0
-0.1451849507921685,1,0.95,1.0,0.0
-0.1451849507921685,1,0.95,1.0,0.0
-0.1451849507921685,1,0.95,1.0,0.0
-0.1451849507921685,1,0.95,1.0,0.0
-0.1451849507921685,1,0.95,1.0,0.0
-0.1451849507921685,1,0.95,1.0,0.0
-0.1451849507921685,1,0.95,1.0,0.0
-0.1451849507921685,1,0.95,1.0,0.0
-0.1451849507921685,1,0.95,1.0,0.0
-0.1451849507921685,1,0.95,1.0,0.0
-0.1451849507921685,1,0.95,1.0,0.0
1.0528282406966545,1,0.95,1.0,0.0
0.9704648337817978,1,0.95,1.0,0.0
0.9255393391009673,1,0.95,1.0,0.0
0.9180517566541619,1,0.95,1.0,0.0
-0.1451849507921685,1,0.95,1.0,0.0
-0.1451849507921685,1,0.95,1.0,0.0
-0.1451849507921685,1,0.95,1.0,0.0
-0.1451849507921685,1,0.95,1.0,0.0
-0.1451849507921685,1,0.95,1.0,0.0
-0.1451849507921685,1,0.95,1.0,0.0
-0.1451849507921685,1,0.95,1.0,0.0
-0.1451849507921685,1,0.95,1.0,0.0
-0.1451849507921685,1,0.95,1.0,0.0
-0.1451849507921685,1,0.95,1.0,0.0
-0.1451849507921685,1,0.95,1.0,0.0
-0.1451849507921685,1,0.95,1.0,0.0
-0.1451849507921685,1,0.95,1.0,0.0
-0.1451849507921685,1,0.95,1.0,0.0
-0.1451849507921685,1,0.95,1.0,0.0
-0.1451849507921685,1,0.95,1.0,0.0
-0.1451849507921685,1,0.95,1.0,0.0
-0.1451849507921685,1,0.95,1.0,0.0
-0.1451849507921685,1,0.95,1.0,0.0
-0.1451849507921685,1,0.95,1.0,0.0
-0.1451849507921685,1,0.95,1.0,0.0
-0.1451849507921685,1,0.95,1.0,0.0
-0.1451849507921685,1,0.95,1.0,0.0
-0.1451849507921685,1,0.95,1.0,0.0
-0.1451849507921685,1,0.95,1.0,0.0
-0.1451849507921685,1,0.95,1.0,0.0
-0.1451849507921685,1,0.95,1.0,0.0
-0.1451849507921685,1,0.95,1.0,0.0
-0.1451849507921685,1,0.95,1.0,0.0
-0.1451849507921685,1,0.95,1.0,0.0
-0.1451849507921685,1,0.95,1.0,0.0
-0.1451849507921685,1,0.95,1.0,0.0
-0.1451849507921685,1,0.95,1.0,0.0
-0.1451849507921685,1,0.95,1.0,0.0
-0.1451849507921685,1,0.95,1.0,0.0
-0.1451849507921685,1,0.95,1.0,0.0
-0.1451849507921685,1,0.95,1.0,0.0
-0.1451849507921685,1,0.95,1.0,0.0
-0.1451849507921685,1,0.95,1.0,0.0
-0.1451849507921685,1,0.95,1.0,0.0
-0.1451849507921685,1,0.95,1.0,0.0
1.0153903284626287,1,0.95,1.0,0.0
0.9405145039945774,1,0.95,1.0,0.0
-0.1451849507921685,1,0.95,1.0,0.0
-0.1451849507921685,1,0.95,1.0,0.0
-0.1451849507921685,1,0.95,1.0,0.0
-0.1451849507921685,1,0.95,1.0,0.0
-0.1451849507921685,1,0.95,1.0,0.0
-0.1451849507921685,1,0.95,1.0,0.0
-0.1451849507921685,1,0.95,1.0,0.0
-0.1451849507921685,1,0.95,1.0,0.0
-0.1451849507921685,1,0.95,1.0,0.0
-0.1451849507921685,1,0.95,1.0,0.0
-0.1451849507921685,1,0.95,1.0,0.0
-0.1451849507921685,1,0.95,1.0,0.0
-0.1451849507921685,1,0.95,1.0,0.0
-0.1451849507921685,1,0.95,1.0,0.0
-0.1451849507921685,1,0.95,1.0,0.0
-0.1451849507921685,1,0.95,1.0,0.0
-0.1451849507921685,1,0.95,1.0,0.0
-0.1451849507921685,1,0.95,1.0,0.0
-0.1451849507921685,1,0.95,1.0,0.0
-0.1451849507921685,1,0.95,1.0,0.0
-0.1451849507921685,1,0.95,1.0,0.0
-0.1451849507921685,1,0.95,1.0,0.0
-0.1451849507921685,1,0.95,1.0,0.0
-0.1451849507921685,1,0.95,1.0,0.0
-0.1451849507921685,1,0.95,1.0,0.0
-0.1451849507921685,1,0.95,1.0,0.0
-0.1451849507921685,1,0.95,1.0,0.0
-0.1451849507921685,1,0.95,1.0,0.0
-0.1451849507921685,1,0.95,1.0,0.0
-0.1451849507921685,1,0.95,1.0,0.0
-0.1451849507921685,1,0.95,1.0,0.0
-0.1451849507921685,1,0.95,1.0,0.0
-0.1451849507921685,1,0.95,1.0,0.0
-0.1451849507921685,1,0.95,1.0,0.0
-0.1451849507921685,1,0.95,1.0,0.0
-0.1451849507921685,1,0.95,1.0,0.0
-0.1451849507921685,1,0.95,1.0,0.0
-0.1451849507921685,1,0.95,1.0,0.0
1.0528282406966545,1,0.95,1.0,0.0
1.0528282406966545,1,0.95,1.0,0.0
0.9629772513349929,1,0.95,1.0,0.0
0.9255393391009673,1,0.95,1.0,0.0
-0.1451849507921685,1,0.95,1.0,0.0
-0.1451849507921685,1,0.95,1.0,0.0
-0.1451849507921685,1,0.95,1.0,0.0
-0.1451849507921685,1,0.95,1.0,0.0
-0.1451849507921685,1,0.95,1.0,0.0
-0.1451849507921685,1,0.95,1.0,0.0
-0.1451849507921685,1,0.95,1.0,0.0
-0.1451849507921685,1,0.95,1.0,0.0
-0.1451849507921685,1,0.95,1.0,0.0
-0.1451849507921685,1,0.95,1.0,0.0
-0.1451849507921685,1,0.95,1.0,0.0
-0.1451849507921685,1,0.95,1.0,0.0
-0.1451849507921685,1,0.95,1.0,0.0
-0.1451849507921685,1,0.95,1.0,0.0
-0.1451849507921685,1,0.95,1.0,0.0
-0.1451849507921685,1,0.95,1.0,0.0
-0.1451849507921685,1,0.95,1.0,0.0
-0.1451849507921685,1,0.95,1.0,0.0
-0.1451849507921685,1,0.95,1.0,0.0
-0.1451849507921685,1,0.95,1.0,0.0
-0.1451849507921685,1,0.95,1.0,0.0
-0.1451849507921685,1,0.95,1.0,0.0
-0.1451849507921685,1,0.95,1.0,0.0
-0.1451849507921685,1,0.95,1.0,0.0
-0.1451849507921685,1,0.95,1.0,0.0
-0.1451849507921685,1,0.95,1.0,0.0
-0.1451849507921685,1,0.95,1.0,0.0
-0.1451849507921685,1,0.95,1.0,0.0
-0.1451849507921685,1,0.95,1.0,0.0
-0.1451849507921685,1,0.95,1.0,0.0
-0.1451849507921685,1,0.95,1.0,0.0
-0.1451849507921685,1,0.95,1.0,0.0
-0.1451849507921685,1,0.95,1.0,0.0
-0.1451849507921685,1,0.95,1.0,0.0
-0.1451849507921685,1,0.95,1.0,0.0
-0.1451849507921685,1,0.95,1.0,0.0
-0.1451849507921685,1,0.95,1.0,0.0
-0.1451849507921685,1,0.95,1.0,0.0
-0.1451849507921685,1,0.95,1.0,0.0
-0.1451849507921685,1,0.95,1.0,0.0
-0.1451849507921685,1,0.95,1.0,0.0
-0.1451849507921685,1,0.95,1.0,0.0
1.0603158231434595,1,0.95,1.0,0.0
0.9405145039945774,1,0.95,1.0,0.0
0.9030765917605517,1,0.95,1.0,0.0
0.9030765917605517,1,0.95,1.0,0.0
-0.1451849507921685,1,0.95,1.0,0.0
-0.1451849507921685,1,0.95,1.0,0.0
-0.1451849507921685,1,0.95,1.0,0.0
-0.1451849507921685,1,0.95,1.0,0.0
-0.1451849507921685,1,0.95,1.0,0.0
-0.1451849507921685,1,0.95,1.0,0.0
-0.1451849507921685,1,0.95,1.0,0.0
-0.1451849507921685,1,0.95,1.0,0.0
-0.1451849507921685,1,0.95,1.0,0.0
-0.1451849507921685,1,0.95,1.0,0.0
-0.1451849507921685,1,0.95,1.0,0.0
-0.1451849507921685,1,0.95,1.0,0.0
-0.1451849507921685,1,0.95,1.0,0.0
-0.1451849507921685,1,0.95,1.0,0.0
-0.1451849507921685,1,0.95,1.0,0.0
-0.1451849507921685,1,0.95,1.0,0.0
-0.1451849507921685,1,0.95,1.0,0.0
-0.1451849507921685,1,0.95,1.0,0.0
-0.1451849507921685,1,0.95,1.0,0.0
-0.1451849507921685,1,0.95,1.0,0.0
-0.1451849507921685,1,0.95,1.0,0.0
-0.1451849507921685,1,0.95,1.0,0.0
-0.1451849507921685,1,0.95,1.0,0.0
-0.1451849507921685,1,0.95,1.0,0.0
-0.1451849507921685,1,0.95,1.0,0.0
-0.1451849507921685,1,0.95,1.0,0.0
-0.1451849507921685,1,0.95,1.0,0.0
-0.1451849507921685,1,0.95,1.0,0.0
-0.1451849507921685,1,0.95,1.0,0.0
-0.1451849507921685,1,0.95,1.0,0.0
-0.1451849507921685,1,0.95,1.0,0.0
-0.1451849507921685,1,0.95,1.0,0.0
-0.1451849507921685,1,0.95,1.0,0.0
-0.1451849507921685,1,0.95,1.0,0.0
-0.1451849507921685,1,0.95,1.0,0.0
-0.1451849507921685,1,0.95,1.0,0.0
-0.1451849507921685,1,0.95,1.0,0.0
-0.1451849507921685,1,0.95,1.0,0.0
1.0603158231434595,1,0.95,1.0,0.0
0.9180517566541619,1,0.95,1.0,0.0
0.9180517566541619,1,0.95,1.0,0.0
0.9030765917605517,1,0.95,1.0,0.0
-0.1451849507921685,1,0.95,1.0,0.0
-0.1451849507921685,1,0.95,1.0,0.0
-0.1451849507921685,1,0.95,1.0,0.0
-0.1451849507921685,1,0.95,1.0,0.0
-0.1451849507921685,1,0.95,1.0,0.0
-0.1451849507921685,1,0.95,1.0,0.0
-0.1451849507921685,1,0.95,1.0,0.0
-0.1451849507921685,1,0.95,1.0,0.0
-0.1451849507921685,1,0.95,1.0,0.0
-0.1451849507921685,1,0.95,1.0,0.0
-0.1451849507921685,1,0.95,1.0,0.0
-0.1451849507921685,1,0.95,1.0,0.0
-0.1451849507921685,1,0.95,1.0,0.0
-0.1451849507921685,1,0.95,1.0,0.0
-0.1451849507921685,1,0.95,1.0,0.0
-0.1451849507921685,1,0.95,1.0,0.0
-0.1451849507921685,1,0.95,1.0,0.0
-0.1451849507921685,1,0.95,1.0,0.0
-0.1451849507921685,1,0.95,1.0,0.0
-0.1451849507921685,1,0.95,1.0,0.0
-0.1451849507921685,1,0.95,1.0,0.0
-0.1451849507921685,1,0.95,1.0,0.0
-0.1451849507921685,1,0.95,1.0,0.0
-0.1451849507921685,1,0.95,1.0,0.0
-0.1451849507921685,1,0.95,1.0,0.0
-0.1451849507921685,1,0.95,1.0,0.0
-0.1451849507921685,1,0.95,1.0,0.0
-0.1451849507921685,1,0.95,1.0,0.0
-0.1451849507921685,1,0.95,1.0,0.0
-0.1451849507921685,1,0.95,1.0,0.0
-0.1451849507921685,1,0.95,1.0,0.0
-0.1451849507921685,1,0.95,1.0,0.0
-0.1451849507921685,1,0.95,1.0,0.0
-0.1451849507921685,1,0.95,1.0,0.0
-0.1451849507921685,1,0.95,1.0,0.0
-0.1451849507921685,1,0.95,1.0,0.0
-0.1451849507921685,1,0.95,1.0,0.0
-0.1451849507921685,1,0.95,1.0,0.0
-0.1451849507921685,1,0.95,1.0,0.0
1.0528282406966545,1,0.95,1.0,0.0
1.0528282406966545,1,0.95,1.0,0.0
0.9255393391009673,1,0.95,1.0,0.0
0.9255393391009673,1,0.95,1.0,0.0
0.9180517566541619,1,0.95,1.0,0.0
0.9030765917605517,1,0.95,1.0,0.0
-0.1451849507921685,1,0.95,1.0,0.0
-0.1451849507921685,1,0.95,1.0,0.0
-0.1451849507921685,1,0.95,1.0,0.0
-0.1451849507921685,1,0.95,1.0,0.0
-0.1451849507921685,1,0.95,1.0,0.0
-0.1451849507921685,1,0.95,1.0,0.0
-0.1451849507921685,1,0.95,1.0,0.0
-0.1451849507921685,1,0.95,1.0,0.0
-0.1451849507921685,1,0.95,1.0,0.0
-0.1451849507921685,1,0.95,1.0,0.0
-0.1451849507921685,1,0.95,1.0,0.0
-0.1451849507921685,1,0.95,1.0,0.0
-0.1451849507921685,1,0.95,1.0,0.0
-0.1451849507921685,1,0.95,1.0,0.0
-0.1451849507921685,1,0.95,1.0,0.0
-0.1451849507921685,1,0.95,1.0,0.0
-0.1451849507921685,1,0.95,1.0,0.0
-0.1451849507921685,1,0.95,1.0,0.0
-0.1451849507921685,1,0.95,1.0,0.0
-0.1451849507921685,1,0.95,1.0,0.0
-0.1451849507921685,1,0.95,1.0,0.0
-0.1451849507921685,1,0.95,1.0,0.0
-0.1451849507921685,1,0.95,1.0,0.0
-0.1451849507921685,1,0.95,1.0,0.0
-0.1451849507921685,1,0.95,1.0,0.0
-0.1451849507921685,1,0.95,1.0,0.0
-0.1451849507921685,1,0.95,1.0,0.0
-0.1451849507921685,1,0.95,1.0,0.0
-0.1451849507921685,1,0.95,1.0,0.0
-0.1451849507921685,1,0.95,1.0,0.0
-0.1451849507921685,1,0.95,1.0,0.0
-0.1451849507921685,1,0.95,1.0,0.0
-0.1451849507921685,1,0.95,1.0,0.0
-0.1451849507921685,1,0.95,1.0,0.0
-0.1451849507921685,1,0.95,1.0,0.0
-0.1451849507921685,1,0.95,1.0,0.0
0.9854399986754081,1,0.95,1.0,0.0
0.9854399986754081,1,0.95,1.0,0.0
0.9854399986754081,1,0.95,1.0,0.0
0.9255393391009673,1,0.95,1.0,0.0
0.9180517566541619,1,0.95,1.0,0.0
0.9030765917605517,1,0.95,1.0,0.0
-0.1451849507921685,1,0.95,1.0,0.0
-0.1451849507921685,1,0.95,1.0,0.0
-0.1451849507921685,1,0.95,1.0,0.0
-0.1451849507921685,1,0.95,1.0,0.0
-0.1451849507921685,1,0.95,1.0,0.0
-0.1451849507921685,1,0.95,1.0,0.0
-0.1451849507921685,1,0.95,1.0,0.0
-0.1451849507921685,1,0.95,1.0,0.0
-0.1451849507921685,1,0.95,1.0,0.0
-0.1451849507921685,1,0.95,1.0,0.0
-0.1451849507921685,1,0.95,1.0,0.0
-0.1451849507921685,1,0.95,1.0,0.0
-0.1451849507921685,1,0.95,1.0,0.0
-0.1451849507921685,1,0.95,1.0,0.0
-0.1451849507921685,1,0.95,1.0,0.0
-0.1451849507921685,1,0.95,1.0,0.0
-0.1451849507921685,1,0.95,1.0,0.0
-0.1451849507921685,1,0.95,1.0,0.0
-0.1451849507921685,1,0.95,1.0,0.0
-0.1451849507921685,1,0.95,1.0,0.0
-0.1451849507921685,1,0.95,1.0,0.0
-0.1451849507921685,1,0.95,1.0,0.0
-0.1451849507921685,1,0.95,1.0,0.0
-0.1451849507921685,1,0.95,1.0,0.0
-0.1451849507921685,1,0.95,1.0,0.0
-0.1451849507921685,1,0.95,1.0,0.0
-0.1451849507921685,1,0.95,1.0,0.0
-0.1451849507921685,1,0.95,1.0,0.0
-0.1451849507921685,1,0.95,1.0,0.0
-0.1451849507921685,1,0.95,1.0,0.0
-0.1451849507921685,1,0.95,1.0,0.0
-0.1451849507921685,1,0.95,1.0,0.0
-0.1451849507921685,1,0.95,1.0,0.0
-0.1451849507921685,1,0.95,1.0,0.0
-0.1451849507921685,1,0.95,1.0,0.0
-0.1451849507921685,1,0.95,1.0,0.0
-0.1451849507921685,1,0.95,1.0,0.0
-0.1451849507921685,1,0.95,1.0,0.0
1.0528282406966545,1,0.95,1.0,0.0
0.9405145039945774,1,0.95,1.0,0.0
0.9105641742073568,1,0.95,1.0,0.0
0.9105641742073568,1,0.95,1.0,0.0
-0.1451849507921685,1,0.95,1.0,0.0
-0.1451849507921685,1,0.95,1.0,0.0
-0.1451849507921685,1,0.95,1.0,0.0
-0.1451849507921685,1,0.95,1.0,0.0
-0.1451849507921685,1,0.95,1.0,0.0
-0.1451849507921685,1,0.95,1.0,0.0
-0.1451849507921685,1,0.95,1.0,0.0
-0.1451849507921685,1,0.95,1.0,0.0
-0.1451849507921685,1,0.95,1.0,0.0
-0.1451849507921685,1,0.95,1.0,0.0
-0.1451849507921685,1,0.95,1.0,0.0
-0.1451849507921685,1,0.95,1.0,0.0
-0.1451849507921685,1,0.95,1.0,0.0
-0.1451849507921685,1,0.95,1.0,0.0
-0.1451849507921685,1,0.95,1.0,0.0
-0.1451849507921685,1,0.95,1.0,0.0
-0.1451849507921685,1,0.95,1.0,0.0
-0.1451849507921685,1,0.95,1.0,0.0
-0.1451849507921685,1,0.95,1.0,0.0
-0.1451849507921685,1,0.95,1.0,0.0
-0.1451849507921685,1,0.95,1.0,0.0
-0.1451849507921685,1,0.95,1.0,0.0
-0.1451849507921685,1,0.95,1.0,0.0
-0.1451849507921685,1,0.95,1.0,0.0
-0.1451849507921685,1,0.95,1.0,0.0
-0.1451849507921685,1,0.95,1.0,0.0
-0.1451849507921685,1,0.95,1.0,0.0
-0.1451849507921685,1,0.95,1.0,0.0
-0.1451849507921685,1,0.95,1.0,0.0
-0.1451849507921685,1,0.95,1.0,0.0
-0.1451849507921685,1,0.95,1.0,0.0
-0.1451849507921685,1,0.95,1.0,0.0
-0.1451849507921685,1,0.95,1.0,0.0
-0.1451849507921685,1,0.95,1.0,0.0
-0.1451849507921685,1,0.95,1.0,0.0
-0.1451849507921685,1,0.95,1.0,0.0
-0.1451849507921685,1,0.95,1.0,0.0
-0.1451849507921685,1,0.95,1.0,0.0
-0.1451849507921685,1,0.95,1.0,0.0
1.0378530758030442,1,0.95,1.0,0.0
0.9554896688881876,1,0.95,1.0,0.0
0.9105641742073568,1,0.95,1.0,0.0
-0.1451849507921685,1,0.95,1.0,0.0
-0.1451849507921685,1,0.95,1.0,0.0
-0.1451849507921685,1,0.95,1.0,0.0
-0.1451849507921685,1,0.95,1.0,0.0
-0.1451849507921685,1,0.95,1.0,0.0
-0.1451849507921685,1,0.95,1.0,0.0
-0.1451849507921685,1,0.95,1.0,0.0
-0.1451849507921685,1,0.95,1.0,0.0
-0.1451849507921685,1,0.95,1.0,0.0
-0.1451849507921685,1,0.95,1.0,0.0
-0.1451849507921685,1,0.95,1.0,0.0
-0.1451849507921685,1,0.95,1.0,0.0
-0.1451849507921685,1,0.95,1.0,0.0
-0.1451849507921685,1,0.95,1.0,0.0
-0.1451849507921685,1,0.95,1.0,0.0
-0.1451849507921685,1,0.95,1.0,0.0
-0.1451849507921685,1,0.95,1.0,0.0
-0.1451849507921685,1,0.95,1.0,0.0
-0.1451849507921685,1,0.95,1.0,0.0
-0.1451849507921685,1,0.95,1.0,0.0
-0.1451849507921685,1,0.95,1.0,0.0
-0.1451849507921685,1,0.95,1.0,0.0
-0.1451849507921685,1,0.95,1.0,0.0
-0.1451849507921685,1,0.95,1.0,0.0
-0.1451849507921685,1,0.95,1.0,0.0
-0.1451849507921685,1,0.95,1.0,0.0
-0.1451849507921685,1,0.95,1.0,0.0
-0.1451849507921685,1,0.95,1.0,0.0
-0.1451849507921685,1,0.95,1.0,0.0
-0.1451849507921685,1,0.95,1.0,0.0
-0.1451849507921685,1,0.95,1.0,0.0
-0.1451849507921685,1,0.95,1.0,0.0
-0.1451849507921685,1,0.95,1.0,0.0
-0.1451849507921685,1,0.95,1.0,0.0
-0.1451849507921685,1,0.95,1.0,0.0
-0.1451849507921685,1,0.95,1.0,0.0
-0.1451849507921685,1,0.95,1.0,0.0
-0.1451849507921685,1,0.95,1.0,0.0
1.0453406582498492,1,0.95,1.0,0.0
0.9255393391009673,1,0.95,1.0,0.0
0.8881014268669414,1,0.95,1.0,0.0
0.8881014268669414,1,0.95,1.0,0.0
-0.1451849507921685,1,0.95,1.0,0.0
-0.1451849507921685,1,0.95,1.0,0.0
-0.1451849507921685,1,0.95,1.0,0.0
-0.1451849507921685,1,0.95,1.0,0.0
-0.1451849507921685,1,0.95,1.0,0.0
-0.1451849507921685,1,0.95,1.0,0.0
-0.1451849507921685,1,0.95,1.0,0.0
-0.1451849507921685,1,0.95,1.0,0.0
-0.1451849507921685,1,0.95,1.0,0.0
-0.1451849507921685,1,0.95,1.0,0.0
-0.1451849507921685,1,0.95,1.0,0.0
-0.1451849507921685,1,0.95,1.0,0.0
-0.1451849507921685,1,0.95,1.0,0.0
-0.1451849507921685,1,0.95,1.0,0.0
-0.1451849507921685,1,0.95,1.0,0.0
-0.1451849507921685,1,0.95,1.0,0.0
-0.1451849507921685,1,0.95,1.0,0.0
-0.1451849507921685,1,0.95,1.0,0.0
-0.1451849507921685,1,0.95,1.0,0.0
-0.1451849507921685,1,0.95,1.0,0.0
-0.1451849507921685,1,0.95,1.0,0.0
-0.1451849507921685,1,0.95,1.0,0.0
-0.1451849507921685,1,0.95,1.0,0.0
-0.1451849507921685,1,0.95,1.0,0.0
-0.1451849507921685,1,0.95,1.0,0.0
-0.1451849507921685,1,0.95,1.0,0.0
-0.1451849507921685,1,0.95,1.0,0.0
-0.1451849507921685,1,0.95,1.0,0.0
-0.1451849507921685,1,0.95,1.0,0.0
-0.1451849507921685,1,0.95,1.0,0.0
-0.1451849507921685,1,0.95,1.0,0.0
-0.1451849507921685,1,0.95,1.0,0.0
-0.1451849507921685,1,0.95,1.0,0.0
-0.1451849507921685,1,0.95,1.0,0.0
-0.1451849507921685,1,0.95,1.0,0.0
-0.1451849507921685,1,0.95,1.0,0.0
-0.1451849507921685,1,0.95,1.0,0.0
-0.1451849507921685,1,0.95,1.0,0.0
-0.1451849507921685,1,0.95,1.0,0.0
-0.1451849507921685,1,0.95,1.0,0.0
-0.1451849507921685,1,0.95,1.0,0.0
0.9180517566541619,1,0.95,1.0,0.0
0.9180517566541619,1,0.95,1.0,0.0
0.9105641742073568,1,0.95,1.0,0.0
-0.1451849507921685,1,0.95,1.0,0.0
-0.1451849507921685,1,0.95,1.0,0.0
-0.1451849507921685,1,0.95,1.0,0.0
-0.1451849507921685,1,0.95,1.0,0.0
-0.1451849507921685,1,0.95,1.0,0.0
-0.1451849507921685,1,0.95,1.0,0.0
-0.1451849507921685,1,0.95,1.0,0.0
-0.1451849507921685,1,0.95,1.0,0.0
-0.1451849507921685,1,0.95,1.0,0.0
-0.1451849507921685,1,0.95,1.0,0.0
-0.1451849507921685,1,0.95,1.0,0.0
-0.1451849507921685,1,0.95,1.0,0.0
-0.1451849507921685,1,0.95,1.0,0.0
-0.1451849507921685,1,0.95,1.0,0.0
-0.1451849507921685,1,0.95,1.0,0.0
-0.1451849507921685,1,0.95,1.0,0.0
-0.1451849507921685,1,0.95,1.0,0.0
-0.1451849507921685,1,0.95,1.0,0.0
-0.1451849507921685,1,0.95,1.0,0.0
-0.1451849507921685,1,0.95,1.0,0.0
-0.1451849507921685,1,0.95,1.0,0.0
-0.1451849507921685,1,0.95,1.0,0.0
-0.1451849507921685,1,0.95,1.0,0.0
-0.1451849507921685,1,0.95,1.0,0.0
-0.1451849507921685,1,0.95,1.0,0.0
-0.1451849507921685,1,0.95,1.0,0.0
-0.1451849507921685,1,0.95,1.0,0.0
-0.1451849507921685,1,0.95,1.0,0.0
-0.1451849507921685,1,0.95,1.0,0.0
-0.1451849507921685,1,0.95,1.0,0.0
-0.1451849507921685,1,0.95,1.0,0.0
-0.1451849507921685,1,0.95,1.0,0.0
-0.1451849507921685,1,0.95,1.0,0.0
-0.1451849507921685,1,0.95,1.0,0.0
-0.1451849507921685,1,0.95,1.0,0.0
-0.1451849507921685,1,0.95,1.0,0.0
-0.1451849507921685,1,0.95,1.0,0.0
0.9330269215477724,1,0.95,1.0,0.0
0.9330269215477724,1,0.95,1.0,0.0
0.9180517566541619,1,0.95,1.0,0.0
0.9105641742073568,1,0.95,1.0,0.0
-0.1451849507921685,1,0.95,1.0,0.0
-0.1451849507921685,1,0.95,1.0,0.0
-0.1451849507921685,1,0.95,1.0,0.0
-0.1451849507921685,1,0.95,1.0,0.0
-0.1451849507921685,1,0.95,1.0,0.0
-0.1451849507921685,1,0.95,1.0,0.0
-0.1451849507921685,1,0.95,1.0,0.0
-0.1451849507921685,1,0.95,1.0,0.0
-0.1451849507921685,1,0.95,1.0,0.0
-0.1451849507921685,1,0.95,1.0,0.0
-0.1451849507921685,1,0.95,1.0,0.0
-0.1451849507921685,1,0.95,1.0,0.0
-0.1451849507921685,1,0.95,1.0,0.0
-0.1451849507921685,1,0.95,1.0,0.0
-0.1451849507921685,1,0.95,1.0,0.0
-0.1451849507921685,1,0.95,1.0,0.0
-0.1451849507921685,1,0.95,1.0,0.0
-0.1451849507921685,1,0.95,1.0,0.0
-0.1451849507921685,1,0.95,1.0,0.0
-0.1451849507921685,1,0.95,1.0,0.0
-0.1451849507921685,1,0.95,1.0,0.0
-0.1451849507921685,1,0.95,1.0,0.0
-0.1451849507921685,1,0.95,1.0,0.0
-0.1451849507921685,1,0.95,1.0,0.0
-0.1451849507921685,1,0.95,1.0,0.0
-0.1451849507921685,1,0.95,1.0,0.0
-0.1451849507921685,1,0.95,1.0,0.0
-0.1451849507921685,1,0.95,1.0,0.0
-0.1451849507921685,1,0.95,1.0,0.0
-0.1451849507921685,1,0.95,1.0,0.0
-0.1451849507921685,1,0.95,1.0,0.0
-0.1451849507921685,1,0.95,1.0,0.0
-0.1451849507921685,1,0.95,1.0,0.0
-0.1451849507921685,1,0.95,1.0,0.0
-0.1451849507921685,1,0.95,1.0,0.0
0.9554896688881876,1,0.95,1.0,0.0
0.9554896688881876,1,0.95,1.0,0.0
0.9180517566541619,1,0.95,1.0,0.0
0.9180517566541619,1,0.95,1.0,0.0
0.9030765917605517,1,0.95,1.0,0.0
-0.1451849507921685,1,0.95,1.0,0.0
-0.1451849507921685,1,0.95,1.0,0.0
-0.1451849507921685,1,0.95,1.0,0.0
-0.1451849507921685,1,0.95,1.0,0.0
-0.1451849507921685,1,0.95,1.0,0.0
-0.1451849507921685,1,0.95,1.0,0.0
-0.1451849507921685,1,0.95,1.0,0.0
-0.1451849507921685,1,0.95,1.0,0.0
-0.1451849507921685,1,0.95,1.0,0.0
-0.1451849507921685,1,0.95,1.0,0.0
-0.1451849507921685,1,0.95,1.0,0.0
-0.1451849507921685,1,0.95,1.0,0.0
-0.1451849507921685,1,0.95,1.0,0.0
-0.1451849507921685,1,0.95,1.0,0.0
-0.1451849507921685,1,0.95,1.0,0.0
-0.1451849507921685,1,0.95,1.0,0.0
-0.1451849507921685,1,0.95,1.0,0.0
-0.1451849507921685,1,0.95,1.0,0.0
-0.1451849507921685,1,0.95,1.0,0.0
-0.1451849507921685,1,0.95,1.0,0.0
-0.1451849507921685,1,0.95,1.0,0.0
-0.1451849507921685,1,0.95,1.0,0.0
-0.1451849507921685,1,0.95,1.0,0.0
-0.1451849507921685,1,0.95,1.0,0.0
-0.1451849507921685,1,0.95,1.0,0.0
-0.1451849507921685,1,0.95,1.0,0.0
-0.1451849507921685,1,0.95,1.0,0.0
-0.1451849507921685,1,0.95,1.0,0.0
-0.1451849507921685,1,0.95,1.0,0.0
-0.1451849507921685,1,0.95,1.0,0.0
-0.1451849507921685,1,0.95,1.0,0.0
-0.1451849507921685,1,0.95,1.0,0.0
-0.1451849507921685,1,0.95,1.0,0.0
-0.1451849507921685,1,0.95,1.0,0.0
-0.1451849507921685,1,0.95,1.0,0.0
-0.1451849507921685,1,0.95,1.0,0.0
1.0603158231434595,1,0.95,1.0,0.0
1.0603158231434595,1,0.95,1.0,0.0
0.977952416228603,1,0.95,1.0,0.0
0.9330269215477724,1,0.95,1.0,0.0
0.9255393391009673,1,0.95,1.0,0.0
0.9105641742073568,1,0.95,1.0,0.0
-0.1451849507921685,1,0.95,1.0,0.0
-0.1451849507921685,1,0.95,1.0,0.0
-0.1451849507921685,1,0.95,1.0,0.0
-0.1451849507921685,1,0.95,1.0,0.0
-0.1451849507921685,1,0.95,1.0,0.0
-0.1451849507921685,1,0.95,1.0,0.0
-0.1451849507921685,1,0.95,1.0,0.0
-0.1451849507921685,1,0.95,1.0,0.0
-0.1451849507921685,1,0.95,1.0,0.0
-0.1451849507921685,1,0.95,1.0,0.0
-0.1451849507921685,1,0.95,1.0,0.0
-0.1451849507921685,1,0.95,1.0,0.0
-0.1451849507921685,1,0.95,1.0,0.0
-0.1451849507921685,1,0.95,1.0,0.0
-0.1451849507921685,1,0.95,1.0,0.0
-0.1451849507921685,1,0.95,1.0,0.0
-0.1451849507921685,1,0.95,1.0,0.0
-0.1451849507921685,1,0.95,1.0,0.0
-0.1451849507921685,1,0.95,1.0,0.0
-0.1451849507921685,1,0.95,1.0,0.0
-0.1451849507921685,1,0.95,1.0,0.0
-0.1451849507921685,1,0.95,1.0,0.0
-0.1451849507921685,1,0.95,1.0,0.0
-0.1451849507921685,1,0.95,1.0,0.0
-0.1451849507921685,1,0.95,1.0,0.0
-0.1451849507921685,1,0.95,1.0,0.0
-0.1451849507921685,1,0.95,1.0,0.0
-0.1451849507921685,1,0.95,1.0,0.0
-0.1451849507921685,1,0.95,1.0,0.0
-0.1451849507921685,1,0.95,1.0,0.0
-0.1451849507921685,1,0.95,1.0,0.0
-0.1451849507921685,1,0.95,1.0,0.0
-0.1451849507921685,1,0.95,1.0,0.0
-0.1451849507921685,1,0.95,1.0,0.0
-0.1451849507921685,1,0.95,1.0,0.0
-0.1451849507921685,1,0.95,1.0,0.0
-0.1451849507921685,1,0.95,1.0,0.0
1.030365493356239,1,0.95,1.0,0.0
0.9480020864413825,1,0.95,1.0,0.0
0.9330269215477724,1,0.95,1.0,0.0
0.9180517566541619,1,0.95,1.0,0.0
-0.1451849507921685,1,0.95,1.0,0.0
-0.1451849507921685,1,0.95,1.0,0.0
-0.1451849507921685,1,0.95,1.0,0.0
-0.1451849507921685,1,0.95,1.0,0.0
-0.1451849507921685,1,0.95,1.0,0.0
-0.1451849507921685,1,0.95,1.0,0.0
-0.1451849507921685,1,0.95,1.0,0.0
-0.1451849507921685,1,0.95,1.0,0.0
-0.1451849507921685,1,0.95,1.0,0.0
-0.1451849507921685,1,0.95,1.0,0.0
-0.1451849507921685,1,0.95,1.0,0.0
-0.1451849507921685,1,0.95,1.0,0.0
-0.1451849507921685,1,0.95,1.0,0.0
-0.1451849507921685,1,0.95,1.0,0.0
-0.1451849507921685,1,0.95,1.0,0.0
-0.1451849507921685,1,0.95,1.0,0.0
-0.1451849507921685,1,0.95,1.0,0.0
-0.1451849507921685,1,0.95,1.0,0.0
-0.1451849507921685,1,0.95,1.0,0.0
-0.1451849507921685,1,0.95,1.0,0.0
-0.1451849507921685,1,0.95,1.0,0.0
-0.1451849507921685,1,0.95,1.0,0.0
-0.1451849507921685,1,0.95,1.0,0.0
-0.1451849507921685,1,0.95,1.0,0.0
-0.1451849507921685,1,0.95,1.0,0.0
-0.1451849507921685,1,0.95,1.0,0.0
-0.1451849507921685,1,0.95,1.0,0.0
-0.1451849507921685,1,0.95,1.0,0.0
-0.1451849507921685,1,0.95,1.0,0.0
-0.1451849507921685,1,0.95,1.0,0.0
-0.1451849507921685,1,0.95,1.0,0.0
-0.1451849507921685,1,0.95,1.0,0.0
-0.1451849507921685,1,0.95,1.0,0.0
-0.1451849507921685,1,0.95,1.0,0.0
-0.1451849507921685,1,0.95,1.0,0.0
-0.1451849507921685,1,0.95,1.0,0.0
-0.1451849507921685,1,0.95,1.0,0.0
0.9704648337817978,1,0.95,1.0,0.0
0.9704648337817978,1,0.95,1.0,0.0
0.9480020864413825,1,0.95,1.0,0.0
0.9330269215477724,1,0.95,1.0,0.0
0.9180517566541619,1,0.95,1.0,0.0
-0.1451849507921685,1,0.95,1.0,0.0
-0.1451849507921685,1,0.95,1.0,0.0
-0.1451849507921685,1,0.95,1.0,0.0
-0.1451849507921685,1,0.95,1.0,0.0
-0.1451849507921685,1,0.95,1.0,0.0
-0.1451849507921685,1,0.95,1.0,0.0
-0.1451849507921685,1,0.95,1.0,0.0
-0.1451849507921685,1,0.95,1.0,0.0
-0.1451849507921685,1,0.95,1.0,0.0
-0.1451849507921685,1,0.95,1.0,0.0
-0.1451849507921685,1,0.95,1.0,0.0
-0.1451849507921685,1,0.95,1.0,0.0
-0.1451849507921685,1,0.95,1.0,0.0
-0.1451849507921685,1,0.95,1.0,0.0
-0.1451849507921685,1,0.95,1.0,0.0
-0.1451849507921685,1,0.95,1.0,0.0
-0.1451849507921685,1,0.95,1.0,0.0
-0.1451849507921685,1,0.95,1.0,0.0
-0.1451849507921685,1,0.95,1.0,0.0
-0.1451849507921685,1,0.95,1.0,0.0
-0.1451849507921685,1,0.95,1.0,0.0
-0.1451849507921685,1,0.95,1.0,0.0
-0.1451849507921685,1,0.95,1.0,0.0
-0.1451849507921685,1,0.95,1.0,0.0
-0.1451849507921685,1,0.95,1.0,0.0
-0.1451849507921685,1,0.95,1.0,0.0
-0.1451849507921685,1,0.95,1.0,0.0
-0.1451849507921685,1,0.95,1.0,0.0
-0.1451849507921685,1,0.95,1.0,0.0
-0.1451849507921685,1,0.95,1.0,0.0
-0.1451849507921685,1,0.95,1.0,0.0
-0.1451849507921685,1,0.95,1.0,0.0
-0.1451849507921685,1,0.95,1.0,0.0
1.0752909880370698,1,0.95,1.0,0.0
0.9629772513349929,1,0.95,1.0,0.0
0.9180517566541619,1,0.95,1.0,0.0
0.9180517566541619,1,0.95,1.0,0.0
-0.1451849507921685,1,0.95,1.0,0.0
-0.1451849507921685,1,0.95,1.0,0.0
-0.1451849507921685,1,0.95,1.0,0.0
-0.1451849507921685,1,0.95,1.0,0.0
-0.1451849507921685,1,0.95,1.0,0.0
-0.1451849507921685,1,0.95,1.0,0.0
-0.1451849507921685,1,0.95,1.0,0.0
-0.1451849507921685,1,0.95,1.0,0.0
-0.1451849507921685,1,0.95,1.0,0.0
-0.1451849507921685,1,0.95,1.0,0.0
-0.1451849507921685,1,0.95,1.0,0.0
-0.1451849507921685,1,0.95,1.0,0.0
-0.1451849507921685,1,0.95,1.0,0.0
-0.1451849507921685,1,0.95,1.0,0.0
-0.1451849507921685,1,0.95,1.0,0.0
-0.1451849507921685,1,0.95,1.0,0.0
-0.1451849507921685,1,0.95,1.0,0.0
-0.1451849507921685,1,0.95,1.0,0.0
-0.1451849507921685,1,0.95,1.0,0.0
-0.1451849507921685,1,0.95,1.0,0.0
-0.1451849507921685,1,0.95,1.0,0.0
-0.1451849507921685,1,0.95,1.0,0.0
-0.1451849507921685,1,0.95,1.0,0.0
-0.1451849507921685,1,0.95,1.0,0.0
-0.1451849507921685,1,0.95,1.0,0.0
-0.1451849507921685,1,0.95,1.0,0.0
-0.1451849507921685,1,0.95,1.0,0.0
-0.1451849507921685,1,0.95,1.0,0.0
-0.1451849507921685,1,0.95,1.0,0.0
-0.1451849507921685,1,0.95,1.0,0.0
-0.1451849507921685,1,0.95,1.0,0.0
-0.1451849507921685,1,0.95,1.0,0.0
-0.1451849507921685,1,0.95,1.0,0.0
1.0827785704838748,1,0.95,1.0,0.0
1.0827785704838748,1,0.95,1.0,0.0
0.9854399986754081,1,0.95,1.0,0.0
0.9480020864413825,1,0.95,1.0,0.0
0.9405145039945774,1,0.95,1.0,0.0
0.9255393391009673,1,0.95,1.0,0.0
-0.1451849507921685,1,0.95,1.0,0.0
-0.1451849507921685,1,0.95,1.0,0.0
-0.1451849507921685,1,0.95,1.0,0.0
-0.1451849507921685,1,0.95,1.0,0.0
-0.1451849507921685,1,0.95,1.0,0.0
-0.1451849507921685,1,0.95,1.0,0.0
-0.1451849507921685,1,0.95,1.0,0.0
-0.1451849507921685,1,0.95,1.0,0.0
-0.1451849507921685,1,0.95,1.0,0.0
-0.1451849507921685,1,0.95,1.0,0.0
-0.1451849507921685,1,0.95,1.0,0.0
-0.1451849507921685,1,0.95,1.0,0.0
-0.1451849507921685,1,0.95,1.0,0.0
-0.1451849507921685,1,0.95,1.0,0.0
-0.1451849507921685,1,0.95,1.0,0.0
-0.1451849507921685,1,0.95,1.0,0.0
-0.1451849507921685,1,0.95,1.0,0.0
-0.1451849507921685,1,0.95,1.0,0.0
-0.1451849507921685,1,0.95,1.0,0.0
-0.1451849507921685,1,0.95,1.0,0.0
-0.1451849507921685,1,0.95,1.0,0.0
-0.1451849507921685,1,0.95,1.0,0.0
-0.1451849507921685,1,0.95,1.0,0.0
-0.1451849507921685,1,0.95,1.0,0.0
-0.1451849507921685,1,0.95,1.0,0.0
-0.1451849507921685,1,0.95,1.0,0.0
-0.1451849507921685,1,0.95,1.0,0.0
-0.1451849507921685,1,0.95,1.0,0.0
-0.1451849507921685,1,0.95,1.0,0.0
-0.1451849507921685,1,0.95,1.0,0.0
-0.1451849507921685,1,0.95,1.0,0.0
-0.1451849507921685,1,0.95,1.0,0.0
1.0678034055902648,1,0.95,1.0,0.0
-0.1451849507921685,1,0.95,1.0,0.0
-0.1451849507921685,1,0.95,1.0,0.0
0.9105641742073568,1,0.95,1.0,0.0
-0.1451849507921685,1,0.95,1.0,0.0
-0.1451849507921685,1,0.95,1.0,0.0
-0.1451849507921685,1,0.95,1.0,0.0
-0.1451849507921685,1,0.95,1.0,0.0
-0.1451849507921685,1,0.95,1.0,0.0
-0.1451849507921685,1,0.95,1.0,0.0
-0.1451849507921685,1,0.95,1.0,0.0
-0.1451849507921685,1,0.95,1.0,0.0
-0.1451849507921685,1,0.95,1.0,0.0
-0.1451849507921685,1,0.95,1.0,0.0
-0.1451849507921685,1,0.95,1.0,0.0
-0.1451849507921685,1,0.95,1.0,0.0
-0.1451849507921685,1,0.95,1.0,0.0
-0.1451849507921685,1,0.95,1.0,0.0
-0.1451849507921685,1,0.95,1.0,0.0
-0.1451849507921685,1,0.95,1.0,0.0
-0.1451849507921685,1,0.95,1.0,0.0
-0.1451849507921685,1,0.95,1.0,0.0
-0.1451849507921685,1,0.95,1.0,0.0
-0.1451849507921685,1,0.95,1.0,0.0
-0.1451849507921685,1,0.95,1.0,0.0
-0.1451849507921685,1,0.95,1.0,0.0
-0.1451849507921685,1,0.95,1.0,0.0
-0.1451849507921685,1,0.95,1.0,0.0
-0.1451849507921685,1,0.95,1.0,0.0
-0.1451849507921685,1,0.95,1.0,0.0
-0.1451849507921685,1,0.95,1.0,0.0
-0.1451849507921685,1,0.95,1.0,0.0
-0.1451849507921685,1,0.95,1.0,0.0
-0.1451849507921685,1,0.95,1.0,0.0
-0.1451849507921685,1,0.95,1.0,0.0
-0.1451849507921685,1,0.95,1.0,0.0
-0.1451849507921685,1,0.95,1.0,0.0
-0.1451849507921685,1,0.95,1.0,0.0
-0.1451849507921685,1,0.95,1.0,0.0
1.0378530758030442,1,0.95,1.0,0.0
1.0004151635690184,1,0.95,1.0,0.0
0.9405145039945774,1,0.95,1.0,0.0
0.9330269215477724,1,0.95,1.0,0.0
0.9105641742073568,1,0.95,1.0,0.0
-0.1451849507921685,1,0.95,1.0,0.0
-0.1451849507921685,1,0.95,1.0,0.0
-0.1451849507921685,1,0.95,1.0,0.0
-0.1451849507921685,1,0.95,1.0,0.0
-0.1451849507921685,1,0.95,1.0,0.0
-0.1451849507921685,1,0.95,1.0,0.0
-0.1451849507921685,1,0.95,1.0,0.0
-0.1451849507921685,1,0.95,1.0,0.0
-0.1451849507921685,1,0.95,1.0,0.0
-0.1451849507921685,1,0.95,1.0,0.0
-0.1451849507921685,1,0.95,1.0,0.0
-0.1451849507921685,1,0.95,1.0,0.0
-0.1451849507921685,1,0.95,1.0,0.0
-0.1451849507921685,1,0.95,1.0,0.0
-0.1451849507921685,1,0.95,1.0,0.0
-0.1451849507921685,1,0.95,1.0,0.0
-0.1451849507921685,1,0.95,1.0,0.0
-0.1451849507921685,1,0.95,1.0,0.0
-0.1451849507921685,1,0.95,1.0,0.0
-0.1451849507921685,1,0.95,1.0,0.0
-0.1451849507921685,1,0.95,1.0,0.0
-0.1451849507921685,1,0.95,1.0,0.0
-0.1451849507921685,1,0.95,1.0,0.0
-0.1451849507921685,1,0.95,1.0,0.0
-0.1451849507921685,1,0.95,1.0,0.0
-0.1451849507921685,1,0.95,1.0,0.0
-0.1451849507921685,1,0.95,1.0,0.0
-0.1451849507921685,1,0.95,1.0,0.0
-0.1451849507921685,1,0.95,1.0,0.0
-0.1451849507921685,1,0.95,1.0,0.0
-0.1451849507921685,1,0.95,1.0,0.0
-0.1451849507921685,1,0.95,1.0,0.0
-0.1451849507921685,1,0.95,1.0,0.0
-0.1451849507921685,1,0.95,1.0,0.0
-0.1451849507921685,1,0.95,1.0,0.0
-0.1451849507921685,1,0.95,1.0,0.0
0.9929275811222132,1,0.95,1.0,0.0
0.9929275811222132,1,0.95,1.0,0.0
0.9554896688881876,1,0.95,1.0,0.0
0.9405145039945774,1,0.95,1.0,0.0
0.9255393391009673,1,0.95,1.0,0.0
-0.1451849507921685,1,0.95,1.0,0.0
-0.1451849507921685,1,0.95,1.0,0.0
-0.1451849507921685,1,0.95,1.0,0.0
-0.1451849507921685,1,0.95,1.0,0.0
-0.1451849507921685,1,0.95,1.0,0.0
-0.1451849507921685,1,0.95,1.0,0.0
-0.1451849507921685,1,0.95,1.0,0.0
-0.1451849507921685,1,0.95,1.0,0.0
-0.1451849507921685,1,0.95,1.0,0.0
-0.1451849507921685,1,0.95,1.0,0.0
-0.1451849507921685,1,0.95,1.0,0.0
-0.1451849507921685,1,0.95,1.0,0.0
-0.1451849507921685,1,0.95,1.0,0.0
-0.1451849507921685,1,0.95,1.0,0.0
-0.1451849507921685,1,0.95,1.0,0.0
-0.1451849507921685,1,0.95,1.0,0.0
-0.1451849507921685,1,0.95,1.0,0.0
-0.1451849507921685,1,0.95,1.0,0.0
-0.1451849507921685,1,0.95,1.0,0.0
-0.1451849507921685,1,0.95,1.0,0.0
-0.1451849507921685,1,0.95,1.0,0.0
-0.1451849507921685,1,0.95,1.0,0.0
-0.1451849507921685,1,0.95,1.0,0.0
-0.1451849507921685,1,0.95,1.0,0.0
-0.1451849507921685,1,0.95,1.0,0.0
-0.1451849507921685,1,0.95,1.0,0.0
-0.1451849507921685,1,0.95,1.0,0.0
-0.1451849507921685,1,0.95,1.0,0.0
-0.1451849507921685,1,0.95,1.0,0.0
-0.1451849507921685,1,0.95,1.0,0.0
-0.1451849507921685,1,0.95,1.0,0.0
-0.1451849507921685,1,0.95,1.0,0.0
-0.1451849507921685,1,0.95,1.0,0.0
-0.1451849507921685,1,0.95,1.0,0.0
1.0603158231434595,1,0.95,1.0,0.0
0.9704648337817978,1,0.95,1.0,0.0
-0.1451849507921685,1,0.95,1.0,0.0
-0.1451849507921685,1,0.95,1.0,0.0
-0.1451849507921685,1,0.95,1.0,0.0
-0.1451849507921685,1,0.95,1.0,0.0
-0.1451849507921685,1,0.95,1.0,0.0
-0.1451849507921685,1,0.95,1.0,0.0
-0.1451849507921685,1,0.95,1.0,0.0
-0.1451849507921685,1,0.95,1.0,0.0
-0.1451849507921685,1,0.95,1.0,0.0
-0.1451849507921685,1,0.95,1.0,0.0
-0.1451849507921685,1,0.95,1.0,0.0
-0.1451849507921685,1,0.95,1.0,0.0
-0.1451849507921685,1,0.95,1.0,0.0
-0.1451849507921685,1,0.95,1.0,0.0
-0.1451849507921685,1,0.95,1.0,0.0
-0.1451849507921685,1,0.95,1.0,0.0
-0.1451849507921685,1,0.95,1.0,0.0
-0.1451849507921685,1,0.95,1.0,0.0
-0.1451849507921685,1,0.95,1.0,0.0
-0.1451849507921685,1,0.95,1.0,0.0
-0.1451849507921685,1,0.95,1.0,0.0
-0.1451849507921685,1,0.95,1.0,0.0
0.9629772513349929,1,0.95,1.0,0.0
0.9629772513349929,1,0.95,1.0,0.0
0.9554896688881876,1,0.95,1.0,0.0
0.9405145039945774,1,0.95,1.0,0.0
-0.1451849507921685,1,0.95,1.0,0.0
-0.1451849507921685,1,0.95,1.0,0.0
-0.1451849507921685,1,0.95,1.0,0.0
-0.1451849507921685,1,0.95,1.0,0.0
-0.1451849507921685,1,0.95,1.0,0.0
-0.1451849507921685,1,0.95,1.0,0.0
-0.1451849507921685,1,0.95,1.0,0.0
-0.1451849507921685,1,0.95,1.0,0.0
-0.1451849507921685,1,0.95,1.0,0.0
-0.1451849507921685,1,0.95,1.0,0.0
-0.1451849507921685,1,0.95,1.0,0.0
-0.1451849507921685,1,0.95,1.0,0.0
-0.1451849507921685,1,0.95,1.0,0.0
-0.1451849507921685,1,0.95,1.0,0.0
-0.1451849507921685,1,0.95,1.0,0.0
-0.1451849507921685,1,0.95,1.0,0.0
-0.1451849507921685,1,0.95,1.0,0.0
-0.1451849507921685,1,0.95,1.0,0.0
-0.1451849507921685,1,0.95,1.0,0.0
-0.1451849507921685,1,0.95,1.0,0.0
-0.1451849507921685,1,0.95,1.0,0.0
-0.1451849507921685,1,0.95,1.0,0.0
-0.1451849507921685,1,0.95,1.0,0.0
-0.1451849507921685,1,0.95,1.0,0.0
-0.1451849507921685,1,0.95,1.0,0.0
-0.1451849507921685,1,0.95,1.0,0.0
-0.1451849507921685,1,0.95,1.0,0.0
-0.1451849507921685,1,0.95,1.0,0.0
-0.1451849507921685,1,0.95,1.0,0.0
-0.1451849507921685,1,0.95,1.0,0.0
-0.1451849507921685,1,0.95,1.0,0.0
-0.1451849507921685,1,0.95,1.0,0.0
-0.1451849507921685,1,0.95,1.0,0.0
1.0453406582498492,1,0.95,1.0,0.0
0.9629772513349929,1,0.95,1.0,0.0
0.9554896688881876,1,0.95,1.0,0.0
0.9330269215477724,1,0.95,1.0,0.0
-0.1451849507921685,1,0.95,1.0,0.0
-0.1451849507921685,1,0.95,1.0,0.0
-0.1451849507921685,1,0.95,1.0,0.0
-0.1451849507921685,1,0.95,1.0,0.0
-0.1451849507921685,1,0.95,1.0,0.0
-0.1451849507921685,1,0.95,1.0,0.0
-0.1451849507921685,1,0.95,1.0,0.0
-0.1451849507921685,1,0.95,1.0,0.0
-0.1451849507921685,1,0.95,1.0,0.0
-0.1451849507921685,1,0.95,1.0,0.0
-0.1451849507921685,1,0.95,1.0,0.0
-0.1451849507921685,1,0.95,1.0,0.0
-0.1451849507921685,1,0.95,1.0,0.0
-0.1451849507921685,1,0.95,1.0,0.0
-0.1451849507921685,1,0.95,1.0,0.0
-0.1451849507921685,1,0.95,1.0,0.0
-0.1451849507921685,1,0.95,1.0,0.0
-0.1451849507921685,1,0.95,1.0,0.0
-0.1451849507921685,1,0.95,1.0,0.0
-0.1451849507921685,1,0.95,1.0,0.0
-0.1451849507921685,1,0.95,1.0,0.0
-0.1451849507921685,1,0.95,1.0,0.0
-0.1451849507921685,1,0.95,1.0,0.0
-0.1451849507921685,1,0.95,1.0,0.0
-0.1451849507921685,1,0.95,1.0,0.0
-0.1451849507921685,1,0.95,1.0,0.0
-0.1451849507921685,1,0.95,1.0,0.0
-0.1451849507921685,1,0.95,1.0,0.0
-0.1451849507921685,1,0.95,1.0,0.0
-0.1451849507921685,1,0.95,1.0,0.0
-0.1451849507921685,1,0.95,1.0,0.0
-0.1451849507921685,1,0.95,1.0,0.0
-0.1451849507921685,1,0.95,1.0,0.0
-0.1451849507921685,1,0.95,1.0,0.0
1.030365493356239,1,0.95,1.0,0.0
0.9629772513349929,1,0.95,1.0,0.0
-0.1451849507921685,1,0.95,1.0,0.0
-0.1451849507921685,1,0.95,1.0,0.0
-0.1451849507921685,1,0.95,1.0,0.0
-0.1451849507921685,1,0.95,1.0,0.0
-0.1451849507921685,1,0.95,1.0,0.0
-0.1451849507921685,1,0.95,1.0,0.0
-0.1451849507921685,1,0.95,1.0,0.0
-0.1451849507921685,1,0.95,1.0,0.0
-0.1451849507921685,1,0.95,1.0,0.0
-0.1451849507921685,1,0.95,1.0,0.0
-0.1451849507921685,1,0.95,1.0,0.0
-0.1451849507921685,1,0.95,1.0,0.0
-0.1451849507921685,1,0.95,1.0,0.0
-0.1451849507921685,1,0.95,1.0,0.0
-0.1451849507921685,1,0.95,1.0,0.0
-0.1451849507921685,1,0.95,1.0,0.0
-0.1451849507921685,1,0.95,1.0,0.0
-0.1451849507921685,1,0.95,1.0,0.0
-0.1451849507921685,1,0.95,1.0,0.0
-0.1451849507921685,1,0.95,1.0,0.0
-0.1451849507921685,1,0.95,1.0,0.0
-0.1451849507921685,1,0.95,1.0,0.0
-0.1451849507921685,1,0.95,1.0,0.0
-0.1451849507921685,1,0.95,1.0,0.0
-0.1451849507921685,1,0.95,1.0,0.0
-0.1451849507921685,1,0.95,1.0,0.0
-0.1451849507921685,1,0.95,1.0,0.0
-0.1451849507921685,1,0.95,1.0,0.0
-0.1451849507921685,1,0.95,1.0,0.0
-0.1451849507921685,1,0.95,1.0,0.0
-0.1451849507921685,1,0.95,1.0,0.0
-0.1451849507921685,1,0.95,1.0,0.0
-0.1451849507921685,1,0.95,1.0,0.0
-0.1451849507921685,1,0.95,1.0,0.0
-0.1451849507921685,1,0.95,1.0,0.0
0.9629772513349929,1,0.95,1.0,0.0
0.9629772513349929,1,0.95,1.0,0.0
0.9480020864413825,1,0.95,1.0,0.0
0.9405145039945774,1,0.95,1.0,0.0
-0.1451849507921685,1,0.95,1.0,0.0
-0.1451849507921685,1,0.95,1.0,0.0
-0.1451849507921685,1,0.95,1.0,0.0
-0.1451849507921685,1,0.95,1.0,0.0
-0.1451849507921685,1,0.95,1.0,0.0
-0.1451849507921685,1,0.95,1.0,0.0
-0.1451849507921685,1,0.95,1.0,0.0
-0.1451849507921685,1,0.95,1.0,0.0
-0.1451849507921685,1,0.95,1.0,0.0
-0.1451849507921685,1,0.95,1.0,0.0
-0.1451849507921685,1,0.95,1.0,0.0
-0.1451849507921685,1,0.95,1.0,0.0
-0.1451849507921685,1,0.95,1.0,0.0
-0.1451849507921685,1,0.95,1.0,0.0
-0.1451849507921685,1,0.95,1.0,0.0
-0.1451849507921685,1,0.95,1.0,0.0
-0.1451849507921685,1,0.95,1.0,0.0
-0.1451849507921685,1,0.95,1.0,0.0
-0.1451849507921685,1,0.95,1.0,0.0
-0.1451849507921685,1,0.95,1.0,0.0
-0.1451849507921685,1,0.95,1.0,0.0
-0.1451849507921685,1,0.95,1.0,0.0
-0.1451849507921685,1,0.95,1.0,0.0
-0.1451849507921685,1,0.95,1.0,0.0
-0.1451849507921685,1,0.95,1.0,0.0
-0.1451849507921685,1,0.95,1.0,0.0
-0.1451849507921685,1,0.95,1.0,0.0
-0.1451849507921685,1,0.95,1.0,0.0
-0.1451849507921685,1,0.95,1.0,0.0
-0.1451849507921685,1,0.95,1.0,0.0
-0.1451849507921685,1,0.95,1.0,0.0
-0.1451849507921685,1,0.95,1.0,0.0
-0.1451849507921685,1,0.95,1.0,0.0
1.0827785704838748,1,0.95,1.0,0.0
0.9554896688881876,1,0.95,1.0,0.0
0.9554896688881876,1,0.95,1.0,0.0
0.9480020864413825,1,0.95,1.0,0.0
-0.1451849507921685,1,0.95,1.0,0.0
-0.1451849507921685,1,0.95,1.0,0.0
-0.1451849507921685,1,0.95,1.0,0.0
-0.1451849507921685,1,0.95,1.0,0.0
-0.1451849507921685,1,0.95,1.0,0.0
-0.1451849507921685,1,0.95,1.0,0.0
-0.1451849507921685,1,0.95,1.0,0.0
-0.1451849507921685,1,0.95,1.0,0.0
-0.1451849507921685,1,0.95,1.0,0.0
-0.1451849507921685,1,0.95,1.0,0.0
-0.1451849507921685,1,0.95,1.0,0.0
-0.1451849507921685,1,0.95,1.0,0.0
-0.1451849507921685,1,0.95,1.0,0.0
-0.1451849507921685,1,0.95,1.0,0.0
-0.1451849507921685,1,0.95,1.0,0.0
-0.1451849507921685,1,0.95,1.0,0.0
-0.1451849507921685,1,0.95,1.0,0.0
-0.1451849507921685,1,0.95,1.0,0.0
-0.1451849507921685,1,0.95,1.0,0.0
-0.1451849507921685,1,0.95,1.0,0.0
-0.1451849507921685,1,0.95,1.0,0.0
-0.1451849507921685,1,0.95,1.0,0.0
-0.1451849507921685,1,0.95,1.0,0.0
-0.1451849507921685,1,0.95,1.0,0.0
-0.1451849507921685,1,0.95,1.0,0.0
-0.1451849507921685,1,0.95,1.0,0.0
-0.1451849507921685,1,0.95,1.0,0.0
-0.1451849507921685,1,0.95,1.0,0.0
-0.1451849507921685,1,0.95,1.0,0.0
-0.1451849507921685,1,0.95,1.0,0.0
-0.1451849507921685,1,0.95,1.0,0.0
-0.1451849507921685,1,0.95,1.0,0.0
-0.1451849507921685,1,0.95,1.0,0.0
-0.1451849507921685,1,0.95,1.0,0.0
1.0977537353774853,1,0.95,1.0,0.0
1.0977537353774853,1,0.95,1.0,0.0
0.9554896688881876,1,0.95,1.0,0.0
0.9554896688881876,1,0.95,1.0,0.0
0.9405145039945774,1,0.95,1.0,0.0
0.9255393391009673,1,0.95,1.0,0.0
-0.1451849507921685,1,0.95,1.0,0.0
-0.1451849507921685,1,0.95,1.0,0.0
-0.1451849507921685,1,0.95,1.0,0.0
-0.1451849507921685,1,0.95,1.0,0.0
-0.1451849507921685,1,0.95,1.0,0.0
-0.1451849507921685,1,0.95,1.0,0.0
-0.1451849507921685,1,0.95,1.0,0.0
-0.1451849507921685,1,0.95,1.0,0.0
-0.1451849507921685,1,0.95,1.0,0.0
-0.1451849507921685,1,0.95,1.0,0.0
-0.1451849507921685,1,0.95,1.0,0.0
-0.1451849507921685,1,0.95,1.0,0.0
-0.1451849507921685,1,0.95,1.0,0.0
-0.1451849507921685,1,0.95,1.0,0.0
-0.1451849507921685,1,0.95,1.0,0.0
-0.1451849507921685,1,0.95,1.0,0.0
-0.1451849507921685,1,0.95,1.0,0.0
-0.1451849507921685,1,0.95,1.0,0.0
-0.1451849507921685,1,0.95,1.0,0.0
-0.1451849507921685,1,0.95,1.0,0.0
-0.1451849507921685,1,0.95,1.0,0.0
-0.1451849507921685,1,0.95,1.0,0.0
-0.1451849507921685,1,0.95,1.0,0.0
-0.1451849507921685,1,0.95,1.0,0.0
-0.1451849507921685,1,0.95,1.0,0.0
-0.1451849507921685,1,0.95,1.0,0.0
-0.1451849507921685,1,0.95,1.0,0.0
-0.1451849507921685,1,0.95,1.0,0.0
-0.1451849507921685,1,0.95,1.0,0.0
-0.1451849507921685,1,0.95,1.0,0.0
-0.1451849507921685,1,0.95,1.0,0.0
-0.1451849507921685,1,0.95,1.0,0.0
-0.1451849507921685,1,0.95,1.0,0.0
-0.1451849507921685,1,0.95,1.0,0.0
1.0827785704838748,1,0.95,1.0,0.0
0.9704648337817978,1,0.95,1.0,0.0
-0.1451849507921685,1,0.95,1.0,0.0
-0.1451849507921685,1,0.95,1.0,0.0
-0.1451849507921685,1,0.95,1.0,0.0
-0.1451849507921685,1,0.95,1.0,0.0
-0.1451849507921685,1,0.95,1.0,0.0
-0.1451849507921685,1,0.95,1.0,0.0
-0.1451849507921685,1,0.95,1.0,0.0
-0.1451849507921685,1,0.95,1.0,0.0
-0.1451849507921685,1,0.95,1.0,0.0
-0.1451849507921685,1,0.95,1.0,0.0
-0.1451849507921685,1,0.95,1.0,0.0
-0.1451849507921685,1,0.95,1.0,0.0
-0.1451849507921685,1,0.95,1.0,0.0
-0.1451849507921685,1,0.95,1.0,0.0
-0.1451849507921685,1,0.95,1.0,0.0
-0.1451849507921685,1,0.95,1.0,0.0
-0.1451849507921685,1,0.95,1.0,0.0
-0.1451849507921685,1,0.95,1.0,0.0
-0.1451849507921685,1,0.95,1.0,0.0
-0.1451849507921685,1,0.95,1.0,0.0
-0.1451849507921685,1,0.95,1.0,0.0
-0.1451849507921685,1,0.95,1.0,0.0
-0.1451849507921685,1,0.95,1.0,0.0
-0.1451849507921685,1,0.95,1.0,0.0
-0.1451849507921685,1,0.95,1.0,0.0
-0.1451849507921685,1,0.95,1.0,0.0
-0.1451849507921685,1,0.95,1.0,0.0
-0.1451849507921685,1,0.95,1.0,0.0
-0.1451849507921685,1,0.95,1.0,0.0
-0.1451849507921685,1,0.95,1.0,0.0
-0.1451849507921685,1,0.95,1.0,0.0
-0.1451849507921685,1,0.95,1.0,0.0
-0.1451849507921685,1,0.95,1.0,0.0
-0.1451849507921685,1,0.95,1.0,0.0
1.09026615293068,1,0.95,1.0,0.0
1.09026615293068,1,0.95,1.0,0.0
0.9554896688881876,1,0.95,1.0,0.0
0.9554896688881876,1,0.95,1.0,0.0
0.9405145039945774,1,0.95,1.0,0.0
0.9180517566541619,1,0.95,1.0,0.0
-0.1451849507921685,1,0.95,1.0,0.0
-0.1451849507921685,1,0.95,1.0,0.0
-0.1451849507921685,1,0.95,1.0,0.0
-0.1451849507921685,1,0.95,1.0,0.0
-0.1451849507921685,1,0.95,1.0,0.0
-0.1451849507921685,1,0.95,1.0,0.0
-0.1451849507921685,1,0.95,1.0,0.0
-0.1451849507921685,1,0.95,1.0,0.0
-0.1451849507921685,1,0.95,1.0,0.0
-0.1451849507921685,1,0.95,1.0,0.0
-0.1451849507921685,1,0.95,1.0,0.0
-0.1451849507921685,1,0.95,1.0,0.0
-0.1451849507921685,1,0.95,1.0,0.0
-0.1451849507921685,1,0.95,1.0,0.0
-0.1451849507921685,1,0.95,1.0,0.0
-0.1451849507921685,1,0.95,1.0,0.0
-0.1451849507921685,1,0.95,1.0,0.0
-0.1451849507921685,1,0.95,1.0,0.0
-0.1451849507921685,1,0.95,1.0,0.0
-0.1451849507921685,1,0.95,1.0,0.0
-0.1451849507921685,1,0.95,1.0,0.0
-0.1451849507921685,1,0.95,1.0,0.0
-0.1451849507921685,1,0.95,1.0,0.0
-0.1451849507921685,1,0.95,1.0,0.0
-0.1451849507921685,1,0.95,1.0,0.0
-0.1451849507921685,1,0.95,1.0,0.0
-0.1451849507921685,1,0.95,1.0,0.0
-0.1451849507921685,1,0.95,1.0,0.0
-0.1451849507921685,1,0.95,1.0,0.0
-0.1451849507921685,1,0.95,1.0,0.0
-0.1451849507921685,1,0.95,1.0,0.0
-0.1451849507921685,1,0.95,1.0,0.0
-0.1451849507921685,1,0.95,1.0,0.0
-0.1451849507921685,1,0.95,1.0,0.0
-0.1451849507921685,1,0.95,1.0,0.0
-0.1451849507921685,1,0.95,1.0,0.0
1.0827785704838748,1,0.95,1.0,0.0
0.9255393391009673,1,0.95,1.0,0.0
0.9255393391009673,1,0.95,1.0,0.0
-0.1451849507921685,1,0.95,1.0,0.0
-0.1451849507921685,1,0.95,1.0,0.0
-0.1451849507921685,1,0.95,1.0,0.0
-0.1451849507921685,1,0.95,1.0,0.0
-0.1451849507921685,1,0.95,1.0,0.0
-0.1451849507921685,1,0.95,1.0,0.0
-0.1451849507921685,1,0.95,1.0,0.0
-0.1451849507921685,1,0.95,1.0,0.0
-0.1451849507921685,1,0.95,1.0,0.0
-0.1451849507921685,1,0.95,1.0,0.0
-0.1451849507921685,1,0.95,1.0,0.0
-0.1451849507921685,1,0.95,1.0,0.0
-0.1451849507921685,1,0.95,1.0,0.0
-0.1451849507921685,1,0.95,1.0,0.0
-0.1451849507921685,1,0.95,1.0,0.0
-0.1451849507921685,1,0.95,1.0,0.0
-0.1451849507921685,1,0.95,1.0,0.0
-0.1451849507921685,1,0.95,1.0,0.0
-0.1451849507921685,1,0.95,1.0,0.0
-0.1451849507921685,1,0.95,1.0,0.0
-0.1451849507921685,1,0.95,1.0,0.0
-0.1451849507921685,1,0.95,1.0,0.0
-0.1451849507921685,1,0.95,1.0,0.0
-0.1451849507921685,1,0.95,1.0,0.0
-0.1451849507921685,1,0.95,1.0,0.0
-0.1451849507921685,1,0.95,1.0,0.0
-0.1451849507921685,1,0.95,1.0,0.0
-0.1451849507921685,1,0.95,1.0,0.0
-0.1451849507921685,1,0.95,1.0,0.0
-0.1451849507921685,1,0.95,1.0,0.0
-0.1451849507921685,1,0.95,1.0,0.0
-0.1451849507921685,1,0.95,1.0,0.0
-0.1451849507921685,1,0.95,1.0,0.0
0.9330269215477724,1,0.95,1.0,0.0
1.0153903284626287,1,0.95,1.0,0.0
0.9480020864413825,1,0.95,1.0,0.0
0.9480020864413825,1,0.95,1.0,0.0
-0.1451849507921685,1,0.95,1.0,0.0
-0.1451849507921685,1,0.95,1.0,0.0
-0.1451849507921685,1,0.95,1.0,0.0
-0.1451849507921685,1,0.95,1.0,0.0
-0.1451849507921685,1,0.95,1.0,0.0
-0.1451849507921685,1,0.95,1.0,0.0
-0.1451849507921685,1,0.95,1.0,0.0
-0.1451849507921685,1,0.95,1.0,0.0
-0.1451849507921685,1,0.95,1.0,0.0
-0.1451849507921685,1,0.95,1.0,0.0
-0.1451849507921685,1,0.95,1.0,0.0
-0.1451849507921685,1,0.95,1.0,0.0
-0.1451849507921685,1,0.95,1.0,0.0
-0.1451849507921685,1,0.95,1.0,0.0
-0.1451849507921685,1,0.95,1.0,0.0
-0.1451849507921685,1,0.95,1.0,0.0
-0.1451849507921685,1,0.95,1.0,0.0
-0.1451849507921685,1,0.95,1.0,0.0
-0.1451849507921685,1,0.95,1.0,0.0
-0.1451849507921685,1,0.95,1.0,0.0
-0.1451849507921685,1,0.95,1.0,0.0
-0.1451849507921685,1,0.95,1.0,0.0
-0.1451849507921685,1,0.95,1.0,0.0
-0.1451849507921685,1,0.95,1.0,0.0
-0.1451849507921685,1,0.95,1.0,0.0
-0.1451849507921685,1,0.95,1.0,0.0
-0.1451849507921685,1,0.95,1.0,0.0
-0.1451849507921685,1,0.95,1.0,0.0
-0.1451849507921685,1,0.95,1.0,0.0
-0.1451849507921685,1,0.95,1.0,0.0
-0.1451849507921685,1,0.95,1.0,0.0
-0.1451849507921685,1,0.95,1.0,0.0
-0.1451849507921685,1,0.95,1.0,0.0
-0.1451849507921685,1,0.95,1.0,0.0
-0.1451849507921685,1,0.95,1.0,0.0
1.0004151635690184,1,0.95,1.0,0.0
1.0004151635690184,1,0.95,1.0,0.0
0.9554896688881876,1,0.95,1.0,0.0
0.9554896688881876,1,0.95,1.0,0.0
0.9480020864413825,1,0.95,1.0,0.0
0.9330269215477724,1,0.95,1.0,0.0
-0.1451849507921685,1,0.95,1.0,0.0
-0.1451849507921685,1,0.95,1.0,0.0
-0.1451849507921685,1,0.95,1.0,0.0
-0.1451849507921685,1,0.95,1.0,0.0
-0.1451849507921685,1,0.95,1.0,0.0
-0.1451849507921685,1,0.95,1.0,0.0
-0.1451849507921685,1,0.95,1.0,0.0
-0.1451849507921685,1,0.95,1.0,0.0
-0.1451849507921685,1,0.95,1.0,0.0
-0.1451849507921685,1,0.95,1.0,0.0
-0.1451849507921685,1,0.95,1.0,0.0
-0.1451849507921685,1,0.95,1.0,0.0
-0.1451849507921685,1,0.95,1.0,0.0
-0.1451849507921685,1,0.95,1.0,0.0
-0.1451849507921685,1,0.95,1.0,0.0
-0.1451849507921685,1,0.95,1.0,0.0
-0.1451849507921685,1,0.95,1.0,0.0
-0.1451849507921685,1,0.95,1.0,0.0
-0.1451849507921685,1,0.95,1.0,0.0
-0.1451849507921685,1,0.95,1.0,0.0
-0.1451849507921685,1,0.95,1.0,0.0
-0.1451849507921685,1,0.95,1.0,0.0
-0.1451849507921685,1,0.95,1.0,0.0
-0.1451849507921685,1,0.95,1.0,0.0
-0.1451849507921685,1,0.95,1.0,0.0
-0.1451849507921685,1,0.95,1.0,0.0
-0.1451849507921685,1,0.95,1.0,0.0
-0.1451849507921685,1,0.95,1.0,0.0
-0.1451849507921685,1,0.95,1.0,0.0
-0.1451849507921685,1,0.95,1.0,0.0
-0.1451849507921685,1,0.95,1.0,0.0
-0.1451849507921685,1,0.95,1.0,0.0
-0.1451849507921685,1,0.95,1.0,0.0
-0.1451849507921685,1,0.95,1.0,0.0
-0.1451849507921685,1,0.95,1.0,0.0
-0.1451849507921685,1,0.95,1.0,0.0
1.0827785704838748,1,0.95,1.0,0.0
0.9105641742073568,1,0.95,1.0,0.0
0.9105641742073568,1,0.95,1.0,0.0
-0.1451849507921685,1,0.95,1.0,0.0
-0.1451849507921685,1,0.95,1.0,0.0
-0.1451849507921685,1,0.95,1.0,0.0
-0.1451849507921685,1,0.95,1.0,0.0
-0.1451849507921685,1,0.95,1.0,0.0
-0.1451849507921685,1,0.95,1.0,0.0
-0.1451849507921685,1,0.95,1.0,0.0
-0.1451849507921685,1,0.95,1.0,0.0
-0.1451849507921685,1,0.95,1.0,0.0
-0.1451849507921685,1,0.95,1.0,0.0
-0.1451849507921685,1,0.95,1.0,0.0
-0.1451849507921685,1,0.95,1.0,0.0
-0.1451849507921685,1,0.95,1.0,0.0
-0.1451849507921685,1,0.95,1.0,0.0
-0.1451849507921685,1,0.95,1.0,0.0
-0.1451849507921685,1,0.95,1.0,0.0
-0.1451849507921685,1,0.95,1.0,0.0
-0.1451849507921685,1,0.95,1.0,0.0
-0.1451849507921685,1,0.95,1.0,0.0
-0.1451849507921685,1,0.95,1.0,0.0
-0.1451849507921685,1,0.95,1.0,0.0
-0.1451849507921685,1,0.95,1.0,0.0
-0.1451849507921685,1,0.95,1.0,0.0
-0.1451849507921685,1,0.95,1.0,0.0
-0.1451849507921685,1,0.95,1.0,0.0
-0.1451849507921685,1,0.95,1.0,0.0
-0.1451849507921685,1,0.95,1.0,0.0
-0.1451849507921685,1,0.95,1.0,0.0
-0.1451849507921685,1,0.95,1.0,0.0
-0.1451849507921685,1,0.95,1.0,0.0
-0.1451849507921685,1,0.95,1.0,0.0
-0.1451849507921685,1,0.95,1.0,0.0
-0.1451849507921685,1,0.95,1.0,0.0
-0.1451849507921685,1,0.95,1.0,0.0
1.0752909880370698,1,0.95,1.0,0.0
0.9405145039945774,1,0.95,1.0,0.0
0.9405145039945774,1,0.95,1.0,0.0
0.9330269215477724,1,0.95,1.0,0.0
0.9105641742073568,1,0.95,1.0,0.0
-0.1451849507921685,1,0.95,1.0,0.0
-0.1451849507921685,1,0.95,1.0,0.0
-0.1451849507921685,1,0.95,1.0,0.0
-0.1451849507921685,1,0.95,1.0,0.0
-0.1451849507921685,1,0.95,1.0,0.0
-0.1451849507921685,1,0.95,1.0,0.0
-0.1451849507921685,1,0.95,1.0,0.0
-0.1451849507921685,1,0.95,1.0,0.0
-0.1451849507921685,1,0.95,1.0,0.0
-0.1451849507921685,1,0.95,1.0,0.0
-0.1451849507921685,1,0.95,1.0,0.0
-0.1451849507921685,1,0.95,1.0,0.0
-0.1451849507921685,1,0.95,1.0,0.0
-0.1451849507921685,1,0.95,1.0,0.0
-0.1451849507921685,1,0.95,1.0,0.0
-0.1451849507921685,1,0.95,1.0,0.0
-0.1451849507921685,1,0.95,1.0,0.0
-0.1451849507921685,1,0.95,1.0,0.0
-0.1451849507921685,1,0.95,1.0,0.0
-0.1451849507921685,1,0.95,1.0,0.0
-0.1451849507921685,1,0.95,1.0,0.0
-0.1451849507921685,1,0.95,1.0,0.0
-0.1451849507921685,1,0.95,1.0,0.0
-0.1451849507921685,1,0.95,1.0,0.0
-0.1451849507921685,1,0.95,1.0,0.0
-0.1451849507921685,1,0.95,1.0,0.0
-0.1451849507921685,1,0.95,1.0,0.0
-0.1451849507921685,1,0.95,1.0,0.0
-0.1451849507921685,1,0.95,1.0,0.0
-0.1451849507921685,1,0.95,1.0,0.0
-0.1451849507921685,1,0.95,1.0,0.0
-0.1451849507921685,1,0.95,1.0,0.0
-0.1451849507921685,1,0.95,1.0,0.0
-0.1451849507921685,1,0.95,1.0,0.0
-0.1451849507921685,1,0.95,1.0,0.0
-0.1451849507921685,1,0.95,1.0,0.0
0.9405145039945774,1,0.95,1.0,0.0
0.9405145039945774,1,0.95,1.0,0.0
0.9255393391009673,1,0.95,1.0,0.0
-0.1451849507921685,1,0.95,1.0,0.0
-0.1451849507921685,1,0.95,1.0,0.0
-0.1451849507921685,1,0.95,1.0,0.0
-0.1451849507921685,1,0.95,1.0,0.0
-0.1451849507921685,1,0.95,1.0,0.0
-0.1451849507921685,1,0.95,1.0,0.0
-0.1451849507921685,1,0.95,1.0,0.0
-0.1451849507921685,1,0.95,1.0,0.0
-0.1451849507921685,1,0.95,1.0,0.0
-0.1451849507921685,1,0.95,1.0,0.0
-0.1451849507921685,1,0.95,1.0,0.0
-0.1451849507921685,1,0.95,1.0,0.0
-0.1451849507921685,1,0.95,1.0,0.0
-0.1451849507921685,1,0.95,1.0,0.0
-0.1451849507921685,1,0.95,1.0,0.0
-0.1451849507921685,1,0.95,1.0,0.0
-0.1451849507921685,1,0.95,1.0,0.0
-0.1451849507921685,1,0.95,1.0,0.0
-0.1451849507921685,1,0.95,1.0,0.0
-0.1451849507921685,1,0.95,1.0,0.0
-0.1451849507921685,1,0.95,1.0,0.0
-0.1451849507921685,1,0.95,1.0,0.0
-0.1451849507921685,1,0.95,1.0,0.0
-0.1451849507921685,1,0.95,1.0,0.0
-0.1451849507921685,1,0.95,1.0,0.0
-0.1451849507921685,1,0.95,1.0,0.0
-0.1451849507921685,1,0.95,1.0,0.0
-0.1451849507921685,1,0.95,1.0,0.0
-0.1451849507921685,1,0.95,1.0,0.0
-0.1451849507921685,1,0.95,1.0,0.0
-0.1451849507921685,1,0.95,1.0,0.0
-0.1451849507921685,1,0.95,1.0,0.0
-0.1451849507921685,1,0.95,1.0,0.0
-0.1451849507921685,1,0.95,1.0,0.0
1.0678034055902648,1,0.95,1.0,0.0
0.9405145039945774,1,0.95,1.0,0.0
0.9405145039945774,1,0.95,1.0,0.0
-0.1451849507921685,1,0.95,1.0,0.0
-0.1451849507921685,1,0.95,1.0,0.0
-0.1451849507921685,1,0.95,1.0,0.0
-0.1451849507921685,1,0.95,1.0,0.0
-0.1451849507921685,1,0.95,1.0,0.0
-0.1451849507921685,1,0.95,1.0,0.0
-0.1451849507921685,1,0.95,1.0,0.0
-0.1451849507921685,1,0.95,1.0,0.0
-0.1451849507921685,1,0.95,1.0,0.0
-0.1451849507921685,1,0.95,1.0,0.0
-0.1451849507921685,1,0.95,1.0,0.0
-0.1451849507921685,1,0.95,1.0,0.0
-0.1451849507921685,1,0.95,1.0,0.0
-0.1451849507921685,1,0.95,1.0,0.0
-0.1451849507921685,1,0.95,1.0,0.0
-0.1451849507921685,1,0.95,1.0,0.0
-0.1451849507921685,1,0.95,1.0,0.0
-0.1451849507921685,1,0.95,1.0,0.0
-0.1451849507921685,1,0.95,1.0,0.0
-0.1451849507921685,1,0.95,1.0,0.0
-0.1451849507921685,1,0.95,1.0,0.0
-0.1451849507921685,1,0.95,1.0,0.0
-0.1451849507921685,1,0.95,1.0,0.0
-0.1451849507921685,1,0.95,1.0,0.0
-0.1451849507921685,1,0.95,1.0,0.0
-0.1451849507921685,1,0.95,1.0,0.0
-0.1451849507921685,1,0.95,1.0,0.0
-0.1451849507921685,1,0.95,1.0,0.0
-0.1451849507921685,1,0.95,1.0,0.0
-0.1451849507921685,1,0.95,1.0,0.0
-0.1451849507921685,1,0.95,1.0,0.0
-0.1451849507921685,1,0.95,1.0,0.0
-0.1451849507921685,1,0.95,1.0,0.0
-0.1451849507921685,1,0.95,1.0,0.0
-0.1451849507921685,1,0.95,1.0,0.0
1.0603158231434595,1,0.95,1.0,0.0
1.0603158231434595,1,0.95,1.0,0.0
0.9405145039945774,1,0.95,1.0,0.0
0.9405145039945774,1,0.95,1.0,0.0
0.9330269215477724,1,0.95,1.0,0.0
0.9180517566541619,1,0.95,1.0,0.0
-0.1451849507921685,1,0.95,1.0,0.0
-0.1451849507921685,1,0.95,1.0,0.0
-0.1451849507921685,1,0.95,1.0,0.0
-0.1451849507921685,1,0.95,1.0,0.0
-0.1451849507921685,1,0.95,1.0,0.0
-0.1451849507921685,1,0.95,1.0,0.0
-0.1451849507921685,1,0.95,1.0,0.0
-0.1451849507921685,1,0.95,1.0,0.0
-0.1451849507921685,1,0.95,1.0,0.0
-0.1451849507921685,1,0.95,1.0,0.0
-0.1451849507921685,1,0.95,1.0,0.0
-0.1451849507921685,1,0.95,1.0,0.0
-0.1451849507921685,1,0.95,1.0,0.0
-0.1451849507921685,1,0.95,1.0,0.0
-0.1451849507921685,1,0.95,1.0,0.0
-0.1451849507921685,1,0.95,1.0,0.0
-0.1451849507921685,1,0.95,1.0,0.0
-0.1451849507921685,1,0.95,1.0,0.0
-0.1451849507921685,1,0.95,1.0,0.0
-0.1451849507921685,1,0.95,1.0,0.0
-0.1451849507921685,1,0.95,1.0,0.0
-0.1451849507921685,1,0.95,1.0,0.0
-0.1451849507921685,1,0.95,1.0,0.0
-0.1451849507921685,1,0.95,1.0,0.0
-0.1451849507921685,1,0.95,1.0,0.0
-0.1451849507921685,1,0.95,1.0,0.0
-0.1451849507921685,1,0.95,1.0,0.0
-0.1451849507921685,1,0.95,1.0,0.0
-0.1451849507921685,1,0.95,1.0,0.0
-0.1451849507921685,1,0.95,1.0,0.0
-0.1451849507921685,1,0.95,1.0,0.0
-0.1451849507921685,1,0.95,1.0,0.0
-0.1451849507921685,1,0.95,1.0,0.0
-0.1451849507921685,1,0.95,1.0,0.0
-0.1451849507921685,1,0.95,1.0,0.0
1.0079027460158236,1,0.95,1.0,0.0
0.9330269215477724,1,0.95,1.0,0.0
0.9330269215477724,1,0.95,1.0,0.0
0.9180517566541619,1,0.95,1.0,0.0
-0.1451849507921685,1,0.95,1.0,0.0
-0.1451849507921685,1,0.95,1.0,0.0
-0.1451849507921685,1,0.95,1.0,0.0
-0.1451849507921685,1,0.95,1.0,0.0
-0.1451849507921685,1,0.95,1.0,0.0
-0.1451849507921685,1,0.95,1.0,0.0
-0.1451849507921685,1,0.95,1.0,0.0
-0.1451849507921685,1,0.95,1.0,0.0
-0.1451849507921685,1,0.95,1.0,0.0
-0.1451849507921685,1,0.95,1.0,0.0
-0.1451849507921685,1,0.95,1.0,0.0
-0.1451849507921685,1,0.95,1.0,0.0
-0.1451849507921685,1,0.95,1.0,0.0
-0.1451849507921685,1,0.95,1.0,0.0
-0.1451849507921685,1,0.95,1.0,0.0
-0.1451849507921685,1,0.95,1.0,0.0
-0.1451849507921685,1,0.95,1.0,0.0
-0.1451849507921685,1,0.95,1.0,0.0
-0.1451849507921685,1,0.95,1.0,0.0
-0.1451849507921685,1,0.95,1.0,0.0
-0.1451849507921685,1,0.95,1.0,0.0
-0.1451849507921685,1,0.95,1.0,0.0
-0.1451849507921685,1,0.95,1.0,0.0
-0.1451849507921685,1,0.95,1.0,0.0
-0.1451849507921685,1,0.95,1.0,0.0
-0.1451849507921685,1,0.95,1.0,0.0
-0.1451849507921685,1,0.95,1.0,0.0
-0.1451849507921685,1,0.95,1.0,0.0
-0.1451849507921685,1,0.95,1.0,0.0
-0.1451849507921685,1,0.95,1.0,0.0
-0.1451849507921685,1,0.95,1.0,0.0
-0.1451849507921685,1,0.95,1.0,0.0
-0.1451849507921685,1,0.95,1.0,0.0
-0.1451849507921685,1,0.95,1.0,0.0
-0.1451849507921685,1,0.95,1.0,0.0
-0.1451849507921685,1,0.95,1.0,0.0
0.9405145039945774,1,0.95,1.0,0.0
0.9405145039945774,1,0.95,1.0,0.0
0.9330269215477724,1,0.95,1.0,0.0
0.9180517566541619,1,0.95,1.0,0.0
-0.1451849507921685,1,0.95,1.0,0.0
-0.1451849507921685,1,0.95,1.0,0.0
-0.1451849507921685,1,0.95,1.0,0.0
-0.1451849507921685,1,0.95,1.0,0.0
-0.1451849507921685,1,0.95,1.0,0.0
-0.1451849507921685,1,0.95,1.0,0.0
-0.1451849507921685,1,0.95,1.0,0.0
-0.1451849507921685,1,0.95,1.0,0.0
-0.1451849507921685,1,0.95,1.0,0.0
-0.1451849507921685,1,0.95,1.0,0.0
-0.1451849507921685,1,0.95,1.0,0.0
-0.1451849507921685,1,0.95,1.0,0.0
-0.1451849507921685,1,0.95,1.0,0.0
-0.1451849507921685,1,0.95,1.0,0.0
-0.1451849507921685,1,0.95,1.0,0.0
-0.1451849507921685,1,0.95,1.0,0.0
-0.1451849507921685,1,0.95,1.0,0.0
-0.1451849507921685,1,0.95,1.0,0.0
-0.1451849507921685,1,0.95,1.0,0.0
-0.1451849507921685,1,0.95,1.0,0.0
-0.1451849507921685,1,0.95,1.0,0.0
-0.1451849507921685,1,0.95,1.0,0.0
-0.1451849507921685,1,0.95,1.0,0.0
-0.1451849507921685,1,0.95,1.0,0.0
-0.1451849507921685,1,0.95,1.0,0.0
-0.1451849507921685,1,0.95,1.0,0.0
-0.1451849507921685,1,0.95,1.0,0.0
-0.1451849507921685,1,0.95,1.0,0.0
-0.1451849507921685,1,0.95,1.0,0.0
-0.1451849507921685,1,0.95,1.0,0.0
-0.1451849507921685,1,0.95,1.0,0.0
-0.1451849507921685,1,0.95,1.0,0.0
-0.1451849507921685,1,0.95,1.0,0.0
-0.1451849507921685,1,0.95,1.0,0.0
-0.1451849507921685,1,0.95,1.0,0.0
-0.1451849507921685,1,0.95,1.0,0.0
1.0678034055902648,1,0.95,1.0,0.0
1.0678034055902648,1,0.95,1.0,0.0
0.9854399986754081,1,0.95,1.0,0.0
0.9405145039945774,1,0.95,1.0,0.0
0.9330269215477724,1,0.95,1.0,0.0
0.9180517566541619,1,0.95,1.0,0.0
-0.1451849507921685,1,0.95,1.0,0.0
-0.1451849507921685,1,0.95,1.0,0.0
-0.1451849507921685,1,0.95,1.0,0.0
-0.1451849507921685,1,0.95,1.0,0.0
-0.1451849507921685,1,0.95,1.0,0.0
-0.1451849507921685,1,0.95,1.0,0.0
-0.1451849507921685,1,0.95,1.0,0.0
-0.1451849507921685,1,0.95,1.0,0.0
-0.1451849507921685,1,0.95,1.0,0.0
-0.1451849507921685,1,0.95,1.0,0.0
-0.1451849507921685,1,0.95,1.0,0.0
-0.1451849507921685,1,0.95,1.0,0.0
-0.1451849507921685,1,0.95,1.0,0.0
-0.1451849507921685,1,0.95,1.0,0.0
-0.1451849507921685,1,0.95,1.0,0.0
-0.1451849507921685,1,0.95,1.0,0.0
-0.1451849507921685,1,0.95,1.0,0.0
-0.1451849507921685,1,0.95,1.0,0.0
-0.1451849507921685,1,0.95,1.0,0.0
-0.1451849507921685,1,0.95,1.0,0.0
-0.1451849507921685,1,0.95,1.0,0.0
-0.1451849507921685,1,0.95,1.0,0.0
-0.1451849507921685,1,0.95,1.0,0.0
-0.1451849507921685,1,0.95,1.0,0.0
-0.1451849507921685,1,0.95,1.0,0.0
-0.1451849507921685,1,0.95,1.0,0.0
-0.1451849507921685,1,0.95,1.0,0.0
-0.1451849507921685,1,0.95,1.0,0.0
-0.1451849507921685,1,0.95,1.0,0.0
-0.1451849507921685,1,0.95,1.0,0.0
-0.1451849507921685,1,0.95,1.0,0.0
-0.1451849507921685,1,0.95,1.0,0.0
-0.1451849507921685,1,0.95,1.0,0.0
-0.1451849507921685,1,0.95,1.0,0.0
-0.1451849507921685,1,0.95,1.0,0.0
0.9480020864413825,1,0.95,1.0,0.0
0.9480020864413825,1,0.95,1.0,0.0
0.9330269215477724,1,0.95,1.0,0.0
0.9255393391009673,1,0.95,1.0,0.0
-0.1451849507921685,1,0.95,1.0,0.0
-0.1451849507921685,1,0.95,1.0,0.0
-0.1451849507921685,1,0.95,1.0,0.0
-0.1451849507921685,1,0.95,1.0,0.0
-0.1451849507921685,1,0.95,1.0,0.0
-0.1451849507921685,1,0.95,1.0,0.0
-0.1451849507921685,1,0.95,1.0,0.0
-0.1451849507921685,1,0.95,1.0,0.0
-0.1451849507921685,1,0.95,1.0,0.0
-0.1451849507921685,1,0.95,1.0,0.0
-0.1451849507921685,1,0.95,1.0,0.0
-0.1451849507921685,1,0.95,1.0,0.0
-0.1451849507921685,1,0.95,1.0,0.0
-0.1451849507921685,1,0.95,1.0,0.0
-0.1451849507921685,1,0.95,1.0,0.0
-0.1451849507921685,1,0.95,1.0,0.0
-0.1451849507921685,1,0.95,1.0,0.0
-0.1451849507921685,1,0.95,1.0,0.0
-0.1451849507921685,1,0.95,1.0,0.0
-0.1451849507921685,1,0.95,1.0,0.0
-0.1451849507921685,1,0.95,1.0,0.0
-0.1451849507921685,1,0.95,1.0,0.0
-0.1451849507921685,1,0.95,1.0,0.0
-0.1451849507921685,1,0.95,1.0,0.0
-0.1451849507921685,1,0.95,1.0,0.0
-0.1451849507921685,1,0.95,1.0,0.0
-0.1451849507921685,1,0.95,1.0,0.0
-0.1451849507921685,1,0.95,1.0,0.0
-0.1451849507921685,1,0.95,1.0,0.0
-0.1451849507921685,1,0.95,1.0,0.0
-0.1451849507921685,1,0.95,1.0,0.0
-0.1451849507921685,1,0.95,1.0,0.0
-0.1451849507921685,1,0.95,1.0,0.0
-0.1451849507921685,1,0.95,1.0,0.0
-0.1451849507921685,1,0.95,1.0,0.0
1.0079027460158236,1,0.95,1.0,0.0
1.0079027460158236,1,0.95,1.0,0.0
0.9480020864413825,1,0.95,1.0,0.0
-0.1451849507921685,1,0.95,1.0,0.0
-0.1451849507921685,1,0.95,1.0,0.0
-0.1451849507921685,1,0.95,1.0,0.0
-0.1451849507921685,1,0.95,1.0,0.0
-0.1451849507921685,1,0.95,1.0,0.0
-0.1451849507921685,1,0.95,1.0,0.0
-0.1451849507921685,1,0.95,1.0,0.0
-0.1451849507921685,1,0.95,1.0,0.0
-0.1451849507921685,1,0.95,1.0,0.0
-0.1451849507921685,1,0.95,1.0,0.0
-0.1451849507921685,1,0.95,1.0,0.0
-0.1451849507921685,1,0.95,1.0,0.0
-0.1451849507921685,1,0.95,1.0,0.0
-0.1451849507921685,1,0.95,1.0,0.0
-0.1451849507921685,1,0.95,1.0,0.0
-0.1451849507921685,1,0.95,1.0,0.0
-0.1451849507921685,1,0.95,1.0,0.0
-0.1451849507921685,1,0.95,1.0,0.0
-0.1451849507921685,1,0.95,1.0,0.0
-0.1451849507921685,1,0.95,1.0,0.0
-0.1451849507921685,1,0.95,1.0,0.0
-0.1451849507921685,1,0.95,1.0,0.0
-0.1451849507921685,1,0.95,1.0,0.0
-0.1451849507921685,1,0.95,1.0,0.0
-0.1451849507921685,1,0.95,1.0,0.0
-0.1451849507921685,1,0.95,1.0,0.0
-0.1451849507921685,1,0.95,1.0,0.0
-0.1451849507921685,1,0.95,1.0,0.0
-0.1451849507921685,1,0.95,1.0,0.0
-0.1451849507921685,1,0.95,1.0,0.0
-0.1451849507921685,1,0.95,1.0,0.0
-0.1451849507921685,1,0.95,1.0,0.0
-0.1451849507921685,1,0.95,1.0,0.0
-0.1451849507921685,1,0.95,1.0,0.0
-0.1451849507921685,1,0.95,1.0,0.0
-0.1451849507921685,1,0.95,1.0,0.0
1.022877910909434,1,0.95,1.0,0.0
1.022877910909434,1,0.95,1.0,0.0
0.9480020864413825,1,0.95,1.0,0.0
0.9405145039945774,1,0.95,1.0,0.0
0.9255393391009673,1,0.95,1.0,0.0
-0.1451849507921685,1,0.95,1.0,0.0
-0.1451849507921685,1,0.95,1.0,0.0
-0.1451849507921685,1,0.95,1.0,0.0
-0.1451849507921685,1,0.95,1.0,0.0
-0.1451849507921685,1,0.95,1.0,0.0
-0.1451849507921685,1,0.95,1.0,0.0
-0.1451849507921685,1,0.95,1.0,0.0
-0.1451849507921685,1,0.95,1.0,0.0
-0.1451849507921685,1,0.95,1.0,0.0
-0.1451849507921685,1,0.95,1.0,0.0
-0.1451849507921685,1,0.95,1.0,0.0
-0.1451849507921685,1,0.95,1.0,0.0
-0.1451849507921685,1,0.95,1.0,0.0
-0.1451849507921685,1,0.95,1.0,0.0
-0.1451849507921685,1,0.95,1.0,0.0
-0.1451849507921685,1,0.95,1.0,0.0
-0.1451849507921685,1,0.95,1.0,0.0
-0.1451849507921685,1,0.95,1.0,0.0
-0.1451849507921685,1,0.95,1.0,0.0
-0.1451849507921685,1,0.95,1.0,0.0
-0.1451849507921685,1,0.95,1.0,0.0
-0.1451849507921685,1,0.95,1.0,0.0
-0.1451849507921685,1,0.95,1.0,0.0
-0.1451849507921685,1,0.95,1.0,0.0
-0.1451849507921685,1,0.95,1.0,0.0
-0.1451849507921685,1,0.95,1.0,0.0
-0.1451849507921685,1,0.95,1.0,0.0
-0.1451849507921685,1,0.95,1.0,0.0
-0.1451849507921685,1,0.95,1.0,0.0
-0.1451849507921685,1,0.95,1.0,0.0
-0.1451849507921685,1,0.95,1.0,0.0
-0.1451849507921685,1,0.95,1.0,0.0
-0.1451849507921685,1,0.95,1.0,0.0
1.0752909880370698,1,0.95,1.0,0.0
0.977952416228603,1,0.95,1.0,0.0
0.9255393391009673,1,0.95,1.0,0.0
0.9255393391009673,1,0.95,1.0,0.0
-0.1451849507921685,1,0.95,1.0,0.0
-0.1451849507921685,1,0.95,1.0,0.0
-0.1451849507921685,1,0.95,1.0,0.0
-0.1451849507921685,1,0.95,1.0,0.0
-0.1451849507921685,1,0.95,1.0,0.0
-0.1451849507921685,1,0.95,1.0,0.0
-0.1451849507921685,1,0.95,1.0,0.0
-0.1451849507921685,1,0.95,1.0,0.0
-0.1451849507921685,1,0.95,1.0,0.0
-0.1451849507921685,1,0.95,1.0,0.0
-0.1451849507921685,1,0.95,1.0,0.0
-0.1451849507921685,1,0.95,1.0,0.0
-0.1451849507921685,1,0.95,1.0,0.0
-0.1451849507921685,1,0.95,1.0,0.0
-0.1451849507921685,1,0.95,1.0,0.0
-0.1451849507921685,1,0.95,1.0,0.0
-0.1451849507921685,1,0.95,1.0,0.0
-0.1451849507921685,1,0.95,1.0,0.0
-0.1451849507921685,1,0.95,1.0,0.0
-0.1451849507921685,1,0.95,1.0,0.0
-0.1451849507921685,1,0.95,1.0,0.0
-0.1451849507921685,1,0.95,1.0,0.0
-0.1451849507921685,1,0.95,1.0,0.0
-0.1451849507921685,1,0.95,1.0,0.0
-0.1451849507921685,1,0.95,1.0,0.0
-0.1451849507921685,1,0.95,1.0,0.0
-0.1451849507921685,1,0.95,1.0,0.0
-0.1451849507921685,1,0.95,1.0,0.0
-0.1451849507921685,1,0.95,1.0,0.0
-0.1451849507921685,1,0.95,1.0,0.0
-0.1451849507921685,1,0.95,1.0,0.0
-0.1451849507921685,1,0.95,1.0,0.0
-0.1451849507921685,1,0.95,1.0,0.0
-0.1451849507921685,1,0.95,1.0,0.0
-0.1451849507921685,1,0.95,1.0,0.0
-0.1451849507921685,1,0.95,1.0,0.0
1.030365493356239,1,0.95,1.0,0.0
0.9554896688881876,1,0.95,1.0,0.0
0.9480020864413825,1,0.95,1.0,0.0
0.9330269215477724,1,0.95,1.0,0.0
-0.1451849507921685,1,0.95,1.0,0.0
-0.1451849507921685,1,0.95,1.0,0.0
-0.1451849507921685,1,0.95,1.0,0.0
-0.1451849507921685,1,0.95,1.0,0.0
-0.1451849507921685,1,0.95,1.0,0.0
-0.1451849507921685,1,0.95,1.0,0.0
-0.1451849507921685,1,0.95,1.0,0.0
-0.1451849507921685,1,0.95,1.0,0.0
-0.1451849507921685,1,0.95,1.0,0.0
-0.1451849507921685,1,0.95,1.0,0.0
-0.1451849507921685,1,0.95,1.0,0.0
-0.1451849507921685,1,0.95,1.0,0.0
-0.1451849507921685,1,0.95,1.0,0.0
-0.1451849507921685,1,0.95,1.0,0.0
-0.1451849507921685,1,0.95,1.0,0.0
-0.1451849507921685,1,0.95,1.0,0.0
-0.1451849507921685,1,0.95,1.0,0.0
-0.1451849507921685,1,0.95,1.0,0.0
-0.1451849507921685,1,0.95,1.0,0.0
-0.1451849507921685,1,0.95,1.0,0.0
-0.1451849507921685,1,0.95,1.0,0.0
-0.1451849507921685,1,0.95,1.0,0.0
-0.1451849507921685,1,0.95,1.0,0.0
-0.1451849507921685,1,0.95,1.0,0.0
-0.1451849507921685,1,0.95,1.0,0.0
-0.1451849507921685,1,0.95,1.0,0.0
-0.1451849507921685,1,0.95,1.0,0.0
-0.1451849507921685,1,0.95,1.0,0.0
-0.1451849507921685,1,0.95,1.0,0.0
-0.1451849507921685,1,0.95,1.0,0.0
-0.1451849507921685,1,0.95,1.0,0.0
-0.1451849507921685,1,0.95,1.0,0.0
-0.1451849507921685,1,0.95,1.0,0.0
1.0453406582498492,1,0.95,1.0,0.0
1.0453406582498492,1,0.95,1.0,0.0
0.9330269215477724,1,0.95,1.0,0.0
0.9330269215477724,1,0.95,1.0,0.0
-0.1451849507921685,1,0.95,1.0,0.0
-0.1451849507921685,1,0.95,1.0,0.0
-0.1451849507921685,1,0.95,1.0,0.0
-0.1451849507921685,1,0.95,1.0,0.0
-0.1451849507921685,1,0.95,1.0,0.0
-0.1451849507921685,1,0.95,1.0,0.0
-0.1451849507921685,1,0.95,1.0,0.0
-0.1451849507921685,1,0.95,1.0,0.0
-0.1451849507921685,1,0.95,1.0,0.0
-0.1451849507921685,1,0.95,1.0,0.0
-0.1451849507921685,1,0.95,1.0,0.0
-0.1451849507921685,1,0.95,1.0,0.0
-0.1451849507921685,1,0.95,1.0,0.0
-0.1451849507921685,1,0.95,1.0,0.0
-0.1451849507921685,1,0.95,1.0,0.0
-0.1451849507921685,1,0.95,1.0,0.0
-0.1451849507921685,1,0.95,1.0,0.0
-0.1451849507921685,1,0.95,1.0,0.0
-0.1451849507921685,1,0.95,1.0,0.0
-0.1451849507921685,1,0.95,1.0,0.0
-0.1451849507921685,1,0.95,1.0,0.0
-0.1451849507921685,1,0.95,1.0,0.0
-0.1451849507921685,1,0.95,1.0,0.0
-0.1451849507921685,1,0.95,1.0,0.0
-0.1451849507921685,1,0.95,1.0,0.0
-0.1451849507921685,1,0.95,1.0,0.0
-0.1451849507921685,1,0.95,1.0,0.0
-0.1451849507921685,1,0.95,1.0,0.0
-0.1451849507921685,1,0.95,1.0,0.0
-0.1451849507921685,1,0.95,1.0,0.0
-0.1451849507921685,1,0.95,1.0,0.0
-0.1451849507921685,1,0.95,1.0,0.0
-0.1451849507921685,1,0.95,1.0,0.0
0.977952416228603,1,0.95,1.0,0.0
0.977952416228603,1,0.95,1.0,0.0
0.9554896688881876,1,0.95,1.0,0.0
0.9554896688881876,1,0.95,1.0,0.0
0.9480020864413825,1,0.95,1.0,0.0
0.9330269215477724,1,0.95,1.0,0.0
-0.1451849507921685,1,0.95,1.0,0.0
-0.1451849507921685,1,0.95,1.0,0.0
-0.1451849507921685,1,0.95,1.0,0.0
-0.1451849507921685,1,0.95,1.0,0.0
-0.1451849507921685,1,0.95,1.0,0.0
-0.1451849507921685,1,0.95,1.0,0.0
-0.1451849507921685,1,0.95,1.0,0.0
-0.1451849507921685,1,0.95,1.0,0.0
-0.1451849507921685,1,0.95,1.0,0.0
-0.1451849507921685,1,0.95,1.0,0.0
-0.1451849507921685,1,0.95,1.0,0.0
-0.1451849507921685,1,0.95,1.0,0.0
-0.1451849507921685,1,0.95,1.0,0.0
-0.1451849507921685,1,0.95,1.0,0.0
-0.1451849507921685,1,0.95,1.0,0.0
-0.1451849507921685,1,0.95,1.0,0.0
-0.1451849507921685,1,0.95,1.0,0.0
-0.1451849507921685,1,0.95,1.0,0.0
-0.1451849507921685,1,0.95,1.0,0.0
-0.1451849507921685,1,0.95,1.0,0.0
-0.1451849507921685,1,0.95,1.0,0.0
-0.1451849507921685,1,0.95,1.0,0.0
-0.1451849507921685,1,0.95,1.0,0.0
-0.1451849507921685,1,0.95,1.0,0.0
-0.1451849507921685,1,0.95,1.0,0.0
-0.1451849507921685,1,0.95,1.0,0.0
-0.1451849507921685,1,0.95,1.0,0.0
-0.1451849507921685,1,0.95,1.0,0.0
-0.1451849507921685,1,0.95,1.0,0.0
-0.1451849507921685,1,0.95,1.0,0.0
-0.1451849507921685,1,0.95,1.0,0.0
-0.1451849507921685,1,0.95,1.0,0.0
-0.1451849507921685,1,0.95,1.0,0.0
-0.1451849507921685,1,0.95,1.0,0.0
-0.1451849507921685,1,0.95,1.0,0.0
1.0827785704838748,1,0.95,1.0,0.0
0.9929275811222132,1,0.95,1.0,0.0
0.9330269215477724,1,0.95,1.0,0.0
0.9330269215477724,1,0.95,1.0,0.0
-0.1451849507921685,1,0.95,1.0,0.0
-0.1451849507921685,1,0.95,1.0,0.0
-0.1451849507921685,1,0.95,1.0,0.0
-0.1451849507921685,1,0.95,1.0,0.0
-0.1451849507921685,1,0.95,1.0,0.0
-0.1451849507921685,1,0.95,1.0,0.0
-0.1451849507921685,1,0.95,1.0,0.0
-0.1451849507921685,1,0.95,1.0,0.0
-0.1451849507921685,1,0.95,1.0,0.0
-0.1451849507921685,1,0.95,1.0,0.0
-0.1451849507921685,1,0.95,1.0,0.0
-0.1451849507921685,1,0.95,1.0,0.0
-0.1451849507921685,1,0.95,1.0,0.0
-0.1451849507921685,1,0.95,1.0,0.0
-0.1451849507921685,1,0.95,1.0,0.0
-0.1451849507921685,1,0.95,1.0,0.0
-0.1451849507921685,1,0.95,1.0,0.0
-0.1451849507921685,1,0.95,1.0,0.0
-0.1451849507921685,1,0.95,1.0,0.0
-0.1451849507921685,1,0.95,1.0,0.0
-0.1451849507921685,1,0.95,1.0,0.0
-0.1451849507921685,1,0.95,1.0,0.0
-0.1451849507921685,1,0.95,1.0,0.0
-0.1451849507921685,1,0.95,1.0,0.0
-0.1451849507921685,1,0.95,1.0,0.0
-0.1451849507921685,1,0.95,1.0,0.0
-0.1451849507921685,1,0.95,1.0,0.0
-0.1451849507921685,1,0.95,1.0,0.0
-0.1451849507921685,1,0.95,1.0,0.0
-0.1451849507921685,1,0.95,1.0,0.0
-0.1451849507921685,1,0.95,1.0,0.0
0.9629772513349929,1,0.95,1.0,0.0
0.9629772513349929,1,0.95,1.0,0.0
0.9405145039945774,1,0.95,1.0,0.0
-0.1451849507921685,1,0.95,1.0,0.0
-0.1451849507921685,1,0.95,1.0,0.0
-0.1451849507921685,1,0.95,1.0,0.0
-0.1451849507921685,1,0.95,1.0,0.0
-0.1451849507921685,1,0.95,1.0,0.0
-0.1451849507921685,1,0.95,1.0,0.0
-0.1451849507921685,1,0.95,1.0,0.0
-0.1451849507921685,1,0.95,1.0,0.0
-0.1451849507921685,1,0.95,1.0,0.0
-0.1451849507921685,1,0.95,1.0,0.0
-0.1451849507921685,1,0.95,1.0,0.0
-0.1451849507921685,1,0.95,1.0,0.0
-0.1451849507921685,1,0.95,1.0,0.0
-0.1451849507921685,1,0.95,1.0,0.0
-0.1451849507921685,1,0.95,1.0,0.0
-0.1451849507921685,1,0.95,1.0,0.0
-0.1451849507921685,1,0.95,1.0,0.0
-0.1451849507921685,1,0.95,1.0,0.0
-0.1451849507921685,1,0.95,1.0,0.0
-0.1451849507921685,1,0.95,1.0,0.0
-0.1451849507921685,1,0.95,1.0,0.0
-0.1451849507921685,1,0.95,1.0,0.0
-0.1451849507921685,1,0.95,1.0,0.0
-0.1451849507921685,1,0.95,1.0,0.0
-0.1451849507921685,1,0.95,1.0,0.0
-0.1451849507921685,1,0.95,1.0,0.0
-0.1451849507921685,1,0.95,1.0,0.0
-0.1451849507921685,1,0.95,1.0,0.0
-0.1451849507921685,1,0.95,1.0,0.0
-0.1451849507921685,1,0.95,1.0,0.0
-0.1451849507921685,1,0.95,1.0,0.0
1.0827785704838748,1,0.95,1.0,0.0
1.0827785704838748,1,0.95,1.0,0.0
0.9854399986754081,1,0.95,1.0,0.0
0.9704648337817978,1,0.95,1.0,0.0
0.9554896688881876,1,0.95,1.0,0.0
-0.1451849507921685,1,0.95,1.0,0.0
-0.1451849507921685,1,0.95,1.0,0.0
-0.1451849507921685,1,0.95,1.0,0.0
-0.1451849507921685,1,0.95,1.0,0.0
-0.1451849507921685,1,0.95,1.0,0.0
-0.1451849507921685,1,0.95,1.0,0.0
-0.1451849507921685,1,0.95,1.0,0.0
-0.1451849507921685,1,0.95,1.0,0.0
-0.1451849507921685,1,0.95,1.0,0.0
-0.1451849507921685,1,0.95,1.0,0.0
-0.1451849507921685,1,0.95,1.0,0.0
-0.1451849507921685,1,0.95,1.0,0.0
-0.1451849507921685,1,0.95,1.0,0.0
-0.1451849507921685,1,0.95,1.0,0.0
-0.1451849507921685,1,0.95,1.0,0.0
-0.1451849507921685,1,0.95,1.0,0.0
-0.1451849507921685,1,0.95,1.0,0.0
-0.1451849507921685,1,0.95,1.0,0.0
-0.1451849507921685,1,0.95,1.0,0.0
-0.1451849507921685,1,0.95,1.0,0.0
-0.1451849507921685,1,0.95,1.0,0.0
-0.1451849507921685,1,0.95,1.0,0.0
-0.1451849507921685,1,0.95,1.0,0.0
-0.1451849507921685,1,0.95,1.0,0.0
-0.1451849507921685,1,0.95,1.0,0.0
-0.1451849507921685,1,0.95,1.0,0.0
-0.1451849507921685,1,0.95,1.0,0.0
-0.1451849507921685,1,0.95,1.0,0.0
-0.1451849507921685,1,0.95,1.0,0.0
-0.1451849507921685,1,0.95,1.0,0.0
-0.1451849507921685,1,0.95,1.0,0.0
-0.1451849507921685,1,0.95,1.0,0.0
1.1052413178242901,1,0.95,1.0,0.0
1.030365493356239,1,0.95,1.0,0.0
0.977952416228603,1,0.95,1.0,0.0
0.9704648337817978,1,0.95,1.0,0.0
-0.1451849507921685,1,0.95,1.0,0.0
-0.1451849507921685,1,0.95,1.0,0.0
-0.1451849507921685,1,0.95,1.0,0.0
-0.1451849507921685,1,0.95,1.0,0.0
-0.1451849507921685,1,0.95,1.0,0.0
-0.1451849507921685,1,0.95,1.0,0.0
-0.1451849507921685,1,0.95,1.0,0.0
-0.1451849507921685,1,0.95,1.0,0.0
-0.1451849507921685,1,0.95,1.0,0.0
-0.1451849507921685,1,0.95,1.0,0.0
-0.1451849507921685,1,0.95,1.0,0.0
-0.1451849507921685,1,0.95,1.0,0.0
-0.1451849507921685,1,0.95,1.0,0.0
-0.1451849507921685,1,0.95,1.0,0.0
-0.1451849507921685,1,0.95,1.0,0.0
-0.1451849507921685,1,0.95,1.0,0.0
-0.1451849507921685,1,0.95,1.0,0.0
-0.1451849507921685,1,0.95,1.0,0.0
-0.1451849507921685,1,0.95,1.0,0.0
-0.1451849507921685,1,0.95,1.0,0.0
-0.1451849507921685,1,0.95,1.0,0.0
-0.1451849507921685,1,0.95,1.0,0.0
-0.1451849507921685,1,0.95,1.0,0.0
-0.1451849507921685,1,0.95,1.0,0.0
-0.1451849507921685,1,0.95,1.0,0.0
-0.1451849507921685,1,0.95,1.0,0.0
-0.1451849507921685,1,0.95,1.0,0.0
-0.1451849507921685,1,0.95,1.0,0.0
-0.1451849507921685,1,0.95,1.0,0.0
-0.1451849507921685,1,0.95,1.0,0.0
1.0603158231434595,1,0.95,1.0,0.0
1.0603158231434595,1,0.95,1.0,0.0
0.977952416228603,1,0.95,1.0,0.0
0.9704648337817978,1,0.95,1.0,0.0
-0.1451849507921685,1,0.95,1.0,0.0
-0.1451849507921685,1,0.95,1.0,0.0
-0.1451849507921685,1,0.95,1.0,0.0
-0.1451849507921685,1,0.95,1.0,0.0
-0.1451849507921685,1,0.95,1.0,0.0
-0.1451849507921685,1,0.95,1.0,0.0
-0.1451849507921685,1,0.95,1.0,0.0
-0.1451849507921685,1,0.95,1.0,0.0
-0.1451849507921685,1,0.95,1.0,0.0
-0.1451849507921685,1,0.95,1.0,0.0
-0.1451849507921685,1,0.95,1.0,0.0
-0.1451849507921685,1,0.95,1.0,0.0
-0.1451849507921685,1,0.95,1.0,0.0
-0.1451849507921685,1,0.95,1.0,0.0
-0.1451849507921685,1,0.95,1.0,0.0
-0.1451849507921685,1,0.95,1.0,0.0
-0.1451849507921685,1,0.95,1.0,0.0
-0.1451849507921685,1,0.95,1.0,0.0
-0.1451849507921685,1,0.95,1.0,0.0
-0.1451849507921685,1,0.95,1.0,0.0
-0.1451849507921685,1,0.95,1.0,0.0
-0.1451849507921685,1,0.95,1.0,0.0
-0.1451849507921685,1,0.95,1.0,0.0
-0.1451849507921685,1,0.95,1.0,0.0
-0.1451849507921685,1,0.95,1.0,0.0
-0.1451849507921685,1,0.95,1.0,0.0
-0.1451849507921685,1,0.95,1.0,0.0
-0.1451849507921685,1,0.95,1.0,0.0
-0.1451849507921685,1,0.95,1.0,0.0
-0.1451849507921685,1,0.95,1.0,0.0
-0.1451849507921685,1,0.95,1.0,0.0
-0.1451849507921685,1,0.95,1.0,0.0
-0.1451849507921685,1,0.95,1.0,0.0
1.0977537353774853,1,0.95,1.0,0.0
1.0004151635690184,1,0.95,1.0,0.0
0.9480020864413825,1,0.95,1.0,0.0
0.9480020864413825,1,0.95,1.0,0.0
-0.1451849507921685,1,0.95,1.0,0.0
-0.1451849507921685,1,0.95,1.0,0.0
-0.1451849507921685,1,0.95,1.0,0.0
-0.1451849507921685,1,0.95,1.0,0.0
-0.1451849507921685,1,0.95,1.0,0.0
-0.1451849507921685,1,0.95,1.0,0.0
-0.1451849507921685,1,0.95,1.0,0.0
-0.1451849507921685,1,0.95,1.0,0.0
-0.1451849507921685,1,0.95,1.0,0.0
-0.1451849507921685,1,0.95,1.0,0.0
-0.1451849507921685,1,0.95,1.0,0.0
-0.1451849507921685,1,0.95,1.0,0.0
-0.1451849507921685,1,0.95,1.0,0.0
-0.1451849507921685,1,0.95,1.0,0.0
-0.1451849507921685,1,0.95,1.0,0.0
-0.1451849507921685,1,0.95,1.0,0.0
-0.1451849507921685,1,0.95,1.0,0.0
-0.1451849507921685,1,0.95,1.0,0.0
-0.1451849507921685,1,0.95,1.0,0.0
-0.1451849507921685,1,0.95,1.0,0.0
-0.1451849507921685,1,0.95,1.0,0.0
-0.1451849507921685,1,0.95,1.0,0.0
-0.1451849507921685,1,0.95,1.0,0.0
-0.1451849507921685,1,0.95,1.0,0.0
-0.1451849507921685,1,0.95,1.0,0.0
-0.1451849507921685,1,0.95,1.0,0.0
-0.1451849507921685,1,0.95,1.0,0.0
-0.1451849507921685,1,0.95,1.0,0.0
-0.1451849507921685,1,0.95,1.0,0.0
-0.1451849507921685,1,0.95,1.0,0.0
-0.1451849507921685,1,0.95,1.0,0.0
-0.1451849507921685,1,0.95,1.0,0.0
0.9704648337817978,1,0.95,1.0,0.0
0.9704648337817978,1,0.95,1.0,0.0
0.9554896688881876,1,0.95,1.0,0.0
-0.1451849507921685,1,0.95,1.0,0.0
-0.1451849507921685,1,0.95,1.0,0.0
-0.1451849507921685,1,0.95,1.0,0.0
-0.1451849507921685,1,0.95,1.0,0.0
-0.1451849507921685,1,0.95,1.0,0.0
-0.1451849507921685,1,0.95,1.0,0.0
-0.1451849507921685,1,0.95,1.0,0.0
-0.1451849507921685,1,0.95,1.0,0.0
-0.1451849507921685,1,0.95,1.0,0.0
-0.1451849507921685,1,0.95,1.0,0.0
-0.1451849507921685,1,0.95,1.0,0.0
-0.1451849507921685,1,0.95,1.0,0.0
-0.1451849507921685,1,0.95,1.0,0.0
-0.1451849507921685,1,0.95,1.0,0.0
-0.1451849507921685,1,0.95,1.0,0.0
-0.1451849507921685,1,0.95,1.0,0.0
-0.1451849507921685,1,0.95,1.0,0.0
-0.1451849507921685,1,0.95,1.0,0.0
-0.1451849507921685,1,0.95,1.0,0.0
-0.1451849507921685,1,0.95,1.0,0.0
-0.1451849507921685,1,0.95,1.0,0.0
-0.1451849507921685,1,0.95,1.0,0.0
-0.1451849507921685,1,0.95,1.0,0.0
-0.1451849507921685,1,0.95,1.0,0.0
-0.1451849507921685,1,0.95,1.0,0.0
-0.1451849507921685,1,0.95,1.0,0.0
-0.1451849507921685,1,0.95,1.0,0.0
-0.1451849507921685,1,0.95,1.0,0.0
-0.1451849507921685,1,0.95,1.0,0.0
-0.1451849507921685,1,0.95,1.0,0.0
-0.1451849507921685,1,0.95,1.0,0.0
-0.1451849507921685,1,0.95,1.0,0.0
1.0603158231434595,1,0.95,1.0,0.0
1.0603158231434595,1,0.95,1.0,0.0
0.977952416228603,1,0.95,1.0,0.0
0.9629772513349929,1,0.95,1.0,0.0
0.9480020864413825,1,0.95,1.0,0.0
0.9330269215477724,1,0.95,1.0,0.0
-0.1451849507921685,1,0.95,1.0,0.0
-0.1451849507921685,1,0.95,1.0,0.0
-0.1451849507921685,1,0.95,1.0,0.0
-0.1451849507921685,1,0.95,1.0,0.0
-0.1451849507921685,1,0.95,1.0,0.0
-0.1451849507921685,1,0.95,1.0,0.0
-0.1451849507921685,1,0.95,1.0,0.0
-0.1451849507921685,1,0.95,1.0,0.0
-0.1451849507921685,1,0.95,1.0,0.0
-0.1451849507921685,1,0.95,1.0,0.0
-0.1451849507921685,1,0.95,1.0,0.0
-0.1451849507921685,1,0.95,1.0,0.0
-0.1451849507921685,1,0.95,1.0,0.0
-0.1451849507921685,1,0.95,1.0,0.0
-0.1451849507921685,1,0.95,1.0,0.0
-0.1451849507921685,1,0.95,1.0,0.0
-0.1451849507921685,1,0.95,1.0,0.0
-0.1451849507921685,1,0.95,1.0,0.0
-0.1451849507921685,1,0.95,1.0,0.0
-0.1451849507921685,1,0.95,1.0,0.0
-0.1451849507921685,1,0.95,1.0,0.0
-0.1451849507921685,1,0.95,1.0,0.0
-0.1451849507921685,1,0.95,1.0,0.0
-0.1451849507921685,1,0.95,1.0,0.0
-0.1451849507921685,1,0.95,1.0,0.0
-0.1451849507921685,1,0.95,1.0,0.0
-0.1451849507921685,1,0.95,1.0,0.0
-0.1451849507921685,1,0.95,1.0,0.0
-0.1451849507921685,1,0.95,1.0,0.0
-0.1451849507921685,1,0.95,1.0,0.0
-0.1451849507921685,1,0.95,1.0,0.0
-0.1451849507921685,1,0.95,1.0,0.0
-0.1451849507921685,1,0.95,1.0,0.0
-0.1451849507921685,1,0.95,1.0,0.0
-0.1451849507921685,1,0.95,1.0,0.0
1.09026615293068,1,0.95,1.0,0.0
0.9929275811222132,1,0.95,1.0,0.0
-0.1451849507921685,1,0.95,1.0,0.0
-0.1451849507921685,1,0.95,1.0,0.0
-0.1451849507921685,1,0.95,1.0,0.0
-0.1451849507921685,1,0.95,1.0,0.0
-0.1451849507921685,1,0.95,1.0,0.0
-0.1451849507921685,1,0.95,1.0,0.0
-0.1451849507921685,1,0.95,1.0,0.0
-0.1451849507921685,1,0.95,1.0,0.0
-0.1451849507921685,1,0.95,1.0,0.0
-0.1451849507921685,1,0.95,1.0,0.0
-0.1451849507921685,1,0.95,1.0,0.0
-0.1451849507921685,1,0.95,1.0,0.0
-0.1451849507921685,1,0.95,1.0,0.0
-0.1451849507921685,1,0.95,1.0,0.0
-0.1451849507921685,1,0.95,1.0,0.0
-0.1451849507921685,1,0.95,1.0,0.0
-0.1451849507921685,1,0.95,1.0,0.0
-0.1451849507921685,1,0.95,1.0,0.0
-0.1451849507921685,1,0.95,1.0,0.0
-0.1451849507921685,1,0.95,1.0,0.0
-0.1451849507921685,1,0.95,1.0,0.0
-0.1451849507921685,1,0.95,1.0,0.0
-0.1451849507921685,1,0.95,1.0,0.0
-0.1451849507921685,1,0.95,1.0,0.0
-0.1451849507921685,1,0.95,1.0,0.0
-0.1451849507921685,1,0.95,1.0,0.0
-0.1451849507921685,1,0.95,1.0,0.0
-0.1451849507921685,1,0.95,1.0,0.0
-0.1451849507921685,1,0.95,1.0,0.0
-0.1451849507921685,1,0.95,1.0,0.0
-0.1451849507921685,1,0.95,1.0,0.0
1.0752909880370698,1,0.95,1.0,0.0
1.0752909880370698,1,0.95,1.0,0.0
0.9629772513349929,1,0.95,1.0,0.0
0.9629772513349929,1,0.95,1.0,0.0
0.9480020864413825,1,0.95,1.0,0.0
-0.1451849507921685,1,0.95,1.0,0.0
-0.1451849507921685,1,0.95,1.0,0.0
-0.1451849507921685,1,0.95,1.0,0.0
-0.1451849507921685,1,0.95,1.0,0.0
-0.1451849507921685,1,0.95,1.0,0.0
-0.1451849507921685,1,0.95,1.0,0.0
-0.1451849507921685,1,0.95,1.0,0.0
-0.1451849507921685,1,0.95,1.0,0.0
-0.1451849507921685,1,0.95,1.0,0.0
-0.1451849507921685,1,0.95,1.0,0.0
-0.1451849507921685,1,0.95,1.0,0.0
-0.1451849507921685,1,0.95,1.0,0.0
-0.1451849507921685,1,0.95,1.0,0.0
-0.1451849507921685,1,0.95,1.0,0.0
-0.1451849507921685,1,0.95,1.0,0.0
-0.1451849507921685,1,0.95,1.0,0.0
-0.1451849507921685,1,0.95,1.0,0.0
-0.1451849507921685,1,0.95,1.0,0.0
-0.1451849507921685,1,0.95,1.0,0.0
-0.1451849507921685,1,0.95,1.0,0.0
-0.1451849507921685,1,0.95,1.0,0.0
-0.1451849507921685,1,0.95,1.0,0.0
-0.1451849507921685,1,0.95,1.0,0.0
-0.1451849507921685,1,0.95,1.0,0.0
-0.1451849507921685,1,0.95,1.0,0.0
-0.1451849507921685,1,0.95,1.0,0.0
-0.1451849507921685,1,0.95,1.0,0.0
-0.1451849507921685,1,0.95,1.0,0.0
-0.1451849507921685,1,0.95,1.0,0.0
-0.1451849507921685,1,0.95,1.0,0.0
-0.1451849507921685,1,0.95,1.0,0.0
-0.1451849507921685,1,0.95,1.0,0.0
1.1052413178242901,1,0.95,1.0,0.0
1.1052413178242901,1,0.95,1.0,0.0
0.9629772513349929,1,0.95,1.0,0.0
0.9629772513349929,1,0.95,1.0,0.0
0.9554896688881876,1,0.95,1.0,0.0
0.9405145039945774,1,0.95,1.0,0.0
-0.1451849507921685,1,0.95,1.0,0.0
-0.1451849507921685,1,0.95,1.0,0.0
-0.1451849507921685,1,0.95,1.0,0.0
-0.1451849507921685,1,0.95,1.0,0.0
-0.1451849507921685,1,0.95,1.0,0.0
-0.1451849507921685,1,0.95,1.0,0.0
-0.1451849507921685,1,0.95,1.0,0.0
-0.1451849507921685,1,0.95,1.0,0.0
-0.1451849507921685,1,0.95,1.0,0.0
-0.1451849507921685,1,0.95,1.0,0.0
-0.1451849507921685,1,0.95,1.0,0.0
-0.1451849507921685,1,0.95,1.0,0.0
-0.1451849507921685,1,0.95,1.0,0.0
-0.1451849507921685,1,0.95,1.0,0.0
-0.1451849507921685,1,0.95,1.0,0.0
-0.1451849507921685,1,0.95,1.0,0.0
-0.1451849507921685,1,0.95,1.0,0.0
-0.1451849507921685,1,0.95,1.0,0.0
-0.1451849507921685,1,0.95,1.0,0.0
-0.1451849507921685,1,0.95,1.0,0.0
-0.1451849507921685,1,0.95,1.0,0.0
-0.1451849507921685,1,0.95,1.0,0.0
-0.1451849507921685,1,0.95,1.0,0.0
-0.1451849507921685,1,0.95,1.0,0.0
-0.1451849507921685,1,0.95,1.0,0.0
-0.1451849507921685,1,0.95,1.0,0.0
-0.1451849507921685,1,0.95,1.0,0.0
-0.1451849507921685,1,0.95,1.0,0.0
-0.1451849507921685,1,0.95,1.0,0.0
-0.1451849507921685,1,0.95,1.0,0.0
-0.1451849507921685,1,0.95,1.0,0.0
-0.1451849507921685,1,0.95,1.0,0.0
1.09026615293068,1,0.95,1.0,0.0
1.022877910909434,1,0.95,1.0,0.0
0.9704648337817978,1,0.95,1.0,0.0
0.9629772513349929,1,0.95,1.0,0.0
-0.1451849507921685,1,0.95,1.0,0.0
-0.1451849507921685,1,0.95,1.0,0.0
-0.1451849507921685,1,0.95,1.0,0.0
-0.1451849507921685,1,0.95,1.0,0.0
-0.1451849507921685,1,0.95,1.0,0.0
-0.1451849507921685,1,0.95,1.0,0.0
-0.1451849507921685,1,0.95,1.0,0.0
-0.1451849507921685,1,0.95,1.0,0.0
-0.1451849507921685,1,0.95,1.0,0.0
-0.1451849507921685,1,0.95,1.0,0.0
-0.1451849507921685,1,0.95,1.0,0.0
-0.1451849507921685,1,0.95,1.0,0.0
-0.1451849507921685,1,0.95,1.0,0.0
-0.1451849507921685,1,0.95,1.0,0.0
-0.1451849507921685,1,0.95,1.0,0.0
-0.1451849507921685,1,0.95,1.0,0.0
-0.1451849507921685,1,0.95,1.0,0.0
-0.1451849507921685,1,0.95,1.0,0.0
-0.1451849507921685,1,0.95,1.0,0.0
-0.1451849507921685,1,0.95,1.0,0.0
-0.1451849507921685,1,0.95,1.0,0.0
-0.1451849507921685,1,0.95,1.0,0.0
-0.1451849507921685,1,0.95,1.0,0.0
-0.1451849507921685,1,0.95,1.0,0.0
-0.1451849507921685,1,0.95,1.0,0.0
-0.1451849507921685,1,0.95,1.0,0.0
-0.1451849507921685,1,0.95,1.0,0.0
-0.1451849507921685,1,0.95,1.0,0.0
-0.1451849507921685,1,0.95,1.0,0.0
-0.1451849507921685,1,0.95,1.0,0.0
-0.1451849507921685,1,0.95,1.0,0.0
-0.1451849507921685,1,0.95,1.0,0.0
-0.1451849507921685,1,0.95,1.0,0.0
1.09026615293068,1,0.95,1.0,0.0
1.0004151635690184,1,0.95,1.0,0.0
0.9405145039945774,1,0.95,1.0,0.0
0.9405145039945774,1,0.95,1.0,0.0
-0.1451849507921685,1,0.95,1.0,0.0
-0.1451849507921685,1,0.95,1.0,0.0
-0.1451849507921685,1,0.95,1.0,0.0
-0.1451849507921685,1,0.95,1.0,0.0
-0.1451849507921685,1,0.95,1.0,0.0
-0.1451849507921685,1,0.95,1.0,0.0
-0.1451849507921685,1,0.95,1.0,0.0
-0.1451849507921685,1,0.95,1.0,0.0
-0.1451849507921685,1,0.95,1.0,0.0
-0.1451849507921685,1,0.95,1.0,0.0
-0.1451849507921685,1,0.95,1.0,0.0
-0.1451849507921685,1,0.95,1.0,0.0
-0.1451849507921685,1,0.95,1.0,0.0
-0.1451849507921685,1,0.95,1.0,0.0
-0.1451849507921685,1,0.95,1.0,0.0
-0.1451849507921685,1,0.95,1.0,0.0
-0.1451849507921685,1,0.95,1.0,0.0
-0.1451849507921685,1,0.95,1.0,0.0
-0.1451849507921685,1,0.95,1.0,0.0
-0.1451849507921685,1,0.95,1.0,0.0
-0.1451849507921685,1,0.95,1.0,0.0
-0.1451849507921685,1,0.95,1.0,0.0
-0.1451849507921685,1,0.95,1.0,0.0
-0.1451849507921685,1,0.95,1.0,0.0
-0.1451849507921685,1,0.95,1.0,0.0
-0.1451849507921685,1,0.95,1.0,0.0
-0.1451849507921685,1,0.95,1.0,0.0
-0.1451849507921685,1,0.95,1.0,0.0
-0.1451849507921685,1,0.95,1.0,0.0
-0.1451849507921685,1,0.95,1.0,0.0
-0.1451849507921685,1,0.95,1.0,0.0
-0.1451849507921685,1,0.95,1.0,0.0
-0.1451849507921685,1,0.95,1.0,0.0
-0.1451849507921685,1,0.95,1.0,0.0
-0.1451849507921685,1,0.95,1.0,0.0
-0.1451849507921685,1,0.95,1.0,0.0
1.0827785704838748,1,0.95,1.0,0.0
0.977952416228603,1,0.95,1.0,0.0
0.9629772513349929,1,0.95,1.0,0.0
0.9480020864413825,1,0.95,1.0,0.0
0.9330269215477724,1,0.95,1.0,0.0
-0.1451849507921685,1,0.95,1.0,0.0
-0.1451849507921685,1,0.95,1.0,0.0
-0.1451849507921685,1,0.95,1.0,0.0
-0.1451849507921685,1,0.95,1.0,0.0
-0.1451849507921685,1,0.95,1.0,0.0
-0.1451849507921685,1,0.95,1.0,0.0
-0.1451849507921685,1,0.95,1.0,0.0
-0.1451849507921685,1,0.95,1.0,0.0
-0.1451849507921685,1,0.95,1.0,0.0
-0.1451849507921685,1,0.95,1.0,0.0
-0.1451849507921685,1,0.95,1.0,0.0
-0.1451849507921685,1,0.95,1.0,0.0
-0.1451849507921685,1,0.95,1.0,0.0
-0.1451849507921685,1,0.95,1.0,0.0
-0.1451849507921685,1,0.95,1.0,0.0
-0.1451849507921685,1,0.95,1.0,0.0
-0.1451849507921685,1,0.95,1.0,0.0
-0.1451849507921685,1,0.95,1.0,0.0
-0.1451849507921685,1,0.95,1.0,0.0
-0.1451849507921685,1,0.95,1.0,0.0
-0.1451849507921685,1,0.95,1.0,0.0
-0.1451849507921685,1,0.95,1.0,0.0
-0.1451849507921685,1,0.95,1.0,0.0
-0.1451849507921685,1,0.95,1.0,0.0
-0.1451849507921685,1,0.95,1.0,0.0
-0.1451849507921685,1,0.95,1.0,0.0
-0.1451849507921685,1,0.95,1.0,0.0
-0.1451849507921685,1,0.95,1.0,0.0
-0.1451849507921685,1,0.95,1.0,0.0
-0.1451849507921685,1,0.95,1.0,0.0
-0.1451849507921685,1,0.95,1.0,0.0
-0.1451849507921685,1,0.95,1.0,0.0
-0.1451849507921685,1,0.95,1.0,0.0
1.0827785704838748,1,0.95,1.0,0.0
-0.1451849507921685,1,0.95,1.0,0.0
-0.1451849507921685,1,0.95,1.0,0.0
-0.1451849507921685,1,0.95,1.0,0.0
-0.1451849507921685,1,0.95,1.0,0.0
-0.1451849507921685,1,0.95,1.0,0.0
-0.1451849507921685,1,0.95,1.0,0.0
-0.1451849507921685,1,0.95,1.0,0.0
-0.1451849507921685,1,0.95,1.0,0.0
-0.1451849507921685,1,0.95,1.0,0.0
-0.1451849507921685,1,0.95,1.0,0.0
-0.1451849507921685,1,0.95,1.0,0.0
-0.1451849507921685,1,0.95,1.0,0.0
-0.1451849507921685,1,0.95,1.0,0.0
-0.1451849507921685,1,0.95,1.0,0.0
-0.1451849507921685,1,0.95,1.0,0.0
-0.1451849507921685,1,0.95,1.0,0.0
-0.1451849507921685,1,0.95,1.0,0.0
-0.1451849507921685,1,0.95,1.0,0.0
-0.1451849507921685,1,0.95,1.0,0.0
-0.1451849507921685,1,0.95,1.0,0.0
-0.1451849507921685,1,0.95,1.0,0.0
-0.1451849507921685,1,0.95,1.0,0.0
-0.1451849507921685,1,0.95,1.0,0.0
-0.1451849507921685,1,0.95,1.0,0.0
-0.1451849507921685,1,0.95,1.0,0.0
-0.1451849507921685,1,0.95,1.0,0.0
-0.1451849507921685,1,0.95,1.0,0.0
-0.1451849507921685,1,0.95,1.0,0.0
-0.1451849507921685,1,0.95,1.0,0.0
-0.1451849507921685,1,0.95,1.0,0.0
-0.1451849507921685,1,0.95,1.0,0.0
-0.1451849507921685,1,0.95,1.0,0.0
-0.1451849507921685,1,0.95,1.0,0.0
-0.1451849507921685,1,0.95,1.0,0.0
1.0603158231434595,1,0.95,1.0,0.0
1.0603158231434595,1,0.95,1.0,0.0
0.9704648337817978,1,0.95,1.0,0.0
0.9554896688881876,1,0.95,1.0,0.0
0.9405145039945774,1,0.95,1.0,0.0
0.9255393391009673,1,0.95,1.0,0.0
-0.1451849507921685,1,0.95,1.0,0.0
-0.1451849507921685,1,0.95,1.0,0.0
-0.1451849507921685,1,0.95,1.0,0.0
-0.1451849507921685,1,0.95,1.0,0.0
-0.1451849507921685,1,0.95,1.0,0.0
-0.1451849507921685,1,0.95,1.0,0.0
-0.1451849507921685,1,0.95,1.0,0.0
-0.1451849507921685,1,0.95,1.0,0.0
-0.1451849507921685,1,0.95,1.0,0.0
-0.1451849507921685,1,0.95,1.0,0.0
-0.1451849507921685,1,0.95,1.0,0.0
-0.1451849507921685,1,0.95,1.0,0.0
-0.1451849507921685,1,0.95,1.0,0.0
-0.1451849507921685,1,0.95,1.0,0.0
-0.1451849507921685,1,0.95,1.0,0.0
-0.1451849507921685,1,0.95,1.0,0.0
-0.1451849507921685,1,0.95,1.0,0.0
-0.1451849507921685,1,0.95,1.0,0.0
-0.1451849507921685,1,0.95,1.0,0.0
-0.1451849507921685,1,0.95,1.0,0.0
-0.1451849507921685,1,0.95,1.0,0.0
-0.1451849507921685,1,0.95,1.0,0.0
-0.1451849507921685,1,0.95,1.0,0.0
-0.1451849507921685,1,0.95,1.0,0.0
-0.1451849507921685,1,0.95,1.0,0.0
-0.1451849507921685,1,0.95,1.0,0.0
-0.1451849507921685,1,0.95,1.0,0.0
-0.1451849507921685,1,0.95,1.0,0.0
-0.1451849507921685,1,0.95,1.0,0.0
-0.1451849507921685,1,0.95,1.0,0.0
-0.1451849507921685,1,0.95,1.0,0.0
-0.1451849507921685,1,0.95,1.0,0.0
-0.1451849507921685,1,0.95,1.0,0.0
1.0827785704838748,1,0.95,1.0,0.0
0.9929275811222132,1,0.95,1.0,0.0
0.9629772513349929,1,0.95,1.0,0.0
-0.1451849507921685,1,0.95,1.0,0.0
-0.1451849507921685,1,0.95,1.0,0.0
-0.1451849507921685,1,0.95,1.0,0.0
-0.1451849507921685,1,0.95,1.0,0.0
-0.1451849507921685,1,0.95,1.0,0.0
-0.1451849507921685,1,0.95,1.0,0.0
-0.1451849507921685,1,0.95,1.0,0.0
-0.1451849507921685,1,0.95,1.0,0.0
-0.1451849507921685,1,0.95,1.0,0.0
-0.1451849507921685,1,0.95,1.0,0.0
-0.1451849507921685,1,0.95,1.0,0.0
-0.1451849507921685,1,0.95,1.0,0.0
-0.1451849507921685,1,0.95,1.0,0.0
-0.1451849507921685,1,0.95,1.0,0.0
-0.1451849507921685,1,0.95,1.0,0.0
-0.1451849507921685,1,0.95,1.0,0.0
-0.1451849507921685,1,0.95,1.0,0.0
-0.1451849507921685,1,0.95,1.0,0.0
-0.1451849507921685,1,0.95,1.0,0.0
-0.1451849507921685,1,0.95,1.0,0.0
-0.1451849507921685,1,0.95,1.0,0.0
-0.1451849507921685,1,0.95,1.0,0.0
-0.1451849507921685,1,0.95,1.0,0.0
-0.1451849507921685,1,0.95,1.0,0.0
-0.1451849507921685,1,0.95,1.0,0.0
-0.1451849507921685,1,0.95,1.0,0.0
-0.1451849507921685,1,0.95,1.0,0.0
-0.1451849507921685,1,0.95,1.0,0.0
-0.1451849507921685,1,0.95,1.0,0.0
-0.1451849507921685,1,0.95,1.0,0.0
-0.1451849507921685,1,0.95,1.0,0.0
-0.1451849507921685,1,0.95,1.0,0.0
-0.1451849507921685,1,0.95,1.0,0.0
1.09026615293068,1,0.95,1.0,0.0
1.09026615293068,1,0.95,1.0,0.0
0.977952416228603,1,0.95,1.0,0.0
0.9554896688881876,1,0.95,1.0,0.0
0.9480020864413825,1,0.95,1.0,0.0
0.9330269215477724,1,0.95,1.0,0.0
-0.1451849507921685,1,0.95,1.0,0.0
-0.1451849507921685,1,0.95,1.0,0.0
-0.1451849507921685,1,0.95,1.0,0.0
-0.1451849507921685,1,0.95,1.0,0.0
-0.1451849507921685,1,0.95,1.0,0.0
-0.1451849507921685,1,0.95,1.0,0.0
-0.1451849507921685,1,0.95,1.0,0.0
-0.1451849507921685,1,0.95,1.0,0.0
-0.1451849507921685,1,0.95,1.0,0.0
-0.1451849507921685,1,0.95,1.0,0.0
-0.1451849507921685,1,0.95,1.0,0.0
-0.1451849507921685,1,0.95,1.0,0.0
-0.1451849507921685,1,0.95,1.0,0.0
-0.1451849507921685,1,0.95,1.0,0.0
-0.1451849507921685,1,0.95,1.0,0.0
-0.1451849507921685,1,0.95,1.0,0.0
-0.1451849507921685,1,0.95,1.0,0.0
-0.1451849507921685,1,0.95,1.0,0.0
-0.1451849507921685,1,0.95,1.0,0.0
-0.1451849507921685,1,0.95,1.0,0.0
-0.1451849507921685,1,0.95,1.0,0.0
-0.1451849507921685,1,0.95,1.0,0.0
-0.1451849507921685,1,0.95,1.0,0.0
-0.1451849507921685,1,0.95,1.0,0.0
-0.1451849507921685,1,0.95,1.0,0.0
-0.1451849507921685,1,0.95,1.0,0.0
-0.1451849507921685,1,0.95,1.0,0.0
-0.1451849507921685,1,0.95,1.0,0.0
-0.1451849507921685,1,0.95,1.0,0.0
-0.1451849507921685,1,0.95,1.0,0.0
-0.1451849507921685,1,0.95,1.0,0.0
-0.1451849507921685,1,0.95,1.0,0.0
-0.1451849507921685,1,0.95,1.0,0.0
-0.1451849507921685,1,0.95,1.0,0.0
1.0752909880370698,1,0.95,1.0,0.0
1.0079027460158236,1,0.95,1.0,0.0
0.9629772513349929,1,0.95,1.0,0.0
-0.1451849507921685,1,0.95,1.0,0.0
-0.1451849507921685,1,0.95,1.0,0.0
-0.1451849507921685,1,0.95,1.0,0.0
-0.1451849507921685,1,0.95,1.0,0.0
-0.1451849507921685,1,0.95,1.0,0.0
-0.1451849507921685,1,0.95,1.0,0.0
-0.1451849507921685,1,0.95,1.0,0.0
-0.1451849507921685,1,0.95,1.0,0.0
-0.1451849507921685,1,0.95,1.0,0.0
-0.1451849507921685,1,0.95,1.0,0.0
-0.1451849507921685,1,0.95,1.0,0.0
-0.1451849507921685,1,0.95,1.0,0.0
-0.1451849507921685,1,0.95,1.0,0.0
-0.1451849507921685,1,0.95,1.0,0.0
-0.1451849507921685,1,0.95,1.0,0.0
-0.1451849507921685,1,0.95,1.0,0.0
-0.1451849507921685,1,0.95,1.0,0.0
-0.1451849507921685,1,0.95,1.0,0.0
-0.1451849507921685,1,0.95,1.0,0.0
-0.1451849507921685,1,0.95,1.0,0.0
-0.1451849507921685,1,0.95,1.0,0.0
-0.1451849507921685,1,0.95,1.0,0.0
-0.1451849507921685,1,0.95,1.0,0.0
-0.1451849507921685,1,0.95,1.0,0.0
-0.1451849507921685,1,0.95,1.0,0.0
-0.1451849507921685,1,0.95,1.0,0.0
-0.1451849507921685,1,0.95,1.0,0.0
-0.1451849507921685,1,0.95,1.0,0.0
-0.1451849507921685,1,0.95,1.0,0.0
-0.1451849507921685,1,0.95,1.0,0.0
-0.1451849507921685,1,0.95,1.0,0.0
-0.1451849507921685,1,0.95,1.0,0.0
-0.1451849507921685,1,0.95,1.0,0.0
-0.1451849507921685,1,0.95,1.0,0.0
1.0603158231434595,1,0.95,1.0,0.0
1.0603158231434595,1,0.95,1.0,0.0
0.9629772513349929,1,0.95,1.0,0.0
0.9554896688881876,1,0.95,1.0,0.0
0.9405145039945774,1,0.95,1.0,0.0
0.9255393391009673,1,0.95,1.0,0.0
-0.1451849507921685,1,0.95,1.0,0.0
-0.1451849507921685,1,0.95,1.0,0.0
-0.1451849507921685,1,0.95,1.0,0.0
-0.1451849507921685,1,0.95,1.0,0.0
-0.1451849507921685,1,0.95,1.0,0.0
-0.1451849507921685,1,0.95,1.0,0.0
-0.1451849507921685,1,0.95,1.0,0.0
-0.1451849507921685,1,0.95,1.0,0.0
-0.1451849507921685,1,0.95,1.0,0.0
-0.1451849507921685,1,0.95,1.0,0.0
-0.1451849507921685,1,0.95,1.0,0.0
-0.1451849507921685,1,0.95,1.0,0.0
-0.1451849507921685,1,0.95,1.0,0.0
-0.1451849507921685,1,0.95,1.0,0.0
-0.1451849507921685,1,0.95,1.0,0.0
-0.1451849507921685,1,0.95,1.0,0.0
-0.1451849507921685,1,0.95,1.0,0.0
-0.1451849507921685,1,0.95,1.0,0.0
-0.1451849507921685,1,0.95,1.0,0.0
-0.1451849507921685,1,0.95,1.0,0.0
-0.1451849507921685,1,0.95,1.0,0.0
-0.1451849507921685,1,0.95,1.0,0.0
-0.1451849507921685,1,0.95,1.0,0.0
-0.1451849507921685,1,0.95,1.0,0.0
-0.1451849507921685,1,0.95,1.0,0.0
-0.1451849507921685,1,0.95,1.0,0.0
-0.1451849507921685,1,0.95,1.0,0.0
-0.1451849507921685,1,0.95,1.0,0.0
-0.1451849507921685,1,0.95,1.0,0.0
-0.1451849507921685,1,0.95,1.0,0.0
-0.1451849507921685,1,0.95,1.0,0.0
-0.1451849507921685,1,0.95,1.0,0.0
-0.1451849507921685,1,0.95,1.0,0.0
-0.1451849507921685,1,0.95,1.0,0.0
-0.1451849507921685,1,0.95,1.0,0.0
9.970538934841581,1,0.95,1.0,0.0
0.9405145039945774,1,0.95,1.0,0.0
0.9405145039945774,1,0.95,1.0,0.0
-0.1451849507921685,1,0.95,1.0,0.0
-0.1451849507921685,1,0.95,1.0,0.0
-0.1451849507921685,1,0.95,1.0,0.0
-0.1451849507921685,1,0.95,1.0,0.0
-0.1451849507921685,1,0.95,1.0,0.0
-0.1451849507921685,1,0.95,1.0,0.0
-0.1451849507921685,1,0.95,1.0,0.0
-0.1451849507921685,1,0.95,1.0,0.0
-0.1451849507921685,1,0.95,1.0,0.0
-0.1451849507921685,1,0.95,1.0,0.0
-0.1451849507921685,1,0.95,1.0,0.0
-0.1451849507921685,1,0.95,1.0,0.0
-0.1451849507921685,1,0.95,1.0,0.0
-0.1451849507921685,1,0.95,1.0,0.0
-0.1451849507921685,1,0.95,1.0,0.0
-0.1451849507921685,1,0.95,1.0,0.0
-0.1451849507921685,1,0.95,1.0,0.0
-0.1451849507921685,1,0.95,1.0,0.0
-0.1451849507921685,1,0.95,1.0,0.0
-0.1451849507921685,1,0.95,1.0,0.0
-0.1451849507921685,1,0.95,1.0,0.0
-0.1451849507921685,1,0.95,1.0,0.0
-0.1451849507921685,1,0.95,1.0,0.0
-0.1451849507921685,1,0.95,1.0,0.0
-0.1451849507921685,1,0.95,1.0,0.0
-0.1451849507921685,1,0.95,1.0,0.0
-0.1451849507921685,1,0.95,1.0,0.0
-0.1451849507921685,1,0.95,1.0,0.0
-0.1451849507921685,1,0.95,1.0,0.0
-0.1451849507921685,1,0.95,1.0,0.0
-0.1451849507921685,1,0.95,1.0,0.0
-0.1451849507921685,1,0.95,1.0,0.0
-0.1451849507921685,1,0.95,1.0,0.0
-0.1451849507921685,1,0.95,1.0,0.0
-0.1451849507921685,1,0.95,1.0,0.0
-0.1451849507921685,1,0.95,1.0,0.0
-0.1451849507921685,1,0.95,1.0,0.0
1.0827785704838748,1,0.95,1.0,0.0
0.9854399986754081,1,0.95,1.0,0.0
0.9629772513349929,1,0.95,1.0,0.0
0.9480020864413825,1,0.95,1.0,0.0
-0.1451849507921685,1,0.95,1.0,0.0
-0.1451849507921685,1,0.95,1.0,0.0
-0.1451849507921685,1,0.95,1.0,0.0
-0.1451849507921685,1,0.95,1.0,0.0
-0.1451849507921685,1,0.95,1.0,0.0
-0.1451849507921685,1,0.95,1.0,0.0
-0.1451849507921685,1,0.95,1.0,0.0
-0.1451849507921685,1,0.95,1.0,0.0
-0.1451849507921685,1,0.95,1.0,0.0
-0.1451849507921685,1,0.95,1.0,0.0
-0.1451849507921685,1,0.95,1.0,0.0
-0.1451849507921685,1,0.95,1.0,0.0
-0.1451849507921685,1,0.95,1.0,0.0
-0.1451849507921685,1,0.95,1.0,0.0
-0.1451849507921685,1,0.95,1.0,0.0
-0.1451849507921685,1,0.95,1.0,0.0
-0.1451849507921685,1,0.95,1.0,0.0
-0.1451849507921685,1,0.95,1.0,0.0
-0.1451849507921685,1,0.95,1.0,0.0
-0.1451849507921685,1,0.95,1.0,0.0
-0.1451849507921685,1,0.95,1.0,0.0
-0.1451849507921685,1,0.95,1.0,0.0
-0.1451849507921685,1,0.95,1.0,0.0
-0.1451849507921685,1,0.95,1.0,0.0
-0.1451849507921685,1,0.95,1.0,0.0
-0.1451849507921685,1,0.95,1.0,0.0
-0.1451849507921685,1,0.95,1.0,0.0
-0.1451849507921685,1,0.95,1.0,0.0
-0.1451849507921685,1,0.95,1.0,0.0
-0.1451849507921685,1,0.95,1.0,0.0
-0.1451849507921685,1,0.95,1.0,0.0
-0.1451849507921685,1,0.95,1.0,0.0
-0.1451849507921685,1,0.95,1.0,0.0
-0.1451849507921685,1,0.95,1.0,0.0
1.09026615293068,1,0.95,1.0,0.0
0.9405145039945774,1,0.95,1.0,0.0
0.9405145039945774,1,0.95,1.0,0.0
0.9255393391009673,1,0.95,1.0,0.0
-0.1451849507921685,1,0.95,1.0,0.0
-0.1451849507921685,1,0.95,1.0,0.0
-0.1451849507921685,1,0.95,1.0,0.0
-0.1451849507921685,1,0.95,1.0,0.0
-0.1451849507921685,1,0.95,1.0,0.0
-0.1451849507921685,1,0.95,1.0,0.0
-0.1451849507921685,1,0.95,1.0,0.0
-0.1451849507921685,1,0.95,1.0,0.0
-0.1451849507921685,1,0.95,1.0,0.0
-0.1451849507921685,1,0.95,1.0,0.0
-0.1451849507921685,1,0.95,1.0,0.0
-0.1451849507921685,1,0.95,1.0,0.0
-0.1451849507921685,1,0.95,1.0,0.0
-0.1451849507921685,1,0.95,1.0,0.0
-0.1451849507921685,1,0.95,1.0,0.0
-0.1451849507921685,1,0.95,1.0,0.0
-0.1451849507921685,1,0.95,1.0,0.0
-0.1451849507921685,1,0.95,1.0,0.0
-0.1451849507921685,1,0.95,1.0,0.0
-0.1451849507921685,1,0.95,1.0,0.0
-0.1451849507921685,1,0.95,1.0,0.0
-0.1451849507921685,1,0.95,1.0,0.0
-0.1451849507921685,1,0.95,1.0,0.0
-0.1451849507921685,1,0.95,1.0,0.0
-0.1451849507921685,1,0.95,1.0,0.0
-0.1451849507921685,1,0.95,1.0,0.0
-0.1451849507921685,1,0.95,1.0,0.0
-0.1451849507921685,1,0.95,1.0,0.0
-0.1451849507921685,1,0.95,1.0,0.0
-0.1451849507921685,1,0.95,1.0,0.0
-0.1451849507921685,1,0.95,1.0,0.0
-0.1451849507921685,1,0.95,1.0,0.0
-0.1451849507921685,1,0.95,1.0,0.0
-0.1451849507921685,1,0.95,1.0,0.0
1.0827785704838748,1,0.95,1.0,0.0
1.0827785704838748,1,0.95,1.0,0.0
0.9629772513349929,1,0.95,1.0,0.0
0.9480020864413825,1,0.95,1.0,0.0
0.9330269215477724,1,0.95,1.0,0.0
0.9180517566541619,1,0.95,1.0,0.0
-0.1451849507921685,1,0.95,1.0,0.0
-0.1451849507921685,1,0.95,1.0,0.0
-0.1451849507921685,1,0.95,1.0,0.0
-0.1451849507921685,1,0.95,1.0,0.0
-0.1451849507921685,1,0.95,1.0,0.0
-0.1451849507921685,1,0.95,1.0,0.0
-0.1451849507921685,1,0.95,1.0,0.0
-0.1451849507921685,1,0.95,1.0,0.0
-0.1451849507921685,1,0.95,1.0,0.0
-0.1451849507921685,1,0.95,1.0,0.0
-0.1451849507921685,1,0.95,1.0,0.0
-0.1451849507921685,1,0.95,1.0,0.0
-0.1451849507921685,1,0.95,1.0,0.0
-0.1451849507921685,1,0.95,1.0,0.0
-0.1451849507921685,1,0.95,1.0,0.0
-0.1451849507921685,1,0.95,1.0,0.0
-0.1451849507921685,1,0.95,1.0,0.0
-0.1451849507921685,1,0.95,1.0,0.0
-0.1451849507921685,1,0.95,1.0,0.0
-0.1451849507921685,1,0.95,1.0,0.0
-0.1451849507921685,1,0.95,1.0,0.0
-0.1451849507921685,1,0.95,1.0,0.0
-0.1451849507921685,1,0.95,1.0,0.0
-0.1451849507921685,1,0.95,1.0,0.0
-0.1451849507921685,1,0.95,1.0,0.0
-0.1451849507921685,1,0.95,1.0,0.0
-0.1451849507921685,1,0.95,1.0,0.0
-0.1451849507921685,1,0.95,1.0,0.0
-0.1451849507921685,1,0.95,1.0,0.0
-0.1451849507921685,1,0.95,1.0,0.0
-0.1451849507921685,1,0.95,1.0,0.0
-0.1451849507921685,1,0.95,1.0,0.0
-0.1451849507921685,1,0.95,1.0,0.0
-0.1451849507921685,1,0.95,1.0,0.0
0.9554896688881876,1,0.95,1.0,0.0
0.9554896688881876,1,0.95,1.0,0.0
0.9405145039945774,1,0.95,1.0,0.0
0.9255393391009673,1,0.95,1.0,0.0
-0.1451849507921685,1,0.95,1.0,0.0
-0.1451849507921685,1,0.95,1.0,0.0
-0.1451849507921685,1,0.95,1.0,0.0
-0.1451849507921685,1,0.95,1.0,0.0
-0.1451849507921685,1,0.95,1.0,0.0
-0.1451849507921685,1,0.95,1.0,0.0
-0.1451849507921685,1,0.95,1.0,0.0
-0.1451849507921685,1,0.95,1.0,0.0
-0.1451849507921685,1,0.95,1.0,0.0
-0.1451849507921685,1,0.95,1.0,0.0
-0.1451849507921685,1,0.95,1.0,0.0
-0.1451849507921685,1,0.95,1.0,0.0
-0.1451849507921685,1,0.95,1.0,0.0
-0.1451849507921685,1,0.95,1.0,0.0
-0.1451849507921685,1,0.95,1.0,0.0
-0.1451849507921685,1,0.95,1.0,0.0
-0.1451849507921685,1,0.95,1.0,0.0
-0.1451849507921685,1,0.95,1.0,0.0
-0.1451849507921685,1,0.95,1.0,0.0
-0.1451849507921685,1,0.95,1.0,0.0
-0.1451849507921685,1,0.95,1.0,0.0
-0.1451849507921685,1,0.95,1.0,0.0
-0.1451849507921685,1,0.95,1.0,0.0
-0.1451849507921685,1,0.95,1.0,0.0
-0.1451849507921685,1,0.95,1.0,0.0
-0.1451849507921685,1,0.95,1.0,0.0
-0.1451849507921685,1,0.95,1.0,0.0
-0.1451849507921685,1,0.95,1.0,0.0
-0.1451849507921685,1,0.95,1.0,0.0
-0.1451849507921685,1,0.95,1.0,0.0
-0.1451849507921685,1,0.95,1.0,0.0
-0.1451849507921685,1,0.95,1.0,0.0
-0.1451849507921685,1,0.95,1.0,0.0
-0.1451849507921685,1,0.95,1.0,0.0
-0.1451849507921685,1,0.95,1.0,0.0
-0.1451849507921685,1,0.95,1.0,0.0
1.030365493356239,1,0.95,1.0,0.0
0.9554896688881876,1,0.95,1.0,0.0
-0.1451849507921685,1,0.95,1.0,0.0
-0.1451849507921685,1,0.95,1.0,0.0
-0.1451849507921685,1,0.95,1.0,0.0
-0.1451849507921685,1,0.95,1.0,0.0
-0.1451849507921685,1,0.95,1.0,0.0
-0.1451849507921685,1,0.95,1.0,0.0
-0.1451849507921685,1,0.95,1.0,0.0
-0.1451849507921685,1,0.95,1.0,0.0
-0.1451849507921685,1,0.95,1.0,0.0
-0.1451849507921685,1,0.95,1.0,0.0
-0.1451849507921685,1,0.95,1.0,0.0
-0.1451849507921685,1,0.95,1.0,0.0
-0.1451849507921685,1,0.95,1.0,0.0
-0.1451849507921685,1,0.95,1.0,0.0
-0.1451849507921685,1,0.95,1.0,0.0
-0.1451849507921685,1,0.95,1.0,0.0
-0.1451849507921685,1,0.95,1.0,0.0
-0.1451849507921685,1,0.95,1.0,0.0
-0.1451849507921685,1,0.95,1.0,0.0
-0.1451849507921685,1,0.95,1.0,0.0
-0.1451849507921685,1,0.95,1.0,0.0
-0.1451849507921685,1,0.95,1.0,0.0
-0.1451849507921685,1,0.95,1.0,0.0
-0.1451849507921685,1,0.95,1.0,0.0
-0.1451849507921685,1,0.95,1.0,0.0
-0.1451849507921685,1,0.95,1.0,0.0
-0.1451849507921685,1,0.95,1.0,0.0
-0.1451849507921685,1,0.95,1.0,0.0
-0.1451849507921685,1,0.95,1.0,0.0
-0.1451849507921685,1,0.95,1.0,0.0
-0.1451849507921685,1,0.95,1.0,0.0
-0.1451849507921685,1,0.95,1.0,0.0
-0.1451849507921685,1,0.95,1.0,0.0
-0.1451849507921685,1,0.95,1.0,0.0
-0.1451849507921685,1,0.95,1.0,0.0
-0.1451849507921685,1,0.95,1.0,0.0
-0.1451849507921685,1,0.95,1.0,0.0
0.9554896688881876,1,0.95,1.0,0.0
0.9554896688881876,1,0.95,1.0,0.0
0.9405145039945774,1,0.95,1.0,0.0
0.9255393391009673,1,0.95,1.0,0.0
-0.1451849507921685,1,0.95,1.0,0.0
-0.1451849507921685,1,0.95,1.0,0.0
-0.1451849507921685,1,0.95,1.0,0.0
-0.1451849507921685,1,0.95,1.0,0.0
-0.1451849507921685,1,0.95,1.0,0.0
-0.1451849507921685,1,0.95,1.0,0.0
-0.1451849507921685,1,0.95,1.0,0.0
-0.1451849507921685,1,0.95,1.0,0.0
-0.1451849507921685,1,0.95,1.0,0.0
-0.1451849507921685,1,0.95,1.0,0.0
-0.1451849507921685,1,0.95,1.0,0.0
-0.1451849507921685,1,0.95,1.0,0.0
-0.1451849507921685,1,0.95,1.0,0.0
-0.1451849507921685,1,0.95,1.0,0.0
-0.1451849507921685,1,0.95,1.0,0.0
-0.1451849507921685,1,0.95,1.0,0.0
-0.1451849507921685,1,0.95,1.0,0.0
-0.1451849507921685,1,0.95,1.0,0.0
-0.1451849507921685,1,0.95,1.0,0.0
-0.1451849507921685,1,0.95,1.0,0.0
-0.1451849507921685,1,0.95,1.0,0.0
-0.1451849507921685,1,0.95,1.0,0.0
-0.1451849507921685,1,0.95,1.0,0.0
-0.1451849507921685,1,0.95,1.0,0.0
-0.1451849507921685,1,0.95,1.0,0.0
-0.1451849507921685,1,0.95,1.0,0.0
-0.1451849507921685,1,0.95,1.0,0.0
-0.1451849507921685,1,0.95,1.0,0.0
7.050381780587575,1,0.95,1.0,0.0
7.050381780587575,1,0.95,1.0,0.0
7.072844527927991,1,0.95,1.0,0.0
7.035406615693965,1,0.95,1.0,0.0
7.050381780587575,1,0.95,1.0,0.0
8.233419807182788,1,0.95,1.0,0.0
8.233419807182788,1,0.95,1.0,0.0
8.143568817821127,1,0.95,1.0,0.0
-0.13769736834536336,1,0.95,1.0,0.0
-0.13769736834536336,1,0.95,1.0,0.0
-0.13769736834536336,1,0.95,1.0,0.0
-0.13769736834536336,1,0.95,1.0,0.0
0.4837719747394636,1,0.95,1.0,0.0
0.47628439229265845,1,0.95,1.0,0.0
0.4687968098458532,1,0.95,1.0,0.0
0.46130922739904817,1,0.95,1.0,0.0
0.46130922739904817,1,0.95,1.0,0.0
0.46130922739904817,1,0.95,1.0,0.0
0.45382164495224303,1,0.95,1.0,0.0
0.45382164495224303,1,0.95,1.0,0.0
0.45382164495224303,1,0.95,1.0,0.0
0.45382164495224303,1,0.95,1.0,0.0
0.45382164495224303,1,0.95,1.0,0.0
0.45382164495224303,1,0.95,1.0,0.0
0.4463340625054379,1,0.95,1.0,0.0
0.4463340625054379,1,0.95,1.0,0.0
0.4463340625054379,1,0.95,1.0,0.0
0.4463340625054379,1,0.95,1.0,0.0
0.4463340625054379,1,0.95,1.0,0.0
0.43884648005863275,1,0.95,1.0,0.0
0.43884648005863275,1,0.95,1.0,0.0
0.4463340625054379,1,0.95,1.0,0.0
0.4463340625054379,1,0.95,1.0,0.0
0.4463340625054379,1,0.95,1.0,0.0
0.4463340625054379,1,0.95,1.0,0.0
0.43884648005863275,1,0.95,1.0,0.0
0.9255393391009673,1,0.95,1.0,0.0
0.9255393391009673,1,0.95,1.0,0.0
0.9330269215477724,1,0.95,1.0,0.0
0.43884648005863275,1,0.95,1.0,0.0
0.43884648005863275,1,0.95,1.0,0.0
0.43884648005863275,1,0.95,1.0,0.0
0.43884648005863275,1,0.95,1.0,0.0
0.43884648005863275,1,0.95,1.0,0.0
0.43884648005863275,1,0.95,1.0,0.0
1.9887760465472977,1,0.95,1.0,0.0
1.9887760465472977,1,0.95,1.0,0.0
1.9887760465472977,1,0.95,1.0,0.0
1.494595605058158,1,0.95,1.0,0.0
0.43884648005863275,1,0.95,1.0,0.0
0.43884648005863275,1,0.95,1.0,0.0
0.43884648005863275,1,0.95,1.0,0.0
0.9180517566541622,1,0.95,1.0,0.0
0.9180517566541622,1,0.95,1.0,0.0
0.9180517566541622,1,0.95,1.0,0.0
0.43884648005863275,1,0.95,1.0,0.0
0.43884648005863275,1,0.95,1.0,0.0
0.43884648005863275,1,0.95,1.0,0.0
0.9180517566541622,1,0.95,1.0,0.0
0.9180517566541622,1,0.95,1.0,0.0
0.9180517566541622,1,0.95,1.0,0.0
0.9030765917605517,1,0.95,1.0,0.0
0.4313588976118276,1,0.95,1.0,0.0
0.4313588976118276,1,0.95,1.0,0.0
0.43884648005863275,1,0.95,1.0,0.0
0.42387131516502247,1,0.95,1.0,0.0
0.3340203258033607,1,0.95,1.0,0.0
-0.1451849507921685,1,0.95,1.0,0.0
0.4313588976118276,1,0.95,1.0,0.0
0.9030765917605517,1,0.95,1.0,0.0
0.9030765917605517,1,0.95,1.0,0.0
0.9030765917605517,1,0.95,1.0,0.0
0.9030765917605517,1,0.95,1.0,0.0
0.9030765917605517,1,0.95,1.0,0.0
0.55116021676071,1,0.95,1.0,0.0
0.43884648005863275,1,0.95,1.0,0.0
0.4313588976118276,1,0.95,1.0,0.0
0.4313588976118276,1,0.95,1.0,0.0
0.9180517566541622,1,0.95,1.0,0.0
0.9030765917605517,1,0.95,1.0,0.0
0.9030765917605517,1,0.95,1.0,0.0
0.4313588976118276,1,0.95,1.0,0.0
1.502083187504963,1,0.95,1.0,0.0
1.502083187504963,1,0.95,1.0,0.0
1.9513381343132719,1,0.95,1.0,0.0
0.9030765917605517,1,0.95,1.0,0.0
0.9330269215477724,1,0.95,1.0,0.0
0.4463340625054379,1,0.95,1.0,0.0
0.45382164495224303,1,0.95,1.0,0.0
0.4463340625054379,1,0.95,1.0,0.0
0.4463340625054379,1,0.95,1.0,0.0
0.9330269215477724,1,0.95,1.0,0.0
0.9330269215477724,1,0.95,1.0,0.0
0.9330269215477724,1,0.95,1.0,0.0
0.4463340625054379,1,0.95,1.0,0.0
0.4463340625054379,1,0.95,1.0,0.0
0.4463340625054379,1,0.95,1.0,0.0
0.4463340625054379,1,0.95,1.0,0.0
0.9405145039945776,1,0.95,1.0,0.0
0.9480020864413827,1,0.95,1.0,0.0
0.9405145039945776,1,0.95,1.0,0.0
0.9330269215477724,1,0.95,1.0,0.0
0.4463340625054379,1,0.95,1.0,0.0
0.4463340625054379,1,0.95,1.0,0.0
0.9405145039945776,1,0.95,1.0,0.0
0.9405145039945776,1,0.95,1.0,0.0
0.9330269215477724,1,0.95,1.0,0.0
0.9330269215477724,1,0.95,1.0,0.0
0.4463340625054379,1,0.95,1.0,0.0
0.4463340625054379,1,0.95,1.0,0.0
0.4463340625054379,1,0.95,1.0,0.0
0.45382164495224303,1,0.95,1.0,0.0
0.9405145039945776,1,0.95,1.0,0.0
0.9330269215477724,1,0.95,1.0,0.0
0.9330269215477724,1,0.95,1.0,0.0
0.4463340625054379,1,0.95,1.0,0.0
0.43884648005863275,1,0.95,1.0,0.0
0.43884648005863275,1,0.95,1.0,0.0
0.4463340625054379,1,0.95,1.0,0.0
2.1010897832493747,1,0.95,1.0,0.0
2.1010897832493747,1,0.95,1.0,0.0
2.0187263763345182,1,0.95,1.0,0.0
2.0112387938877134,1,0.95,1.0,0.0
0.4463340625054379,1,0.95,1.0,0.0
0.4463340625054379,1,0.95,1.0,0.0
0.4313588976118276,1,0.95,1.0,0.0
0.43884648005863275,1,0.95,1.0,0.0
0.43884648005863275,1,0.95,1.0,0.0
0.43884648005863275,1,0.95,1.0,0.0
0.43884648005863275,1,0.95,1.0,0.0
0.43884648005863275,1,0.95,1.0,0.0
0.43884648005863275,1,0.95,1.0,0.0
0.43884648005863275,1,0.95,1.0,0.0
0.43884648005863275,1,0.95,1.0,0.0
0.4463340625054379,1,0.95,1.0,0.0
0.43884648005863275,1,0.95,1.0,0.0
0.43884648005863275,1,0.95,1.0,0.0
0.43884648005863275,1,0.95,1.0,0.0
0.43884648005863275,1,0.95,1.0,0.0
0.43884648005863275,1,0.95,1.0,0.0
0.43884648005863275,1,0.95,1.0,0.0
0.4463340625054379,1,0.95,1.0,0.0
0.43884648005863275,1,0.95,1.0,0.0
0.43884648005863275,1,0.95,1.0,0.0
0.43884648005863275,1,0.95,1.0,0.0
0.43884648005863275,1,0.95,1.0,0.0
0.43884648005863275,1,0.95,1.0,0.0
0.43884648005863275,1,0.95,1.0,0.0
0.43884648005863275,1,0.95,1.0,0.0
0.43884648005863275,1,0.95,1.0,0.0
0.43884648005863275,1,0.95,1.0,0.0
0.4463340625054379,1,0.95,1.0,0.0
0.43884648005863275,1,0.95,1.0,0.0
0.43884648005863275,1,0.95,1.0,0.0
0.43884648005863275,1,0.95,1.0,0.0
0.43884648005863275,1,0.95,1.0,0.0
0.43884648005863275,1,0.95,1.0,0.0
0.4463340625054379,1,0.95,1.0,0.0
0.4463340625054379,1,0.95,1.0,0.0
1.6218845066538456,1,0.95,1.0,0.0
1.6218845066538456,1,0.95,1.0,0.0
1.5844465944198196,1,0.95,1.0,0.0
1.5245459348453785,1,0.95,1.0,0.0
1.5170583523985735,1,0.95,1.0,0.0
1.502083187504963,1,0.95,1.0,0.0
0.4463340625054379,1,0.95,1.0,0.0
0.43884648005863275,1,0.95,1.0,0.0
0.43884648005863275,1,0.95,1.0,0.0
0.4463340625054379,1,0.95,1.0,0.0
0.4463340625054379,1,0.95,1.0,0.0
0.43884648005863275,1,0.95,1.0,0.0
0.4463340625054379,1,0.95,1.0,0.0
0.4463340625054379,1,0.95,1.0,0.0
0.4463340625054379,1,0.95,1.0,0.0
0.4463340625054379,1,0.95,1.0,0.0
0.4463340625054379,1,0.95,1.0,0.0
0.4463340625054379,1,0.95,1.0,0.0
0.4463340625054379,1,0.95,1.0,0.0
0.4463340625054379,1,0.95,1.0,0.0
0.43884648005863275,1,0.95,1.0,0.0
0.43884648005863275,1,0.95,1.0,0.0
0.43884648005863275,1,0.95,1.0,0.0
0.43884648005863275,1,0.95,1.0,0.0
0.4463340625054379,1,0.95,1.0,0.0
0.4463340625054379,1,0.95,1.0,0.0
0.4463340625054379,1,0.95,1.0,0.0
0.4463340625054379,1,0.95,1.0,0.0
0.4463340625054379,1,0.95,1.0,0.0
0.4463340625054379,1,0.95,1.0,0.0
0.43884648005863275,1,0.95,1.0,0.0
0.4463340625054379,1,0.95,1.0,0.0
0.4463340625054379,1,0.95,1.0,0.0
0.4463340625054379,1,0.95,1.0,0.0
0.4463340625054379,1,0.95,1.0,0.0
0.4463340625054379,1,0.95,1.0,0.0
0.43884648005863275,1,0.95,1.0,0.0
0.4463340625054379,1,0.95,1.0,0.0
0.4463340625054379,1,0.95,1.0,0.0
0.4463340625054379,1,0.95,1.0,0.0
1.5320335172921837,1,0.95,1.0,0.0
1.5320335172921837,1,0.95,1.0,0.0
1.5170583523985735,1,0.95,1.0,0.0
0.4463340625054379,1,0.95,1.0,0.0
0.4463340625054379,1,0.95,1.0,0.0
0.43884648005863275,1,0.95,1.0,0.0
0.4463340625054379,1,0.95,1.0,0.0
0.4463340625054379,1,0.95,1.0,0.0
0.4463340625054379,1,0.95,1.0,0.0
0.4463340625054379,1,0.95,1.0,0.0
0.4463340625054379,1,0.95,1.0,0.0
0.4463340625054379,1,0.95,1.0,0.0
0.4463340625054379,1,0.95,1.0,0.0
0.43884648005863275,1,0.95,1.0,0.0
0.4463340625054379,1,0.95,1.0,0.0
0.4463340625054379,1,0.95,1.0,0.0
0.4463340625054379,1,0.95,1.0,0.0
0.4463340625054379,1,0.95,1.0,0.0
0.4463340625054379,1,0.95,1.0,0.0
0.4463340625054379,1,0.95,1.0,0.0
0.4463340625054379,1,0.95,1.0,0.0
0.4463340625054379,1,0.95,1.0,0.0
0.4463340625054379,1,0.95,1.0,0.0
0.4463340625054379,1,0.95,1.0,0.0
0.4463340625054379,1,0.95,1.0,0.0
0.4463340625054379,1,0.95,1.0,0.0
0.4463340625054379,1,0.95,1.0,0.0
0.4463340625054379,1,0.95,1.0,0.0
0.4463340625054379,1,0.95,1.0,0.0
0.4463340625054379,1,0.95,1.0,0.0
0.4463340625054379,1,0.95,1.0,0.0
0.4463340625054379,1,0.95,1.0,0.0
0.4463340625054379,1,0.95,1.0,0.0
0.4463340625054379,1,0.95,1.0,0.0
0.4463340625054379,1,0.95,1.0,0.0
0.4463340625054379,1,0.95,1.0,0.0
0.4463340625054379,1,0.95,1.0,0.0
0.4463340625054379,1,0.95,1.0,0.0
0.4463340625054379,1,0.95,1.0,0.0
0.4463340625054379,1,0.95,1.0,0.0
1.547008682185794,1,0.95,1.0,0.0
1.5919341768666249,1,0.95,1.0,0.0
1.5320335172921837,1,0.95,1.0,0.0
1.5245459348453785,1,0.95,1.0,0.0
0.4463340625054379,1,0.95,1.0,0.0
0.4463340625054379,1,0.95,1.0,0.0
0.4463340625054379,1,0.95,1.0,0.0
0.4463340625054379,1,0.95,1.0,0.0
0.4463340625054379,1,0.95,1.0,0.0
0.4463340625054379,1,0.95,1.0,0.0
0.4463340625054379,1,0.95,1.0,0.0
0.4463340625054379,1,0.95,1.0,0.0
0.4463340625054379,1,0.95,1.0,0.0
0.4463340625054379,1,0.95,1.0,0.0
0.4463340625054379,1,0.95,1.0,0.0
0.4463340625054379,1,0.95,1.0,0.0
0.4463340625054379,1,0.95,1.0,0.0
0.43884648005863275,1,0.95,1.0,0.0
0.43884648005863275,1,0.95,1.0,0.0
0.43884648005863275,1,0.95,1.0,0.0
0.4463340625054379,1,0.95,1.0,0.0
0.4463340625054379,1,0.95,1.0,0.0
0.4463340625054379,1,0.95,1.0,0.0
0.4463340625054379,1,0.95,1.0,0.0
0.4463340625054379,1,0.95,1.0,0.0
0.4463340625054379,1,0.95,1.0,0.0
0.4463340625054379,1,0.95,1.0,0.0
0.4463340625054379,1,0.95,1.0,0.0
0.4463340625054379,1,0.95,1.0,0.0
0.4463340625054379,1,0.95,1.0,0.0
0.4463340625054379,1,0.95,1.0,0.0
27.206953727387024,1,0.95,1.0,1780.0
27.206953727387024,1,0.95,1.0,1780.0
27.147053067812582,1,0.95,1.0,1778.0
21.651167551857604,1,0.95,1.0,1778.0
20.59541842685808,1,0.95,1.0,1790.0
6.690977823140927,1,0.95,1.0,0.0
6.6760026582473175,1,0.95,1.0,0.0
0.4687968098458532,1,0.95,1.0,0.0
0.4687968098458532,1,0.95,1.0,0.0
0.4687968098458532,1,0.95,1.0,0.0
1.8390243976111946,1,0.95,1.0,0.0
1.7267106609091174,1,0.95,1.0,0.0
1.547008682185794,1,0.95,1.0,0.0
1.547008682185794,1,0.95,1.0,0.0
1.4945956050581584,1,0.95,1.0,0.0
1.4945956050581584,1,0.95,1.0,0.0
1.487108022611353,1,0.95,1.0,0.0
1.022877910909434,1,0.95,1.0,0.0
-0.1451849507921685,1,0.95,1.0,0.0
-0.1451849507921685,1,0.95,1.0,0.0
-0.1451849507921685,1,0.95,1.0,0.0
-0.1451849507921685,1,0.95,1.0,0.0
-0.1451849507921685,1,0.95,1.0,0.0
0.5436726343139048,1,0.95,1.0,0.0
0.45382164495224303,1,0.95,1.0,0.0
0.4463340625054379,1,0.95,1.0,0.0
0.4463340625054379,1,0.95,1.0,0.0
0.4463340625054379,1,0.95,1.0,0.0
0.4463340625054379,1,0.95,1.0,0.0
0.4463340625054379,1,0.95,1.0,0.0
0.4463340625054379,1,0.95,1.0,0.0
0.4463340625054379,1,0.95,1.0,0.0
0.4463340625054379,1,0.95,1.0,0.0
0.4463340625054379,1,0.95,1.0,0.0
0.4463340625054379,1,0.95,1.0,0.0
0.4463340625054379,1,0.95,1.0,0.0
0.4463340625054379,1,0.95,1.0,0.0
0.43884648005863275,1,0.95,1.0,0.0
0.43884648005863275,1,0.95,1.0,0.0
0.4463340625054379,1,0.95,1.0,0.0
0.4463340625054379,1,0.95,1.0,0.0
0.4463340625054379,1,0.95,1.0,0.0
0.9405145039945776,1,0.95,1.0,0.0
0.9405145039945776,1,0.95,1.0,0.0
0.43884648005863275,1,0.95,1.0,0.0
0.4463340625054379,1,0.95,1.0,0.0
0.4463340625054379,1,0.95,1.0,0.0
0.43884648005863275,1,0.95,1.0,0.0
0.4463340625054379,1,0.95,1.0,0.0
0.9330269215477724,1,0.95,1.0,0.0
0.9330269215477724,1,0.95,1.0,0.0
0.43884648005863275,1,0.95,1.0,0.0
0.43884648005863275,1,0.95,1.0,0.0
0.43884648005863275,1,0.95,1.0,0.0
0.43884648005863275,1,0.95,1.0,0.0
0.9330269215477724,1,0.95,1.0,0.0
0.9330269215477724,1,0.95,1.0,0.0
0.43884648005863275,1,0.95,1.0,0.0
0.43884648005863275,1,0.95,1.0,0.0
0.43884648005863275,1,0.95,1.0,0.0
0.43884648005863275,1,0.95,1.0,0.0
0.43884648005863275,1,0.95,1.0,0.0
0.9180517566541622,1,0.95,1.0,0.0
0.9180517566541622,1,0.95,1.0,0.0
0.9255393391009673,1,0.95,1.0,0.0
0.43884648005863275,1,0.95,1.0,0.0
0.43884648005863275,1,0.95,1.0,0.0
0.43884648005863275,1,0.95,1.0,0.0
0.43884648005863275,1,0.95,1.0,0.0
0.9330269215477724,1,0.95,1.0,0.0
0.9330269215477724,1,0.95,1.0,0.0
0.9330269215477724,1,0.95,1.0,0.0
0.9330269215477724,1,0.95,1.0,0.0
0.43884648005863275,1,0.95,1.0,0.0
0.43884648005863275,1,0.95,1.0,0.0
0.4313588976118276,1,0.95,1.0,0.0
0.43884648005863275,1,0.95,1.0,0.0
0.9180517566541622,1,0.95,1.0,0.0
0.9180517566541622,1,0.95,1.0,0.0
0.9180517566541622,1,0.95,1.0,0.0
0.9180517566541622,1,0.95,1.0,0.0
0.4313588976118276,1,0.95,1.0,0.0
0.43884648005863275,1,0.95,1.0,0.0
0.43884648005863275,1,0.95,1.0,0.0
0.9180517566541622,1,0.95,1.0,0.0
0.9180517566541622,1,0.95,1.0,0.0
0.9255393391009673,1,0.95,1.0,0.0
0.9255393391009673,1,0.95,1.0,0.0
0.4313588976118276,1,0.95,1.0,0.0
0.4313588976118276,1,0.95,1.0,0.0
0.43884648005863275,1,0.95,1.0,0.0
0.9180517566541622,1,0.95,1.0,0.0
0.9180517566541622,1,0.95,1.0,0.0
0.9180517566541622,1,0.95,1.0,0.0
0.9180517566541622,1,0.95,1.0,0.0
0.9255393391009673,1,0.95,1.0,0.0
0.4463340625054379,1,0.95,1.0,0.0
0.43884648005863275,1,0.95,1.0,0.0
0.9330269215477724,1,0.95,1.0,0.0
0.9330269215477724,1,0.95,1.0,0.0
0.9330269215477724,1,0.95,1.0,0.0
0.9330269215477724,1,0.95,1.0,0.0
0.9255393391009673,1,0.95,1.0,0.0
0.43884648005863275,1,0.95,1.0,0.0
0.4313588976118276,1,0.95,1.0,0.0
0.4313588976118276,1,0.95,1.0,0.0
0.4313588976118276,1,0.95,1.0,0.0
0.9180517566541622,1,0.95,1.0,0.0
0.9180517566541622,1,0.95,1.0,0.0
14.27589884175454,1,0.95,1.0,1784.0
14.290874006648151,1,0.95,1.0,1785.0
0.43884648005863275,1,0.95,1.0,0.0
0.43884648005863275,1,0.95,1.0,0.0
0.9330269215477724,1,0.95,1.0,0.0
0.9255393391009673,1,0.95,1.0,0.0
0.9255393391009673,1,0.95,1.0,0.0
0.9330269215477724,1,0.95,1.0,0.0
0.43884648005863275,1,0.95,1.0,0.0
0.43884648005863275,1,0.95,1.0,0.0
0.43884648005863275,1,0.95,1.0,0.0
0.9405145039945776,1,0.95,1.0,0.0
0.9330269215477724,1,0.95,1.0,0.0
0.9330269215477724,1,0.95,1.0,0.0
0.43884648005863275,1,0.95,1.0,0.0
0.43884648005863275,1,0.95,1.0,0.0
0.4313588976118276,1,0.95,1.0,0.0
0.4313588976118276,1,0.95,1.0,0.0
0.4313588976118276,1,0.95,1.0,0.0
0.43884648005863275,1,0.95,1.0,0.0
0.49125955718626874,1,0.95,1.0,0.0
0.49125955718626874,1,0.95,1.0,0.0
0.49125955718626874,1,0.95,1.0,0.0
0.49125955718626874,1,0.95,1.0,0.0
0.49125955718626874,1,0.95,1.0,0.0
0.49125955718626874,1,0.95,1.0,0.0
0.4987471396330739,1,0.95,1.0,0.0
0.49125955718626874,1,0.95,1.0,0.0
0.49125955718626874,1,0.95,1.0,0.0
0.49125955718626874,1,0.95,1.0,0.0
0.49125955718626874,1,0.95,1.0,0.0
0.49125955718626874,1,0.95,1.0,0.0
0.49125955718626874,1,0.95,1.0,0.0
0.49125955718626874,1,0.95,1.0,0.0
0.49125955718626874,1,0.95,1.0,0.0
0.49125955718626874,1,0.95,1.0,0.0
0.49125955718626874,1,0.95,1.0,0.0
0.49125955718626874,1,0.95,1.0,0.0
0.49125955718626874,1,0.95,1.0,0.0
0.49125955718626874,1,0.95,1.0,0.0
0.49125955718626874,1,0.95,1.0,0.0
0.49125955718626874,1,0.95,1.0,0.0
0.4987471396330739,1,0.95,1.0,0.0
0.4987471396330739,1,0.95,1.0,0.0
0.49125955718626874,1,0.95,1.0,0.0
0.49125955718626874,1,0.95,1.0,0.0
0.49125955718626874,1,0.95,1.0,0.0
0.49125955718626874,1,0.95,1.0,0.0
0.49125955718626874,1,0.95,1.0,0.0
0.49125955718626874,1,0.95,1.0,0.0
0.4987471396330739,1,0.95,1.0,0.0
0.49125955718626874,1,0.95,1.0,0.0
0.49125955718626874,1,0.95,1.0,0.0
0.49125955718626874,1,0.95,1.0,0.0
0.49125955718626874,1,0.95,1.0,0.0
0.4987471396330739,1,0.95,1.0,0.0
0.4987471396330739,1,0.95,1.0,0.0
0.49125955718626874,1,0.95,1.0,0.0
0.49125955718626874,1,0.95,1.0,0.0
0.49125955718626874,1,0.95,1.0,0.0
0.49125955718626874,1,0.95,1.0,0.0
0.49125955718626874,1,0.95,1.0,0.0
0.49125955718626874,1,0.95,1.0,0.0
0.49125955718626874,1,0.95,1.0,0.0
0.49125955718626874,1,0.95,1.0,0.0
0.49125955718626874,1,0.95,1.0,0.0
0.49125955718626874,1,0.95,1.0,0.0
0.49125955718626874,1,0.95,1.0,0.0
0.49125955718626874,1,0.95,1.0,0.0
0.49125955718626874,1,0.95,1.0,0.0
0.4987471396330739,1,0.95,1.0,0.0
0.49125955718626874,1,0.95,1.0,0.0
0.49125955718626874,1,0.95,1.0,0.0
0.49125955718626874,1,0.95,1.0,0.0
0.49125955718626874,1,0.95,1.0,0.0
0.49125955718626874,1,0.95,1.0,0.0
0.49125955718626874,1,0.95,1.0,0.0
0.4987471396330739,1,0.95,1.0,0.0
0.49125955718626874,1,0.95,1.0,0.0
0.4987471396330739,1,0.95,1.0,0.0
0.4987471396330739,1,0.95,1.0,0.0
0.4987471396330739,1,0.95,1.0,0.0
0.4987471396330739,1,0.95,1.0,0.0
0.4987471396330739,1,0.95,1.0,0.0
0.4987471396330739,1,0.95,1.0,0.0
0.4987471396330739,1,0.95,1.0,0.0
0.4987471396330739,1,0.95,1.0,0.0
0.4987471396330739,1,0.95,1.0,0.0
0.4987471396330739,1,0.95,1.0,0.0
0.4987471396330739,1,0.95,1.0,0.0
0.4987471396330739,1,0.95,1.0,0.0
0.4987471396330739,1,0.95,1.0,0.0
0.4987471396330739,1,0.95,1.0,0.0
0.4987471396330739,1,0.95,1.0,0.0
0.4987471396330739,1,0.95,1.0,0.0
0.4987471396330739,1,0.95,1.0,0.0
0.4987471396330739,1,0.95,1.0,0.0
0.4987471396330739,1,0.95,1.0,0.0
0.5062347220798791,1,0.95,1.0,0.0
0.4987471396330739,1,0.95,1.0,0.0
0.4987471396330739,1,0.95,1.0,0.0
0.4987471396330739,1,0.95,1.0,0.0
0.4987471396330739,1,0.95,1.0,0.0
0.4987471396330739,1,0.95,1.0,0.0
0.4987471396330739,1,0.95,1.0,0.0
0.4987471396330739,1,0.95,1.0,0.0
0.4987471396330739,1,0.95,1.0,0.0
0.4987471396330739,1,0.95,1.0,0.0
0.4987471396330739,1,0.95,1.0,0.0
-0.1451849507921685,1,0.95,1.0,0.0
-0.1451849507921685,1,0.95,1.0,0.0
-0.1451849507921685,1,0.95,1.0,0.0
-0.1451849507921685,1,0.95,1.0,0.0
-0.1451849507921685,1,0.95,1.0,0.0
-0.1451849507921685,1,0.95,1.0,0.0
-0.1451849507921685,1,0.95,1.0,0.0
-0.1451849507921685,1,0.95,1.0,0.0
-0.1451849507921685,1,0.95,1.0,0.0
-0.1451849507921685,1,0.95,1.0,0.0
-0.1451849507921685,1,0.95,1.0,0.0
-0.1451849507921685,1,0.95,1.0,0.0
-0.1451849507921685,1,0.95,1.0,0.0
-0.1451849507921685,1,0.95,1.0,0.0
-0.1451849507921685,1,0.95,1.0,0.0
-0.1451849507921685,1,0.95,1.0,0.0
-0.1451849507921685,1,0.95,1.0,0.0
-0.1451849507921685,1,0.95,1.0,0.0
-0.1451849507921685,1,0.95,1.0,0.0
-0.1451849507921685,1,0.95,1.0,0.0
-0.1451849507921685,1,0.95,1.0,0.0
-0.1451849507921685,1,0.95,1.0,0.0
-0.1451849507921685,1,0.95,1.0,0.0
-0.1451849507921685,1,0.95,1.0,0.0
-0.1451849507921685,1,0.95,1.0,0.0
-0.1451849507921685,1,0.95,1.0,0.0
-0.1451849507921685,1,0.95,1.0,0.0
-0.1451849507921685,1,0.95,1.0,0.0
-0.1451849507921685,1,0.95,1.0,0.0
-0.1451849507921685,1,0.95,1.0,0.0
-0.1451849507921685,1,0.95,1.0,0.0
-0.1451849507921685,1,0.95,1.0,0.0
-0.1451849507921685,1,0.95,1.0,0.0
-0.1451849507921685,1,0.95,1.0,0.0
-0.1451849507921685,1,0.95,1.0,0.0
-0.1451849507921685,1,0.95,1.0,0.0
-0.1451849507921685,1,0.95,1.0,0.0
-0.1451849507921685,1,0.95,1.0,0.0
-0.1451849507921685,1,0.95,1.0,0.0
-0.1451849507921685,1,0.95,1.0,0.0
-0.1451849507921685,1,0.95,1.0,0.0
-0.1451849507921685,1,0.95,1.0,0.0
-0.1451849507921685,1,0.95,1.0,0.0
-0.1451849507921685,1,0.95,1.0,0.0
-0.1451849507921685,1,0.95,1.0,0.0
-0.1451849507921685,1,0.95,1.0,0.0
-0.1451849507921685,1,0.95,1.0,0.0
-0.1451849507921685,1,0.95,1.0,0.0
-0.1451849507921685,1,0.95,1.0,0.0
-0.1451849507921685,1,0.95,1.0,0.0
-0.1451849507921685,1,0.95,1.0,0.0
-0.1451849507921685,1,0.95,1.0,0.0
-0.1451849507921685,1,0.95,1.0,0.0
-0.1451849507921685,1,0.95,1.0,0.0
-0.1451849507921685,1,0.95,1.0,0.0
-0.1451849507921685,1,0.95,1.0,0.0
-0.1451849507921685,1,0.95,1.0,0.0
-0.1451849507921685,1,0.95,1.0,0.0
-0.1451849507921685,1,0.95,1.0,0.0
-0.1451849507921685,1,0.95,1.0,0.0
-0.1451849507921685,1,0.95,1.0,0.0
-0.1451849507921685,1,0.95,1.0,0.0
-0.1451849507921685,1,0.95,1.0,0.0
-0.1451849507921685,1,0.95,1.0,0.0
-0.1451849507921685,1,0.95,1.0,0.0
-0.1451849507921685,1,0.95,1.0,0.0
-0.1451849507921685,1,0.95,1.0,0.0
-0.1451849507921685,1,0.95,1.0,0.0
-0.1451849507921685,1,0.95,1.0,0.0
-0.1451849507921685,1,0.95,1.0,0.0
-0.1451849507921685,1,0.95,1.0,0.0
-0.1451849507921685,1,0.95,1.0,0.0
-0.1451849507921685,1,0.95,1.0,0.0
-0.1451849507921685,1,0.95,1.0,0.0
-0.1451849507921685,1,0.95,1.0,0.0
-0.1451849507921685,1,0.95,1.0,0.0
-0.1451849507921685,1,0.95,1.0,0.0
-0.1451849507921685,1,0.95,1.0,0.0
-0.1451849507921685,1,0.95,1.0,0.0
-0.1451849507921685,1,0.95,1.0,0.0
-0.1451849507921685,1,0.95,1.0,0.0
-0.1451849507921685,1,0.95,1.0,0.0
-0.1451849507921685,1,0.95,1.0,0.0
-0.1451849507921685,1,0.95,1.0,0.0
-0.1451849507921685,1,0.95,1.0,0.0
-0.1451849507921685,1,0.95,1.0,0.0
-0.1451849507921685,1,0.95,1.0,0.0
-0.1451849507921685,1,0.95,1.0,0.0
-0.1451849507921685,1,0.95,1.0,0.0
-0.1451849507921685,1,0.95,1.0,0.0
-0.1451849507921685,1,0.95,1.0,0.0
-0.1451849507921685,1,0.95,1.0,0.0
-0.1451849507921685,1,0.95,1.0,0.0
-0.1451849507921685,1,0.95,1.0,0.0
-0.1451849507921685,1,0.95,1.0,0.0
-0.1451849507921685,1,0.95,1.0,0.0
-0.1451849507921685,1,0.95,1.0,0.0
-0.1451849507921685,1,0.95,1.0,0.0
-0.1451849507921685,1,0.95,1.0,0.0
-0.1451849507921685,1,0.95,1.0,0.0
-0.1451849507921685,1,0.95,1.0,0.0
-0.1451849507921685,1,0.95,1.0,0.0
-0.1451849507921685,1,0.95,1.0,0.0
-0.1451849507921685,1,0.95,1.0,0.0
-0.1451849507921685,1,0.95,1.0,0.0
-0.1451849507921685,1,0.95,1.0,0.0
-0.1451849507921685,1,0.95,1.0,0.0
-0.1451849507921685,1,0.95,1.0,0.0
-0.1451849507921685,1,0.95,1.0,0.0
-0.1451849507921685,1,0.95,1.0,0.0
-0.1451849507921685,1,0.95,1.0,0.0
-0.1451849507921685,1,0.95,1.0,0.0
-0.1451849507921685,1,0.95,1.0,0.0
-0.1451849507921685,1,0.95,1.0,0.0
-0.1451849507921685,1,0.95,1.0,0.0
-0.1451849507921685,1,0.95,1.0,0.0
-0.1451849507921685,1,0.95,1.0,0.0
-0.1451849507921685,1,0.95,1.0,0.0
-0.1451849507921685,1,0.95,1.0,0.0
-0.1451849507921685,1,0.95,1.0,0.0
-0.1451849507921685,1,0.95,1.0,0.0
-0.1451849507921685,1,0.95,1.0,0.0
-0.1451849507921685,1,0.95,1.0,0.0
-0.1451849507921685,1,0.95,1.0,0.0
-0.1451849507921685,1,0.95,1.0,0.0
-0.1451849507921685,1,0.95,1.0,0.0
-0.1451849507921685,1,0.95,1.0,0.0
-0.1451849507921685,1,0.95,1.0,0.0
-0.1451849507921685,1,0.95,1.0,0.0
-0.1451849507921685,1,0.95,1.0,0.0
-0.1451849507921685,1,0.95,1.0,0.0
-0.1451849507921685,1,0.95,1.0,0.0
-0.1451849507921685,1,0.95,1.0,0.0
-0.1451849507921685,1,0.95,1.0,0.0
-0.1451849507921685,1,0.95,1.0,0.0
-0.1451849507921685,1,0.95,1.0,0.0
-0.1451849507921685,1,0.95,1.0,0.0
-0.1451849507921685,1,0.95,1.0,0.0
-0.1451849507921685,1,0.95,1.0,0.0
-0.1451849507921685,1,0.95,1.0,0.0
-0.1451849507921685,1,0.95,1.0,0.0
-0.1451849507921685,1,0.95,1.0,0.0
-0.1451849507921685,1,0.95,1.0,0.0
-0.1451849507921685,1,0.95,1.0,0.0
-0.1451849507921685,1,0.95,1.0,0.0
-0.1451849507921685,1,0.95,1.0,0.0
-0.1451849507921685,1,0.95,1.0,0.0
-0.1451849507921685,1,0.95,1.0,0.0
-0.1451849507921685,1,0.95,1.0,0.0
-0.1451849507921685,1,0.95,1.0,0.0
-0.1451849507921685,1,0.95,1.0,0.0
-0.1451849507921685,1,0.95,1.0,0.0
-0.1451849507921685,1,0.95,1.0,0.0
-0.1451849507921685,1,0.95,1.0,0.0
-0.1451849507921685,1,0.95,1.0,0.0
-0.1451849507921685,1,0.95,1.0,0.0
-0.1451849507921685,1,0.95,1.0,0.0
-0.1451849507921685,1,0.95,1.0,0.0
-0.1451849507921685,1,0.95,1.0,0.0
-0.1451849507921685,1,0.95,1.0,0.0
-0.1451849507921685,1,0.95,1.0,0.0
-0.1451849507921685,1,0.95,1.0,0.0
-0.1451849507921685,1,0.95,1.0,0.0
-0.1451849507921685,1,0.95,1.0,0.0
-0.1451849507921685,1,0.95,1.0,0.0
-0.1451849507921685,1,0.95,1.0,0.0
-0.1451849507921685,1,0.95,1.0,0.0
-0.1451849507921685,1,0.95,1.0,0.0
-0.1451849507921685,1,0.95,1.0,0.0
-0.1451849507921685,1,0.95,1.0,0.0
-0.1451849507921685,1,0.95,1.0,0.0
-0.1451849507921685,1,0.95,1.0,0.0
-0.1451849507921685,1,0.95,1.0,0.0
-0.1451849507921685,1,0.95,1.0,0.0
-0.1451849507921685,1,0.95,1.0,0.0
-0.1451849507921685,1,0.95,1.0,0.0
-0.1451849507921685,1,0.95,1.0,0.0
-0.1451849507921685,1,0.95,1.0,0.0
-0.1451849507921685,1,0.95,1.0,0.0
-0.1451849507921685,1,0.95,1.0,0.0
-0.1451849507921685,1,0.95,1.0,0.0
-0.1451849507921685,1,0.95,1.0,0.0
-0.1451849507921685,1,0.95,1.0,0.0
-0.1451849507921685,1,0.95,1.0,0.0
-0.1451849507921685,1,0.95,1.0,0.0
-0.1451849507921685,1,0.95,1.0,0.0
-0.1451849507921685,1,0.95,1.0,0.0
-0.1451849507921685,1,0.95,1.0,0.0
-0.1451849507921685,1,0.95,1.0,0.0
-0.1451849507921685,1,0.95,1.0,0.0
-0.1451849507921685,1,0.95,1.0,0.0
-0.1451849507921685,1,0.95,1.0,0.0
-0.1451849507921685,1,0.95,1.0,0.0
-0.1451849507921685,1,0.95,1.0,0.0
-0.1451849507921685,1,0.95,1.0,0.0
-0.1451849507921685,1,0.95,1.0,0.0
-0.1451849507921685,1,0.95,1.0,0.0
-0.1451849507921685,1,0.95,1.0,0.0
-0.1451849507921685,1,0.95,1.0,0.0
-0.1451849507921685,1,0.95,1.0,0.0
-0.1451849507921685,1,0.95,1.0,0.0
-0.1451849507921685,1,0.95,1.0,0.0
-0.1451849507921685,1,0.95,1.0,0.0
-0.1451849507921685,1,0.95,1.0,0.0
-0.1451849507921685,1,0.95,1.0,0.0
-0.1451849507921685,1,0.95,1.0,0.0
-0.1451849507921685,1,0.95,1.0,0.0
-0.1451849507921685,1,0.95,1.0,0.0
-0.1451849507921685,1,0.95,1.0,0.0
-0.1451849507921685,1,0.95,1.0,0.0
-0.1451849507921685,1,0.95,1.0,0.0
-0.1451849507921685,1,0.95,1.0,0.0
-0.1451849507921685,1,0.95,1.0,0.0
-0.1451849507921685,1,0.95,1.0,0.0
-0.1451849507921685,1,0.95,1.0,0.0
-0.1451849507921685,1,0.95,1.0,0.0
-0.1451849507921685,1,0.95,1.0,0.0
-0.1451849507921685,1,0.95,1.0,0.0
-0.1451849507921685,1,0.95,1.0,0.0
-0.1451849507921685,1,0.95,1.0,0.0
-0.1451849507921685,1,0.95,1.0,0.0
-0.1451849507921685,1,0.95,1.0,0.0
-0.1451849507921685,1,0.95,1.0,0.0
-0.1451849507921685,1,0.95,1.0,0.0
-0.1451849507921685,1,0.95,1.0,0.0
-0.1451849507921685,1,0.95,1.0,0.0
-0.1451849507921685,1,0.95,1.0,0.0
-0.1451849507921685,1,0.95,1.0,0.0
-0.1451849507921685,1,0.95,1.0,0.0
-0.1451849507921685,1,0.95,1.0,0.0
-0.1451849507921685,1,0.95,1.0,0.0
-0.1451849507921685,1,0.95,1.0,0.0
-0.1451849507921685,1,0.95,1.0,0.0
-0.1451849507921685,1,0.95,1.0,0.0
-0.1451849507921685,1,0.95,1.0,0.0
-0.1451849507921685,1,0.95,1.0,0.0
-0.1451849507921685,1,0.95,1.0,0.0
-0.1451849507921685,1,0.95,1.0,0.0
-0.1451849507921685,1,0.95,1.0,0.0
-0.1451849507921685,1,0.95,1.0,0.0
-0.1451849507921685,1,0.95,1.0,0.0
-0.1451849507921685,1,0.95,1.0,0.0
-0.1451849507921685,1,0.95,1.0,0.0
-0.1451849507921685,1,0.95,1.0,0.0
-0.1451849507921685,1,0.95,1.0,0.0
-0.1451849507921685,1,0.95,1.0,0.0
-0.1451849507921685,1,0.95,1.0,0.0
-0.1451849507921685,1,0.95,1.0,0.0
-0.1451849507921685,1,0.95,1.0,0.0
-0.1451849507921685,1,0.95,1.0,0.0
-0.1451849507921685,1,0.95,1.0,0.0
-0.1451849507921685,1,0.95,1.0,0.0
-0.1451849507921685,1,0.95,1.0,0.0
-0.1451849507921685,1,0.95,1.0,0.0
-0.1451849507921685,1,0.95,1.0,0.0
-0.1451849507921685,1,0.95,1.0,0.0
-0.1451849507921685,1,0.95,1.0,0.0
-0.1451849507921685,1,0.95,1.0,0.0
-0.1451849507921685,1,0.95,1.0,0.0
-0.1451849507921685,1,0.95,1.0,0.0
-0.1451849507921685,1,0.95,1.0,0.0
-0.1451849507921685,1,0.95,1.0,0.0
-0.1451849507921685,1,0.95,1.0,0.0
-0.1451849507921685,1,0.95,1.0,0.0
-0.1451849507921685,1,0.95,1.0,0.0
-0.1451849507921685,1,0.95,1.0,0.0
-0.1451849507921685,1,0.95,1.0,0.0
-0.1451849507921685,1,0.95,1.0,0.0
-0.1451849507921685,1,0.95,1.0,0.0
-0.1451849507921685,1,0.95,1.0,0.0
-0.1451849507921685,1,0.95,1.0,0.0
-0.1451849507921685,1,0.95,1.0,0.0
-0.1451849507921685,1,0.95,1.0,0.0
-0.1451849507921685,1,0.95,1.0,0.0
-0.1451849507921685,1,0.95,1.0,0.0
-0.1451849507921685,1,0.95,1.0,0.0
-0.1451849507921685,1,0.95,1.0,0.0
-0.1451849507921685,1,0.95,1.0,0.0
-0.1451849507921685,1,0.95,1.0,0.0
-0.1451849507921685,1,0.95,1.0,0.0
-0.1451849507921685,1,0.95,1.0,0.0
-0.1451849507921685,1,0.95,1.0,0.0
-0.1451849507921685,1,0.95,1.0,0.0
-0.1451849507921685,1,0.95,1.0,0.0
-0.1451849507921685,1,0.95,1.0,0.0
-0.1451849507921685,1,0.95,1.0,0.0
-0.1451849507921685,1,0.95,1.0,0.0
-0.1451849507921685,1,0.95,1.0,0.0
-0.1451849507921685,1,0.95,1.0,0.0
-0.1451849507921685,1,0.95,1.0,0.0
-0.1451849507921685,1,0.95,1.0,0.0
-0.1451849507921685,1,0.95,1.0,0.0
-0.1451849507921685,1,0.95,1.0,0.0
-0.1451849507921685,1,0.95,1.0,0.0
-0.1451849507921685,1,0.95,1.0,0.0
-0.1451849507921685,1,0.95,1.0,0.0
-0.1451849507921685,1,0.95,1.0,0.0
-0.1451849507921685,1,0.95,1.0,0.0
-0.1451849507921685,1,0.95,1.0,0.0
-0.1451849507921685,1,0.95,1.0,0.0
-0.1451849507921685,1,0.95,1.0,0.0
-0.1451849507921685,1,0.95,1.0,0.0
-0.1451849507921685,1,0.95,1.0,0.0
-0.1451849507921685,1,0.95,1.0,0.0
-0.1451849507921685,1,0.95,1.0,0.0
-0.1451849507921685,1,0.95,1.0,0.0
-0.1451849507921685,1,0.95,1.0,0.0
-0.1451849507921685,1,0.95,1.0,0.0
-0.1451849507921685,1,0.95,1.0,0.0
-0.1451849507921685,1,0.95,1.0,0.0
-0.1451849507921685,1,0.95,1.0,0.0
-0.1451849507921685,1,0.95,1.0,0.0
-0.1451849507921685,1,0.95,1.0,0.0
-0.1451849507921685,1,0.95,1.0,0.0
-0.1451849507921685,1,0.95,1.0,0.0
-0.1451849507921685,1,0.95,1.0,0.0
-0.1451849507921685,1,0.95,1.0,0.0
-0.1451849507921685,1,0.95,1.0,0.0
-0.1451849507921685,1,0.95,1.0,0.0
-0.1451849507921685,1,0.95,1.0,0.0
-0.1451849507921685,1,0.95,1.0,0.0
-0.1451849507921685,1,0.95,1.0,0.0
-0.1451849507921685,1,0.95,1.0,0.0
-0.1451849507921685,1,0.95,1.0,0.0
-0.1451849507921685,1,0.95,1.0,0.0
-0.1451849507921685,1,0.95,1.0,0.0
-0.1451849507921685,1,0.95,1.0,0.0
-0.1451849507921685,1,0.95,1.0,0.0
-0.1451849507921685,1,0.95,1.0,0.0
-0.1451849507921685,1,0.95,1.0,0.0
-0.1451849507921685,1,0.95,1.0,0.0
-0.1451849507921685,1,0.95,1.0,0.0
-0.1451849507921685,1,0.95,1.0,0.0
-0.1451849507921685,1,0.95,1.0,0.0
-0.1451849507921685,1,0.95,1.0,0.0
-0.1451849507921685,1,0.95,1.0,0.0
-0.1451849507921685,1,0.95,1.0,0.0
-0.1451849507921685,1,0.95,1.0,0.0
-0.1451849507921685,1,0.95,1.0,0.0
-0.1451849507921685,1,0.95,1.0,0.0
-0.1451849507921685,1,0.95,1.0,0.0
-0.1451849507921685,1,0.95,1.0,0.0
-0.1451849507921685,1,0.95,1.0,0.0
-0.1451849507921685,1,0.95,1.0,0.0
-0.1451849507921685,1,0.95,1.0,0.0
-0.1451849507921685,1,0.95,1.0,0.0
-0.1451849507921685,1,0.95,1.0,0.0
-0.1451849507921685,1,0.95,1.0,0.0
-0.1451849507921685,1,0.95,1.0,0.0
-0.1451849507921685,1,0.95,1.0,0.0
-0.1451849507921685,1,0.95,1.0,0.0
-0.1451849507921685,1,0.95,1.0,0.0
-0.1451849507921685,1,0.95,1.0,0.0
-0.1451849507921685,1,0.95,1.0,0.0
-0.1451849507921685,1,0.95,1.0,0.0
-0.1451849507921685,1,0.95,1.0,0.0
-0.1451849507921685,1,0.95,1.0,0.0
-0.1451849507921685,1,0.95,1.0,0.0
-0.1451849507921685,1,0.95,1.0,0.0
-0.1451849507921685,1,0.95,1.0,0.0
-0.1451849507921685,1,0.95,1.0,0.0
-0.1451849507921685,1,0.95,1.0,0.0
-0.1451849507921685,1,0.95,1.0,0.0
-0.1451849507921685,1,0.95,1.0,0.0
-0.1451849507921685,1,0.95,1.0,0.0
-0.1451849507921685,1,0.95,1.0,0.0
-0.1451849507921685,1,0.95,1.0,0.0
-0.1451849507921685,1,0.95,1.0,0.0
-0.1451849507921685,1,0.95,1.0,0.0
-0.1451849507921685,1,0.95,1.0,0.0
-0.1451849507921685,1,0.95,1.0,0.0
-0.1451849507921685,1,0.95,1.0,0.0
-0.1451849507921685,1,0.95,1.0,0.0
-0.1451849507921685,1,0.95,1.0,0.0
-0.1451849507921685,1,0.95,1.0,0.0
-0.1451849507921685,1,0.95,1.0,0.0
-0.1451849507921685,1,0.95,1.0,0.0
-0.1451849507921685,1,0.95,1.0,0.0
-0.1451849507921685,1,0.95,1.0,0.0
-0.1451849507921685,1,0.95,1.0,0.0
-0.1451849507921685,1,0.95,1.0,0.0
-0.1451849507921685,1,0.95,1.0,0.0
-0.1451849507921685,1,0.95,1.0,0.0
-0.1451849507921685,1,0.95,1.0,0.0
-0.1451849507921685,1,0.95,1.0,0.0
-0.1451849507921685,1,0.95,1.0,0.0
-0.1451849507921685,1,0.95,1.0,0.0
-0.1451849507921685,1,0.95,1.0,0.0
-0.1451849507921685,1,0.95,1.0,0.0
-0.1451849507921685,1,0.95,1.0,0.0
-0.1451849507921685,1,0.95,1.0,0.0
-0.1451849507921685,1,0.95,1.0,0.0
-0.1451849507921685,1,0.95,1.0,0.0
-0.1451849507921685,1,0.95,1.0,0.0
-0.1451849507921685,1,0.95,1.0,0.0
-0.1451849507921685,1,0.95,1.0,0.0
-0.1451849507921685,1,0.95,1.0,0.0
-0.1451849507921685,1,0.95,1.0,0.0
-0.1451849507921685,1,0.95,1.0,0.0
-0.1451849507921685,1,0.95,1.0,0.0
-0.1451849507921685,1,0.95,1.0,0.0
-0.1451849507921685,1,0.95,1.0,0.0
-0.1451849507921685,1,0.95,1.0,0.0
-0.1451849507921685,1,0.95,1.0,0.0
-0.1451849507921685,1,0.95,1.0,0.0
-0.1451849507921685,1,0.95,1.0,0.0
-0.1451849507921685,1,0.95,1.0,0.0
-0.1451849507921685,1,0.95,1.0,0.0
-0.1451849507921685,1,0.95,1.0,0.0
-0.1451849507921685,1,0.95,1.0,0.0
-0.1451849507921685,1,0.95,1.0,0.0
-0.1451849507921685,1,0.95,1.0,0.0
-0.1451849507921685,1,0.95,1.0,0.0
-0.1451849507921685,1,0.95,1.0,0.0
-0.1451849507921685,1,0.95,1.0,0.0
-0.1451849507921685,1,0.95,1.0,0.0
-0.1451849507921685,1,0.95,1.0,0.0
-0.1451849507921685,1,0.95,1.0,0.0
-0.1451849507921685,1,0.95,1.0,0.0
-0.1451849507921685,1,0.95,1.0,0.0
-0.1451849507921685,1,0.95,1.0,0.0
-0.1451849507921685,1,0.95,1.0,0.0
-0.1451849507921685,1,0.95,1.0,0.0
-0.1451849507921685,1,0.95,1.0,0.0
-0.1451849507921685,1,0.95,1.0,0.0
-0.1451849507921685,1,0.95,1.0,0.0
-0.1451849507921685,1,0.95,1.0,0.0
-0.1451849507921685,1,0.95,1.0,0.0
-0.1451849507921685,1,0.95,1.0,0.0
-0.1451849507921685,1,0.95,1.0,0.0
-0.1451849507921685,1,0.95,1.0,0.0
-0.1451849507921685,1,0.95,1.0,0.0
-0.1451849507921685,1,0.95,1.0,0.0
-0.1451849507921685,1,0.95,1.0,0.0
-0.1451849507921685,1,0.95,1.0,0.0
-0.1451849507921685,1,0.95,1.0,0.0
-0.1451849507921685,1,0.95,1.0,0.0
-0.1451849507921685,1,0.95,1.0,0.0
-0.1451849507921685,1,0.95,1.0,0.0
-0.1451849507921685,1,0.95,1.0,0.0
-0.1451849507921685,1,0.95,1.0,0.0
-0.1451849507921685,1,0.95,1.0,0.0
-0.1451849507921685,1,0.95,1.0,0.0
-0.1451849507921685,1,0.95,1.0,0.0
-0.1451849507921685,1,0.95,1.0,0.0
-0.1451849507921685,1,0.95,1.0,0.0
-0.1451849507921685,1,0.95,1.0,0.0
-0.1451849507921685,1,0.95,1.0,0.0
-0.1451849507921685,1,0.95,1.0,0.0
-0.1451849507921685,1,0.95,1.0,0.0
-0.1451849507921685,1,0.95,1.0,0.0
-0.1451849507921685,1,0.95,1.0,0.0
-0.1451849507921685,1,0.95,1.0,0.0
-0.1451849507921685,1,0.95,1.0,0.0
-0.1451849507921685,1,0.95,1.0,0.0
-0.1451849507921685,1,0.95,1.0,0.0
-0.1451849507921685,1,0.95,1.0,0.0
-0.1451849507921685,1,0.95,1.0,0.0
-0.1451849507921685,1,0.95,1.0,0.0
-0.1451849507921685,1,0.95,1.0,0.0
-0.1451849507921685,1,0.95,1.0,0.0
-0.1451849507921685,1,0.95,1.0,0.0
-0.1451849507921685,1,0.95,1.0,0.0
-0.1451849507921685,1,0.95,1.0,0.0
-0.1451849507921685,1,0.95,1.0,0.0
-0.1451849507921685,1,0.95,1.0,0.0
-0.1451849507921685,1,0.95,1.0,0.0
-0.1451849507921685,1,0.95,1.0,0.0
-0.1451849507921685,1,0.95,1.0,0.0
-0.1451849507921685,1,0.95,1.0,0.0
-0.1451849507921685,1,0.95,1.0,0.0
-0.1451849507921685,1,0.95,1.0,0.0
-0.1451849507921685,1,0.95,1.0,0.0
-0.1451849507921685,1,0.95,1.0,0.0
-0.1451849507921685,1,0.95,1.0,0.0
-0.1451849507921685,1,0.95,1.0,0.0
-0.1451849507921685,1,0.95,1.0,0.0
-0.1451849507921685,1,0.95,1.0,0.0
-0.1451849507921685,1,0.95,1.0,0.0
-0.1451849507921685,1,0.95,1.0,0.0
-0.1451849507921685,1,0.95,1.0,0.0
-0.1451849507921685,1,0.95,1.0,0.0
-0.1451849507921685,1,0.95,1.0,0.0
-0.1451849507921685,1,0.95,1.0,0.0
-0.1451849507921685,1,0.95,1.0,0.0
-0.1451849507921685,1,0.95,1.0,0.0
-0.1451849507921685,1,0.95,1.0,0.0
-0.1451849507921685,1,0.95,1.0,0.0
-0.1451849507921685,1,0.95,1.0,0.0
-0.1451849507921685,1,0.95,1.0,0.0
-0.1451849507921685,1,0.95,1.0,0.0
-0.1451849507921685,1,0.95,1.0,0.0
-0.1451849507921685,1,0.95,1.0,0.0
-0.1451849507921685,1,0.95,1.0,0.0
-0.1451849507921685,1,0.95,1.0,0.0
-0.1451849507921685,1,0.95,1.0,0.0
-0.1451849507921685,1,0.95,1.0,0.0
-0.1451849507921685,1,0.95,1.0,0.0
-0.1451849507921685,1,0.95,1.0,0.0
-0.1451849507921685,1,0.95,1.0,0.0
-0.1451849507921685,1,0.95,1.0,0.0
-0.1451849507921685,1,0.95,1.0,0.0
-0.1451849507921685,1,0.95,1.0,0.0
-0.1451849507921685,1,0.95,1.0,0.0
-0.1451849507921685,1,0.95,1.0,0.0
-0.1451849507921685,1,0.95,1.0,0.0
-0.1451849507921685,1,0.95,1.0,0.0
-0.1451849507921685,1,0.95,1.0,0.0
-0.1451849507921685,1,0.95,1.0,0.0
-0.1451849507921685,1,0.95,1.0,0.0
-0.1451849507921685,1,0.95,1.0,0.0
-0.1451849507921685,1,0.95,1.0,0.0
-0.1451849507921685,1,0.95,1.0,0.0
-0.1451849507921685,1,0.95,1.0,0.0
-0.1451849507921685,1,0.95,1.0,0.0
-0.1451849507921685,1,0.95,1.0,0.0
-0.1451849507921685,1,0.95,1.0,0.0
-0.1451849507921685,1,0.95,1.0,0.0
-0.1451849507921685,1,0.95,1.0,0.0
-0.1451849507921685,1,0.95,1.0,0.0
-0.1451849507921685,1,0.95,1.0,0.0
-0.1451849507921685,1,0.95,1.0,0.0
-0.1451849507921685,1,0.95,1.0,0.0
-0.1451849507921685,1,0.95,1.0,0.0
-0.1451849507921685,1,0.95,1.0,0.0
-0.1451849507921685,1,0.95,1.0,0.0
-0.1451849507921685,1,0.95,1.0,0.0
-0.1451849507921685,1,0.95,1.0,0.0
-0.1451849507921685,1,0.95,1.0,0.0
-0.1451849507921685,1,0.95,1.0,0.0
-0.1451849507921685,1,0.95,1.0,0.0
-0.1451849507921685,1,0.95,1.0,0.0
-0.1451849507921685,1,0.95,1.0,0.0
-0.1451849507921685,1,0.95,1.0,0.0
-0.1451849507921685,1,0.95,1.0,0.0
-0.1451849507921685,1,0.95,1.0,0.0
-0.1451849507921685,1,0.95,1.0,0.0
-0.1451849507921685,1,0.95,1.0,0.0
-0.1451849507921685,1,0.95,1.0,0.0
-0.1451849507921685,1,0.95,1.0,0.0
-0.1451849507921685,1,0.95,1.0,0.0
-0.1451849507921685,1,0.95,1.0,0.0
-0.1451849507921685,1,0.95,1.0,0.0
-0.1451849507921685,1,0.95,1.0,0.0
-0.1451849507921685,1,0.95,1.0,0.0
-0.1451849507921685,1,0.95,1.0,0.0
-0.1451849507921685,1,0.95,1.0,0.0
-0.1451849507921685,1,0.95,1.0,0.0
-0.1451849507921685,1,0.95,1.0,0.0
-0.1451849507921685,1,0.95,1.0,0.0
-0.1451849507921685,1,0.95,1.0,0.0
-0.1451849507921685,1,0.95,1.0,0.0
-0.1451849507921685,1,0.95,1.0,0.0
-0.1451849507921685,1,0.95,1.0,0.0
-0.1451849507921685,1,0.95,1.0,0.0
-0.1451849507921685,1,0.95,1.0,0.0
-0.1451849507921685,1,0.95,1.0,0.0
-0.1451849507921685,1,0.95,1.0,0.0
-0.1451849507921685,1,0.95,1.0,0.0
-0.1451849507921685,1,0.95,1.0,0.0
-0.1451849507921685,1,0.95,1.0,0.0
-0.1451849507921685,1,0.95,1.0,0.0
-0.1451849507921685,1,0.95,1.0,0.0
-0.1451849507921685,1,0.95,1.0,0.0
-0.1451849507921685,1,0.95,1.0,0.0
-0.1451849507921685,1,0.95,1.0,0.0
-0.1451849507921685,1,0.95,1.0,0.0
-0.1451849507921685,1,0.95,1.0,0.0
-0.1451849507921685,1,0.95,1.0,0.0
-0.1451849507921685,1,0.95,1.0,0.0
-0.1451849507921685,1,0.95,1.0,0.0
-0.1451849507921685,1,0.95,1.0,0.0
-0.1451849507921685,1,0.95,1.0,0.0
-0.1451849507921685,1,0.95,1.0,0.0
-0.1451849507921685,1,0.95,1.0,0.0
-0.1451849507921685,1,0.95,1.0,0.0
-0.1451849507921685,1,0.95,1.0,0.0
-0.1451849507921685,1,0.95,1.0,0.0
-0.1451849507921685,1,0.95,1.0,0.0
-0.1451849507921685,1,0.95,1.0,0.0
-0.1451849507921685,1,0.95,1.0,0.0
-0.1451849507921685,1,0.95,1.0,0.0
-0.1451849507921685,1,0.95,1.0,0.0
-0.1451849507921685,1,0.95,1.0,0.0
-0.1451849507921685,1,0.95,1.0,0.0
-0.1451849507921685,1,0.95,1.0,0.0
-0.1451849507921685,1,0.95,1.0,0.0
-0.1451849507921685,1,0.95,1.0,0.0
-0.1451849507921685,1,0.95,1.0,0.0
-0.1451849507921685,1,0.95,1.0,0.0
-0.1451849507921685,1,0.95,1.0,0.0
-0.1451849507921685,1,0.95,1.0,0.0
-0.1451849507921685,1,0.95,1.0,0.0
-0.1451849507921685,1,0.95,1.0,0.0
-0.1451849507921685,1,0.95,1.0,0.0
-0.1451849507921685,1,0.95,1.0,0.0
-0.1451849507921685,1,0.95,1.0,0.0
-0.1451849507921685,1,0.95,1.0,0.0
-0.1451849507921685,1,0.95,1.0,0.0
-0.1451849507921685,1,0.95,1.0,0.0
-0.1451849507921685,1,0.95,1.0,0.0
-0.1451849507921685,1,0.95,1.0,0.0
-0.1451849507921685,1,0.95,1.0,0.0
-0.1451849507921685,1,0.95,1.0,0.0
-0.1451849507921685,1,0.95,1.0,0.0
-0.1451849507921685,1,0.95,1.0,0.0
-0.1451849507921685,1,0.95,1.0,0.0
-0.1451849507921685,1,0.95,1.0,0.0
-0.1451849507921685,1,0.95,1.0,0.0
-0.1451849507921685,1,0.95,1.0,0.0
-0.1451849507921685,1,0.95,1.0,0.0
-0.1451849507921685,1,0.95,1.0,0.0
-0.1451849507921685,1,0.95,1.0,0.0
-0.1451849507921685,1,0.95,1.0,0.0
-0.1451849507921685,1,0.95,1.0,0.0
-0.1451849507921685,1,0.95,1.0,0.0
-0.1451849507921685,1,0.95,1.0,0.0
-0.1451849507921685,1,0.95,1.0,0.0
-0.1451849507921685,1,0.95,1.0,0.0
-0.1451849507921685,1,0.95,1.0,0.0
-0.1451849507921685,1,0.95,1.0,0.0
-0.1451849507921685,1,0.95,1.0,0.0
-0.1451849507921685,1,0.95,1.0,0.0
-0.1451849507921685,1,0.95,1.0,0.0
-0.1451849507921685,1,0.95,1.0,0.0
-0.1451849507921685,1,0.95,1.0,0.0
-0.1451849507921685,1,0.95,1.0,0.0
-0.1451849507921685,1,0.95,1.0,0.0
-0.1451849507921685,1,0.95,1.0,0.0
-0.1451849507921685,1,0.95,1.0,0.0
-0.1451849507921685,1,0.95,1.0,0.0
-0.1451849507921685,1,0.95,1.0,0.0
-0.1451849507921685,1,0.95,1.0,0.0
-0.1451849507921685,1,0.95,1.0,0.0
-0.1451849507921685,1,0.95,1.0,0.0
-0.1451849507921685,1,0.95,1.0,0.0
-0.1451849507921685,1,0.95,1.0,0.0
-0.1451849507921685,1,0.95,1.0,0.0
-0.1451849507921685,1,0.95,1.0,0.0
-0.1451849507921685,1,0.95,1.0,0.0
-0.1451849507921685,1,0.95,1.0,0.0
-0.1451849507921685,1,0.95,1.0,0.0
-0.1451849507921685,1,0.95,1.0,0.0
-0.1451849507921685,1,0.95,1.0,0.0
-0.1451849507921685,1,0.95,1.0,0.0
-0.1451849507921685,1,0.95,1.0,0.0
-0.1451849507921685,1,0.95,1.0,0.0
-0.1451849507921685,1,0.95,1.0,0.0
-0.1451849507921685,1,0.95,1.0,0.0
-0.1451849507921685,1,0.95,1.0,0.0
-0.1451849507921685,1,0.95,1.0,0.0
-0.1451849507921685,1,0.95,1.0,0.0
-0.1451849507921685,1,0.95,1.0,0.0
-0.1451849507921685,1,0.95,1.0,0.0
-0.1451849507921685,1,0.95,1.0,0.0
-0.1451849507921685,1,0.95,1.0,0.0
-0.1451849507921685,1,0.95,1.0,0.0
-0.1451849507921685,1,0.95,1.0,0.0
-0.1451849507921685,1,0.95,1.0,0.0
-0.1451849507921685,1,0.95,1.0,0.0
-0.1451849507921685,1,0.95,1.0,0.0
-0.1451849507921685,1,0.95,1.0,0.0
-0.1451849507921685,1,0.95,1.0,0.0
-0.1451849507921685,1,0.95,1.0,0.0
-0.1451849507921685,1,0.95,1.0,0.0
-0.1451849507921685,1,0.95,1.0,0.0
-0.1451849507921685,1,0.95,1.0,0.0
-0.1451849507921685,1,0.95,1.0,0.0
-0.1451849507921685,1,0.95,1.0,0.0
-0.1451849507921685,1,0.95,1.0,0.0
-0.1451849507921685,1,0.95,1.0,0.0
-0.1451849507921685,1,0.95,1.0,0.0
-0.1451849507921685,1,0.95,1.0,0.0
-0.1451849507921685,1,0.95,1.0,0.0
-0.1451849507921685,1,0.95,1.0,0.0
-0.1451849507921685,1,0.95,1.0,0.0
-0.1451849507921685,1,0.95,1.0,0.0
-0.1451849507921685,1,0.95,1.0,0.0
-0.1451849507921685,1,0.95,1.0,0.0
-0.1451849507921685,1,0.95,1.0,0.0
-0.1451849507921685,1,0.95,1.0,0.0
-0.1451849507921685,1,0.95,1.0,0.0
-0.1451849507921685,1,0.95,1.0,0.0
-0.1451849507921685,1,0.95,1.0,0.0
-0.1451849507921685,1,0.95,1.0,0.0
-0.1451849507921685,1,0.95,1.0,0.0
-0.1451849507921685,1,0.95,1.0,0.0
-0.1451849507921685,1,0.95,1.0,0.0
-0.1451849507921685,1,0.95,1.0,0.0
-0.1451849507921685,1,0.95,1.0,0.0
-0.1451849507921685,1,0.95,1.0,0.0
-0.1451849507921685,1,0.95,1.0,0.0
-0.1451849507921685,1,0.95,1.0,0.0
-0.1451849507921685,1,0.95,1.0,0.0
-0.1451849507921685,1,0.95,1.0,0.0
-0.1451849507921685,1,0.95,1.0,0.0
-0.1451849507921685,1,0.95,1.0,0.0
-0.1451849507921685,1,0.95,1.0,0.0
-0.1451849507921685,1,0.95,1.0,0.0
-0.1451849507921685,1,0.95,1.0,0.0
-0.1451849507921685,1,0.95,1.0,0.0
-0.1451849507921685,1,0.95,1.0,0.0
-0.1451849507921685,1,0.95,1.0,0.0
-0.1451849507921685,1,0.95,1.0,0.0
-0.1451849507921685,1,0.95,1.0,0.0
-0.1451849507921685,1,0.95,1.0,0.0
-0.1451849507921685,1,0.95,1.0,0.0
-0.1451849507921685,1,0.95,1.0,0.0
-0.1451849507921685,1,0.95,1.0,0.0
-0.1451849507921685,1,0.95,1.0,0.0
-0.1451849507921685,1,0.95,1.0,0.0
-0.1451849507921685,1,0.95,1.0,0.0
-0.1451849507921685,1,0.95,1.0,0.0
-0.1451849507921685,1,0.95,1.0,0.0
-0.1451849507921685,1,0.95,1.0,0.0
-0.1451849507921685,1,0.95,1.0,0.0
-0.1451849507921685,1,0.95,1.0,0.0
-0.1451849507921685,1,0.95,1.0,0.0
-0.1451849507921685,1,0.95,1.0,0.0
-0.1451849507921685,1,0.95,1.0,0.0
-0.1451849507921685,1,0.95,1.0,0.0
-0.1451849507921685,1,0.95,1.0,0.0
-0.1451849507921685,1,0.95,1.0,0.0
-0.1451849507921685,1,0.95,1.0,0.0
-0.1451849507921685,1,0.95,1.0,0.0
-0.1451849507921685,1,0.95,1.0,0.0
-0.1451849507921685,1,0.95,1.0,0.0
-0.1451849507921685,1,0.95,1.0,0.0
-0.1451849507921685,1,0.95,1.0,0.0
-0.1451849507921685,1,0.95,1.0,0.0
-0.1451849507921685,1,0.95,1.0,0.0
-0.1451849507921685,1,0.95,1.0,0.0
-0.1451849507921685,1,0.95,1.0,0.0
-0.1451849507921685,1,0.95,1.0,0.0
-0.1451849507921685,1,0.95,1.0,0.0
-0.1451849507921685,1,0.95,1.0,0.0
-0.1451849507921685,1,0.95,1.0,0.0
-0.1451849507921685,1,0.95,1.0,0.0
-0.1451849507921685,1,0.95,1.0,0.0
-0.1451849507921685,1,0.95,1.0,0.0
-0.1451849507921685,1,0.95,1.0,0.0
-0.1451849507921685,1,0.95,1.0,0.0
-0.1451849507921685,1,0.95,1.0,0.0
-0.1451849507921685,1,0.95,1.0,0.0
-0.1451849507921685,1,0.95,1.0,0.0
-0.1451849507921685,1,0.95,1.0,0.0
-0.1451849507921685,1,0.95,1.0,0.0
-0.1451849507921685,1,0.95,1.0,0.0
-0.1451849507921685,1,0.95,1.0,0.0
-0.1451849507921685,1,0.95,1.0,0.0
-0.1451849507921685,1,0.95,1.0,0.0
-0.1451849507921685,1,0.95,1.0,0.0
-0.1451849507921685,1,0.95,1.0,0.0
-0.1451849507921685,1,0.95,1.0,0.0
-0.1451849507921685,1,0.95,1.0,0.0
0.5062347220798791,1,0.95,1.0,0.0
0.4987471396330739,1,0.95,1.0,0.0
0.4987471396330739,1,0.95,1.0,0.0
0.4987471396330739,1,0.95,1.0,0.0
0.4987471396330739,1,0.95,1.0,0.0
0.49125955718626874,1,0.95,1.0,0.0
0.4987471396330739,1,0.95,1.0,0.0
0.49125955718626874,1,0.95,1.0,0.0
0.49125955718626874,1,0.95,1.0,0.0
0.49125955718626874,1,0.95,1.0,0.0
0.49125955718626874,1,0.95,1.0,0.0
0.49125955718626874,1,0.95,1.0,0.0
0.49125955718626874,1,0.95,1.0,0.0
0.4837719747394636,1,0.95,1.0,0.0
0.49125955718626874,1,0.95,1.0,0.0
0.4837719747394636,1,0.95,1.0,0.0
0.4837719747394636,1,0.95,1.0,0.0
0.4837719747394636,1,0.95,1.0,0.0
0.4837719747394636,1,0.95,1.0,0.0
0.4837719747394636,1,0.95,1.0,0.0
0.4837719747394636,1,0.95,1.0,0.0
0.4837719747394636,1,0.95,1.0,0.0
0.4837719747394636,1,0.95,1.0,0.0
0.4837719747394636,1,0.95,1.0,0.0
0.4837719747394636,1,0.95,1.0,0.0
0.4837719747394636,1,0.95,1.0,0.0
0.4837719747394636,1,0.95,1.0,0.0
0.49125955718626874,1,0.95,1.0,0.0
0.49125955718626874,1,0.95,1.0,0.0
0.49125955718626874,1,0.95,1.0,0.0
0.49125955718626874,1,0.95,1.0,0.0
0.49125955718626874,1,0.95,1.0,0.0
0.49125955718626874,1,0.95,1.0,0.0
0.49125955718626874,1,0.95,1.0,0.0
0.49125955718626874,1,0.95,1.0,0.0
0.49125955718626874,1,0.95,1.0,0.0
0.49125955718626874,1,0.95,1.0,0.0
0.49125955718626874,1,0.95,1.0,0.0
0.49125955718626874,1,0.95,1.0,0.0
0.49125955718626874,1,0.95,1.0,0.0
0.49125955718626874,1,0.95,1.0,0.0
0.49125955718626874,1,0.95,1.0,0.0
0.49125955718626874,1,0.95,1.0,0.0
0.49125955718626874,1,0.95,1.0,0.0
0.49125955718626874,1,0.95,1.0,0.0
0.49125955718626874,1,0.95,1.0,0.0
0.49125955718626874,1,0.95,1.0,0.0
0.49125955718626874,1,0.95,1.0,0.0
0.49125955718626874,1,0.95,1.0,0.0
0.49125955718626874,1,0.95,1.0,0.0
0.49125955718626874,1,0.95,1.0,0.0
0.49125955718626874,1,0.95,1.0,0.0
0.49125955718626874,1,0.95,1.0,0.0
0.49125955718626874,1,0.95,1.0,0.0
0.49125955718626874,1,0.95,1.0,0.0
0.4837719747394636,1,0.95,1.0,0.0
0.4837719747394636,1,0.95,1.0,0.0
0.49125955718626874,1,0.95,1.0,0.0
0.49125955718626874,1,0.95,1.0,0.0
0.49125955718626874,1,0.95,1.0,0.0
0.49125955718626874,1,0.95,1.0,0.0
0.49125955718626874,1,0.95,1.0,0.0
0.49125955718626874,1,0.95,1.0,0.0
0.49125955718626874,1,0.95,1.0,0.0
0.49125955718626874,1,0.95,1.0,0.0
0.49125955718626874,1,0.95,1.0,0.0
0.49125955718626874,1,0.95,1.0,0.0
0.49125955718626874,1,0.95,1.0,0.0
0.49125955718626874,1,0.95,1.0,0.0
0.49125955718626874,1,0.95,1.0,0.0
0.49125955718626874,1,0.95,1.0,0.0
0.49125955718626874,1,0.95,1.0,0.0
0.49125955718626874,1,0.95,1.0,0.0
0.49125955718626874,1,0.95,1.0,0.0
0.49125955718626874,1,0.95,1.0,0.0
0.49125955718626874,1,0.95,1.0,0.0
0.49125955718626874,1,0.95,1.0,0.0
0.49125955718626874,1,0.95,1.0,0.0
0.49125955718626874,1,0.95,1.0,0.0
0.49125955718626874,1,0.95,1.0,0.0
0.49125955718626874,1,0.95,1.0,0.0
0.49125955718626874,1,0.95,1.0,0.0
0.49125955718626874,1,0.95,1.0,0.0
0.49125955718626874,1,0.95,1.0,0.0
0.49125955718626874,1,0.95,1.0,0.0
0.49125955718626874,1,0.95,1.0,0.0
0.49125955718626874,1,0.95,1.0,0.0
0.49125955718626874,1,0.95,1.0,0.0
0.49125955718626874,1,0.95,1.0,0.0
0.49125955718626874,1,0.95,1.0,0.0
0.49125955718626874,1,0.95,1.0,0.0
0.49125955718626874,1,0.95,1.0,0.0
0.49125955718626874,1,0.95,1.0,0.0
0.4987471396330739,1,0.95,1.0,0.0
0.49125955718626874,1,0.95,1.0,0.0
0.49125955718626874,1,0.95,1.0,0.0
0.49125955718626874,1,0.95,1.0,0.0
0.49125955718626874,1,0.95,1.0,0.0
0.49125955718626874,1,0.95,1.0,0.0
0.49125955718626874,1,0.95,1.0,0.0
0.49125955718626874,1,0.95,1.0,0.0
0.49125955718626874,1,0.95,1.0,0.0
0.49125955718626874,1,0.95,1.0,0.0
0.49125955718626874,1,0.95,1.0,0.0
0.49125955718626874,1,0.95,1.0,0.0
0.4987471396330739,1,0.95,1.0,0.0
0.4987471396330739,1,0.95,1.0,0.0
0.49125955718626874,1,0.95,1.0,0.0
0.49125955718626874,1,0.95,1.0,0.0
0.49125955718626874,1,0.95,1.0,0.0
0.4987471396330739,1,0.95,1.0,0.0
0.4987471396330739,1,0.95,1.0,0.0
0.49125955718626874,1,0.95,1.0,0.0
0.49125955718626874,1,0.95,1.0,0.0
0.4987471396330739,1,0.95,1.0,0.0
0.49125955718626874,1,0.95,1.0,0.0
0.49125955718626874,1,0.95,1.0,0.0
0.49125955718626874,1,0.95,1.0,0.0
0.49125955718626874,1,0.95,1.0,0.0
0.49125955718626874,1,0.95,1.0,0.0
0.49125955718626874,1,0.95,1.0,0.0
0.49125955718626874,1,0.95,1.0,0.0
0.49125955718626874,1,0.95,1.0,0.0
0.49125955718626874,1,0.95,1.0,0.0
0.49125955718626874,1,0.95,1.0,0.0
0.4987471396330739,1,0.95,1.0,0.0
0.49125955718626874,1,0.95,1.0,0.0
0.49125955718626874,1,0.95,1.0,0.0
0.49125955718626874,1,0.95,1.0,0.0
0.49125955718626874,1,0.95,1.0,0.0
0.49125955718626874,1,0.95,1.0,0.0
0.4987471396330739,1,0.95,1.0,0.0
0.4987471396330739,1,0.95,1.0,0.0
0.49125955718626874,1,0.95,1.0,0.0
0.49125955718626874,1,0.95,1.0,0.0
0.4987471396330739,1,0.95,1.0,0.0
0.4987471396330739,1,0.95,1.0,0.0
0.49125955718626874,1,0.95,1.0,0.0
0.49125955718626874,1,0.95,1.0,0.0
0.49125955718626874,1,0.95,1.0,0.0
0.49125955718626874,1,0.95,1.0,0.0
0.49125955718626874,1,0.95,1.0,0.0
0.49125955718626874,1,0.95,1.0,0.0
0.49125955718626874,1,0.95,1.0,0.0
0.49125955718626874,1,0.95,1.0,0.0
0.49125955718626874,1,0.95,1.0,0.0
0.49125955718626874,1,0.95,1.0,0.0
0.49125955718626874,1,0.95,1.0,0.0
0.49125955718626874,1,0.95,1.0,0.0
0.49125955718626874,1,0.95,1.0,0.0
0.49125955718626874,1,0.95,1.0,0.0
0.49125955718626874,1,0.95,1.0,0.0
0.4987471396330739,1,0.95,1.0,0.0
0.4987471396330739,1,0.95,1.0,0.0
0.4987471396330739,1,0.95,1.0,0.0
0.4987471396330739,1,0.95,1.0,0.0
0.4987471396330739,1,0.95,1.0,0.0
0.4987471396330739,1,0.95,1.0,0.0
0.4987471396330739,1,0.95,1.0,0.0
0.4987471396330739,1,0.95,1.0,0.0
0.4987471396330739,1,0.95,1.0,0.0
0.4987471396330739,1,0.95,1.0,0.0
0.4987471396330739,1,0.95,1.0,0.0
21.29176359441096,1,0.95,1.0,1799.0000000000002
21.29176359441096,1,0.95,1.0,1799.0000000000002
21.32171392419818,1,0.95,1.0,1800.0
21.29176359441096,1,0.95,1.0,1798.0
21.299251176857766,1,0.95,1.0,1800.0
7.896478597076556,1,0.95,1.0,0.0
7.866528267289336,1,0.95,1.0,0.0
7.39481057314061,1,0.95,1.0,0.0
7.39481057314061,1,0.95,1.0,0.0
0.5586477992075151,1,0.95,1.0,0.0
0.5586477992075151,1,0.95,1.0,0.0
0.55116021676071,1,0.95,1.0,0.0
0.55116021676071,1,0.95,1.0,0.0
0.55116021676071,1,0.95,1.0,0.0
0.55116021676071,1,0.95,1.0,0.0
0.55116021676071,1,0.95,1.0,0.0
0.5586477992075151,1,0.95,1.0,0.0
0.55116021676071,1,0.95,1.0,0.0
0.55116021676071,1,0.95,1.0,0.0
0.5586477992075151,1,0.95,1.0,0.0
0.5586477992075151,1,0.95,1.0,0.0
0.55116021676071,1,0.95,1.0,0.0
0.55116021676071,1,0.95,1.0,0.0
0.55116021676071,1,0.95,1.0,0.0
0.55116021676071,1,0.95,1.0,0.0
0.5586477992075151,1,0.95,1.0,0.0
0.5586477992075151,1,0.95,1.0,0.0
0.5586477992075151,1,0.95,1.0,0.0
0.55116021676071,1,0.95,1.0,0.0
0.5586477992075151,1,0.95,1.0,0.0
0.5586477992075151,1,0.95,1.0,0.0
0.55116021676071,1,0.95,1.0,0.0
0.55116021676071,1,0.95,1.0,0.0
0.5586477992075151,1,0.95,1.0,0.0
0.55116021676071,1,0.95,1.0,0.0
0.5586477992075151,1,0.95,1.0,0.0
1.0528282406966545,1,0.95,1.0,0.0
1.0528282406966545,1,0.95,1.0,0.0
1.0453406582498492,1,0.95,1.0,0.0
0.5586477992075151,1,0.95,1.0,0.0
0.55116021676071,1,0.95,1.0,0.0
0.5586477992075151,1,0.95,1.0,0.0
0.55116021676071,1,0.95,1.0,0.0
1.0528282406966545,1,0.95,1.0,0.0
1.0528282406966545,1,0.95,1.0,0.0
1.0453406582498492,1,0.95,1.0,0.0
1.0453406582498492,1,0.95,1.0,0.0
0.55116021676071,1,0.95,1.0,0.0
0.55116021676071,1,0.95,1.0,0.0
0.55116021676071,1,0.95,1.0,0.0
1.0453406582498492,1,0.95,1.0,0.0
1.0453406582498492,1,0.95,1.0,0.0
1.0453406582498492,1,0.95,1.0,0.0
0.55116021676071,1,0.95,1.0,0.0
0.5586477992075151,1,0.95,1.0,0.0
0.5586477992075151,1,0.95,1.0,0.0
0.55116021676071,1,0.95,1.0,0.0
1.0453406582498492,1,0.95,1.0,0.0
1.0453406582498492,1,0.95,1.0,0.0
1.0453406582498492,1,0.95,1.0,0.0
0.55116021676071,1,0.95,1.0,0.0
0.55116021676071,1,0.95,1.0,0.0
0.55116021676071,1,0.95,1.0,0.0
0.55116021676071,1,0.95,1.0,0.0
1.0453406582498492,1,0.95,1.0,0.0
1.0453406582498492,1,0.95,1.0,0.0
1.0528282406966545,1,0.95,1.0,0.0
0.55116021676071,1,0.95,1.0,0.0
0.5586477992075151,1,0.95,1.0,0.0
0.55116021676071,1,0.95,1.0,0.0
1.0453406582498492,1,0.95,1.0,0.0
1.0453406582498492,1,0.95,1.0,0.0
1.0453406582498492,1,0.95,1.0,0.0
1.0453406582498492,1,0.95,1.0,0.0
1.0453406582498492,1,0.95,1.0,0.0
0.55116021676071,1,0.95,1.0,0.0
0.55116021676071,1,0.95,1.0,0.0
1.0528282406966545,1,0.95,1.0,0.0
1.0528282406966545,1,0.95,1.0,0.0
1.0453406582498492,1,0.95,1.0,0.0
1.0453406582498492,1,0.95,1.0,0.0
1.0453406582498492,1,0.95,1.0,0.0
1.0453406582498492,1,0.95,1.0,0.0
0.55116021676071,1,0.95,1.0,0.0
0.55116021676071,1,0.95,1.0,0.0
0.55116021676071,1,0.95,1.0,0.0
0.55116021676071,1,0.95,1.0,0.0
1.0453406582498492,1,0.95,1.0,0.0
1.0528282406966545,1,0.95,1.0,0.0
1.0528282406966545,1,0.95,1.0,0.0
0.55116021676071,1,0.95,1.0,0.0
0.5586477992075151,1,0.95,1.0,0.0
0.5586477992075151,1,0.95,1.0,0.0
0.55116021676071,1,0.95,1.0,0.0
0.55116021676071,1,0.95,1.0,0.0
0.5586477992075151,1,0.95,1.0,0.0
0.5586477992075151,1,0.95,1.0,0.0
0.55116021676071,1,0.95,1.0,0.0
0.5586477992075151,1,0.95,1.0,0.0
0.5586477992075151,1,0.95,1.0,0.0
0.5586477992075151,1,0.95,1.0,0.0
0.5586477992075151,1,0.95,1.0,0.0
0.5586477992075151,1,0.95,1.0,0.0
0.5586477992075151,1,0.95,1.0,0.0
0.5586477992075151,1,0.95,1.0,0.0
0.55116021676071,1,0.95,1.0,0.0
0.5586477992075151,1,0.95,1.0,0.0
0.5586477992075151,1,0.95,1.0,0.0
0.5586477992075151,1,0.95,1.0,0.0
0.55116021676071,1,0.95,1.0,0.0
0.55116021676071,1,0.95,1.0,0.0
0.55116021676071,1,0.95,1.0,0.0
0.55116021676071,1,0.95,1.0,0.0
0.55116021676071,1,0.95,1.0,0.0
0.55116021676071,1,0.95,1.0,0.0
0.55116021676071,1,0.95,1.0,0.0
0.55116021676071,1,0.95,1.0,0.0
0.55116021676071,1,0.95,1.0,0.0
0.5586477992075151,1,0.95,1.0,0.0
0.55116021676071,1,0.95,1.0,0.0
0.55116021676071,1,0.95,1.0,0.0
0.5586477992075151,1,0.95,1.0,0.0
0.5586477992075151,1,0.95,1.0,0.0
0.5586477992075151,1,0.95,1.0,0.0
0.5586477992075151,1,0.95,1.0,0.0
0.55116021676071,1,0.95,1.0,0.0
0.55116021676071,1,0.95,1.0,0.0
0.55116021676071,1,0.95,1.0,0.0
0.55116021676071,1,0.95,1.0,0.0
0.55116021676071,1,0.95,1.0,0.0
0.55116021676071,1,0.95,1.0,0.0
0.55116021676071,1,0.95,1.0,0.0
0.55116021676071,1,0.95,1.0,0.0
0.55116021676071,1,0.95,1.0,0.0
0.55116021676071,1,0.95,1.0,0.0
0.55116021676071,1,0.95,1.0,0.0
0.55116021676071,1,0.95,1.0,0.0
0.55116021676071,1,0.95,1.0,0.0
0.55116021676071,1,0.95,1.0,0.0
0.55116021676071,1,0.95,1.0,0.0
0.55116021676071,1,0.95,1.0,0.0
0.55116021676071,1,0.95,1.0,0.0
0.55116021676071,1,0.95,1.0,0.0
0.55116021676071,1,0.95,1.0,0.0
0.55116021676071,1,0.95,1.0,0.0
0.55116021676071,1,0.95,1.0,0.0
0.55116021676071,1,0.95,1.0,0.0
0.55116021676071,1,0.95,1.0,0.0
0.55116021676071,1,0.95,1.0,0.0
0.5586477992075151,1,0.95,1.0,0.0
0.5586477992075151,1,0.95,1.0,0.0
0.5586477992075151,1,0.95,1.0,0.0
0.5586477992075151,1,0.95,1.0,0.0
0.55116021676071,1,0.95,1.0,0.0
0.55116021676071,1,0.95,1.0,0.0
0.55116021676071,1,0.95,1.0,0.0
0.55116021676071,1,0.95,1.0,0.0
0.55116021676071,1,0.95,1.0,0.0
0.55116021676071,1,0.95,1.0,0.0
0.5586477992075151,1,0.95,1.0,0.0
0.5586477992075151,1,0.95,1.0,0.0
0.55116021676071,1,0.95,1.0,0.0
0.55116021676071,1,0.95,1.0,0.0
0.55116021676071,1,0.95,1.0,0.0
0.55116021676071,1,0.95,1.0,0.0
0.55116021676071,1,0.95,1.0,0.0
0.55116021676071,1,0.95,1.0,0.0
0.55116021676071,1,0.95,1.0,0.0
0.55116021676071,1,0.95,1.0,0.0
0.55116021676071,1,0.95,1.0,0.0
0.55116021676071,1,0.95,1.0,0.0
0.55116021676071,1,0.95,1.0,0.0
0.55116021676071,1,0.95,1.0,0.0
0.55116021676071,1,0.95,1.0,0.0
0.55116021676071,1,0.95,1.0,0.0
0.55116021676071,1,0.95,1.0,0.0
0.55116021676071,1,0.95,1.0,0.0
0.55116021676071,1,0.95,1.0,0.0
0.55116021676071,1,0.95,1.0,0.0
0.55116021676071,1,0.95,1.0,0.0
0.55116021676071,1,0.95,1.0,0.0
0.55116021676071,1,0.95,1.0,0.0
0.55116021676071,1,0.95,1.0,0.0
0.55116021676071,1,0.95,1.0,0.0
0.55116021676071,1,0.95,1.0,0.0
0.55116021676071,1,0.95,1.0,0.0
0.5586477992075151,1,0.95,1.0,0.0
0.5586477992075151,1,0.95,1.0,0.0
0.5586477992075151,1,0.95,1.0,0.0
0.55116021676071,1,0.95,1.0,0.0
0.55116021676071,1,0.95,1.0,0.0
0.55116021676071,1,0.95,1.0,0.0
0.55116021676071,1,0.95,1.0,0.0
0.5586477992075151,1,0.95,1.0,0.0
0.5586477992075151,1,0.95,1.0,0.0
0.55116021676071,1,0.95,1.0,0.0
0.55116021676071,1,0.95,1.0,0.0
0.55116021676071,1,0.95,1.0,0.0
0.5586477992075151,1,0.95,1.0,0.0
0.55116021676071,1,0.95,1.0,0.0
0.55116021676071,1,0.95,1.0,0.0
0.55116021676071,1,0.95,1.0,0.0
0.55116021676071,1,0.95,1.0,0.0
0.55116021676071,1,0.95,1.0,0.0
0.5586477992075151,1,0.95,1.0,0.0
0.5586477992075151,1,0.95,1.0,0.0
0.55116021676071,1,0.95,1.0,0.0
0.55116021676071,1,0.95,1.0,0.0
0.5586477992075151,1,0.95,1.0,0.0
0.5586477992075151,1,0.95,1.0,0.0
0.55116021676071,1,0.95,1.0,0.0
0.55116021676071,1,0.95,1.0,0.0
0.55116021676071,1,0.95,1.0,0.0
0.55116021676071,1,0.95,1.0,0.0
0.55116021676071,1,0.95,1.0,0.0
0.55116021676071,1,0.95,1.0,0.0
0.55116021676071,1,0.95,1.0,0.0
0.55116021676071,1,0.95,1.0,0.0
0.55116021676071,1,0.95,1.0,0.0
0.55116021676071,1,0.95,1.0,0.0
0.5586477992075151,1,0.95,1.0,0.0
0.5586477992075151,1,0.95,1.0,0.0
0.5586477992075151,1,0.95,1.0,0.0
0.5586477992075151,1,0.95,1.0,0.0
0.55116021676071,1,0.95,1.0,0.0
0.55116021676071,1,0.95,1.0,0.0
0.55116021676071,1,0.95,1.0,0.0
0.55116021676071,1,0.95,1.0,0.0
0.55116021676071,1,0.95,1.0,0.0
0.55116021676071,1,0.95,1.0,0.0
0.5586477992075151,1,0.95,1.0,0.0
0.5586477992075151,1,0.95,1.0,0.0
0.5586477992075151,1,0.95,1.0,0.0
0.55116021676071,1,0.95,1.0,0.0
0.55116021676071,1,0.95,1.0,0.0
0.55116021676071,1,0.95,1.0,0.0
0.55116021676071,1,0.95,1.0,0.0
0.55116021676071,1,0.95,1.0,0.0
0.55116021676071,1,0.95,1.0,0.0
0.55116021676071,1,0.95,1.0,0.0
0.55116021676071,1,0.95,1.0,0.0
0.55116021676071,1,0.95,1.0,0.0
0.5586477992075151,1,0.95,1.0,0.0
0.5586477992075151,1,0.95,1.0,0.0
0.5586477992075151,1,0.95,1.0,0.0
0.5586477992075151,1,0.95,1.0,0.0
0.5586477992075151,1,0.95,1.0,0.0
0.5586477992075151,1,0.95,1.0,0.0
0.5586477992075151,1,0.95,1.0,0.0
0.5586477992075151,1,0.95,1.0,0.0
0.5586477992075151,1,0.95,1.0,0.0
0.5586477992075151,1,0.95,1.0,0.0
0.55116021676071,1,0.95,1.0,0.0
0.55116021676071,1,0.95,1.0,0.0
0.55116021676071,1,0.95,1.0,0.0
0.55116021676071,1,0.95,1.0,0.0
0.5586477992075151,1,0.95,1.0,0.0
0.55116021676071,1,0.95,1.0,0.0
0.5586477992075151,1,0.95,1.0,0.0
0.55116021676071,1,0.95,1.0,0.0
0.5586477992075151,1,0.95,1.0,0.0
0.5586477992075151,1,0.95,1.0,0.0
0.5586477992075151,1,0.95,1.0,0.0
0.5586477992075151,1,0.95,1.0,0.0
0.5586477992075151,1,0.95,1.0,0.0
0.55116021676071,1,0.95,1.0,0.0
0.55116021676071,1,0.95,1.0,0.0
0.5586477992075151,1,0.95,1.0,0.0
0.5586477992075151,1,0.95,1.0,0.0
0.5586477992075151,1,0.95,1.0,0.0
0.55116021676071,1,0.95,1.0,0.0
0.5586477992075151,1,0.95,1.0,0.0
0.55116021676071,1,0.95,1.0,0.0
0.55116021676071,1,0.95,1.0,0.0
0.55116021676071,1,0.95,1.0,0.0
0.55116021676071,1,0.95,1.0,0.0
0.5586477992075151,1,0.95,1.0,0.0
0.5586477992075151,1,0.95,1.0,0.0
0.5586477992075151,1,0.95,1.0,0.0
0.5586477992075151,1,0.95,1.0,0.0
0.5586477992075151,1,0.95,1.0,0.0
0.5586477992075151,1,0.95,1.0,0.0
0.5586477992075151,1,0.95,1.0,0.0
0.5586477992075151,1,0.95,1.0,0.0
0.55116021676071,1,0.95,1.0,0.0
0.5586477992075151,1,0.95,1.0,0.0
0.5586477992075151,1,0.95,1.0,0.0
0.5586477992075151,1,0.95,1.0,0.0
0.55116021676071,1,0.95,1.0,0.0
0.55116021676071,1,0.95,1.0,0.0
0.5586477992075151,1,0.95,1.0,0.0
0.5586477992075151,1,0.95,1.0,0.0
0.5586477992075151,1,0.95,1.0,0.0
0.5586477992075151,1,0.95,1.0,0.0
0.5586477992075151,1,0.95,1.0,0.0
0.5586477992075151,1,0.95,1.0,0.0
0.5586477992075151,1,0.95,1.0,0.0
0.5586477992075151,1,0.95,1.0,0.0
0.5661353816543202,1,0.95,1.0,0.0
0.5661353816543202,1,0.95,1.0,0.0
0.5586477992075151,1,0.95,1.0,0.0
0.55116021676071,1,0.95,1.0,0.0
0.5586477992075151,1,0.95,1.0,0.0
0.5586477992075151,1,0.95,1.0,0.0
0.5586477992075151,1,0.95,1.0,0.0
0.5586477992075151,1,0.95,1.0,0.0
0.5586477992075151,1,0.95,1.0,0.0
0.5586477992075151,1,0.95,1.0,0.0
0.5586477992075151,1,0.95,1.0,0.0
0.5586477992075151,1,0.95,1.0,0.0
0.5586477992075151,1,0.95,1.0,0.0
0.5586477992075151,1,0.95,1.0,0.0
0.5586477992075151,1,0.95,1.0,0.0
0.5586477992075151,1,0.95,1.0,0.0
0.5586477992075151,1,0.95,1.0,0.0
0.5586477992075151,1,0.95,1.0,0.0
0.5586477992075151,1,0.95,1.0,0.0
0.5586477992075151,1,0.95,1.0,0.0
0.5586477992075151,1,0.95,1.0,0.0
0.55116021676071,1,0.95,1.0,0.0
0.5586477992075151,1,0.95,1.0,0.0
0.55116021676071,1,0.95,1.0,0.0
0.55116021676071,1,0.95,1.0,0.0
0.5586477992075151,1,0.95,1.0,0.0
0.5586477992075151,1,0.95,1.0,0.0
0.5586477992075151,1,0.95,1.0,0.0
0.5586477992075151,1,0.95,1.0,0.0
0.5586477992075151,1,0.95,1.0,0.0
0.5586477992075151,1,0.95,1.0,0.0
0.5586477992075151,1,0.95,1.0,0.0
0.5586477992075151,1,0.95,1.0,0.0
0.5586477992075151,1,0.95,1.0,0.0
0.5586477992075151,1,0.95,1.0,0.0
0.5586477992075151,1,0.95,1.0,0.0
0.5586477992075151,1,0.95,1.0,0.0
0.5586477992075151,1,0.95,1.0,0.0
0.5586477992075151,1,0.95,1.0,0.0
0.5586477992075151,1,0.95,1.0,0.0
0.5586477992075151,1,0.95,1.0,0.0
0.5586477992075151,1,0.95,1.0,0.0
0.5586477992075151,1,0.95,1.0,0.0
0.5586477992075151,1,0.95,1.0,0.0
0.5586477992075151,1,0.95,1.0,0.0
0.5586477992075151,1,0.95,1.0,0.0
0.5586477992075151,1,0.95,1.0,0.0
0.5586477992075151,1,0.95,1.0,0.0
0.5586477992075151,1,0.95,1.0,0.0
0.5586477992075151,1,0.95,1.0,0.0
0.5586477992075151,1,0.95,1.0,0.0
0.5586477992075151,1,0.95,1.0,0.0
0.5586477992075151,1,0.95,1.0,0.0
0.5586477992075151,1,0.95,1.0,0.0
0.5586477992075151,1,0.95,1.0,0.0
0.5586477992075151,1,0.95,1.0,0.0
0.5586477992075151,1,0.95,1.0,0.0
0.5586477992075151,1,0.95,1.0,0.0
0.5586477992075151,1,0.95,1.0,0.0
0.5586477992075151,1,0.95,1.0,0.0
0.5586477992075151,1,0.95,1.0,0.0
0.5586477992075151,1,0.95,1.0,0.0
0.5586477992075151,1,0.95,1.0,0.0
0.5586477992075151,1,0.95,1.0,0.0
0.5586477992075151,1,0.95,1.0,0.0
0.5586477992075151,1,0.95,1.0,0.0
0.5586477992075151,1,0.95,1.0,0.0
0.5586477992075151,1,0.95,1.0,0.0
0.5661353816543202,1,0.95,1.0,0.0
0.5586477992075151,1,0.95,1.0,0.0
0.5586477992075151,1,0.95,1.0,0.0
0.5586477992075151,1,0.95,1.0,0.0
0.5586477992075151,1,0.95,1.0,0.0
0.5586477992075151,1,0.95,1.0,0.0
0.5586477992075151,1,0.95,1.0,0.0
0.5586477992075151,1,0.95,1.0,0.0
0.5586477992075151,1,0.95,1.0,0.0
-0.1451849507921685,1,0.95,1.0,0.0
-0.1451849507921685,1,0.95,1.0,0.0
-0.1451849507921685,1,0.95,1.0,0.0
-0.1451849507921685,1,0.95,1.0,0.0
-0.1451849507921685,1,0.95,1.0,0.0
-0.1451849507921685,1,0.95,1.0,0.0
-0.1451849507921685,1,0.95,1.0,0.0
-0.1451849507921685,1,0.95,1.0,0.0
-0.1451849507921685,1,0.95,1.0,0.0
-0.1451849507921685,1,0.95,1.0,0.0
-0.1451849507921685,1,0.95,1.0,0.0
-0.1451849507921685,1,0.95,1.0,0.0
-0.1451849507921685,1,0.95,1.0,0.0
-0.1451849507921685,1,0.95,1.0,0.0
-0.1451849507921685,1,0.95,1.0,0.0
-0.1451849507921685,1,0.95,1.0,0.0
-0.1451849507921685,1,0.95,1.0,0.0
-0.1451849507921685,1,0.95,1.0,0.0
-0.1451849507921685,1,0.95,1.0,0.0
-0.1451849507921685,1,0.95,1.0,0.0
-0.1451849507921685,1,0.95,1.0,0.0
-0.1451849507921685,1,0.95,1.0,0.0
-0.1451849507921685,1,0.95,1.0,0.0
-0.1451849507921685,1,0.95,1.0,0.0
-0.1451849507921685,1,0.95,1.0,0.0
-0.1451849507921685,1,0.95,1.0,0.0
-0.1451849507921685,1,0.95,1.0,0.0
-0.1451849507921685,1,0.95,1.0,0.0
-0.1451849507921685,1,0.95,1.0,0.0
-0.1451849507921685,1,0.95,1.0,0.0
-0.1451849507921685,1,0.95,1.0,0.0
-0.1451849507921685,1,0.95,1.0,0.0
-0.1451849507921685,1,0.95,1.0,0.0
-0.1451849507921685,1,0.95,1.0,0.0
-0.1451849507921685,1,0.95,1.0,0.0
-0.1451849507921685,1,0.95,1.0,0.0
-0.1451849507921685,1,0.95,1.0,0.0
-0.1451849507921685,1,0.95,1.0,0.0
-0.1451849507921685,1,0.95,1.0,0.0
-0.1451849507921685,1,0.95,1.0,0.0
-0.1451849507921685,1,0.95,1.0,0.0
-0.1451849507921685,1,0.95,1.0,0.0
-0.1451849507921685,1,0.95,1.0,0.0
-0.1451849507921685,1,0.95,1.0,0.0
-0.1451849507921685,1,0.95,1.0,0.0
-0.1451849507921685,1,0.95,1.0,0.0
-0.1451849507921685,1,0.95,1.0,0.0
-0.1451849507921685,1,0.95,1.0,0.0
-0.1451849507921685,1,0.95,1.0,0.0
-0.1451849507921685,1,0.95,1.0,0.0
-0.1451849507921685,1,0.95,1.0,0.0
-0.1451849507921685,1,0.95,1.0,0.0
-0.1451849507921685,1,0.95,1.0,0.0
-0.1451849507921685,1,0.95,1.0,0.0
-0.1451849507921685,1,0.95,1.0,0.0
-0.1451849507921685,1,0.95,1.0,0.0
-0.1451849507921685,1,0.95,1.0,0.0
-0.1451849507921685,1,0.95,1.0,0.0
-0.1451849507921685,1,0.95,1.0,0.0
-0.1451849507921685,1,0.95,1.0,0.0
-0.1451849507921685,1,0.95,1.0,0.0
-0.1451849507921685,1,0.95,1.0,0.0
-0.1451849507921685,1,0.95,1.0,0.0
-0.1451849507921685,1,0.95,1.0,0.0
-0.1451849507921685,1,0.95,1.0,0.0
-0.1451849507921685,1,0.95,1.0,0.0
-0.1451849507921685,1,0.95,1.0,0.0
-0.1451849507921685,1,0.95,1.0,0.0
-0.1451849507921685,1,0.95,1.0,0.0
-0.1451849507921685,1,0.95,1.0,0.0
-0.1451849507921685,1,0.95,1.0,0.0
-0.1451849507921685,1,0.95,1.0,0.0
-0.1451849507921685,1,0.95,1.0,0.0
-0.1451849507921685,1,0.95,1.0,0.0
-0.1451849507921685,1,0.95,1.0,0.0
-0.1451849507921685,1,0.95,1.0,0.0
-0.1451849507921685,1,0.95,1.0,0.0
-0.1451849507921685,1,0.95,1.0,0.0
-0.1451849507921685,1,0.95,1.0,0.0
-0.1451849507921685,1,0.95,1.0,0.0
-0.1451849507921685,1,0.95,1.0,0.0
-0.1451849507921685,1,0.95,1.0,0.0
-0.1451849507921685,1,0.95,1.0,0.0
-0.1451849507921685,1,0.95,1.0,0.0
-0.1451849507921685,1,0.95,1.0,0.0
-0.1451849507921685,1,0.95,1.0,0.0
-0.1451849507921685,1,0.95,1.0,0.0
-0.1451849507921685,1,0.95,1.0,0.0
-0.1451849507921685,1,0.95,1.0,0.0
-0.1451849507921685,1,0.95,1.0,0.0
-0.1451849507921685,1,0.95,1.0,0.0
-0.1451849507921685,1,0.95,1.0,0.0
-0.1451849507921685,1,0.95,1.0,0.0
-0.1451849507921685,1,0.95,1.0,0.0
-0.1451849507921685,1,0.95,1.0,0.0
-0.1451849507921685,1,0.95,1.0,0.0
-0.1451849507921685,1,0.95,1.0,0.0
-0.1451849507921685,1,0.95,1.0,0.0
-0.1451849507921685,1,0.95,1.0,0.0
-0.1451849507921685,1,0.95,1.0,0.0
-0.1451849507921685,1,0.95,1.0,0.0
-0.1451849507921685,1,0.95,1.0,0.0
-0.1451849507921685,1,0.95,1.0,0.0
-0.1451849507921685,1,0.95,1.0,0.0
-0.1451849507921685,1,0.95,1.0,0.0
-0.1451849507921685,1,0.95,1.0,0.0
-0.1451849507921685,1,0.95,1.0,0.0
-0.1451849507921685,1,0.95,1.0,0.0
-0.1451849507921685,1,0.95,1.0,0.0
-0.1451849507921685,1,0.95,1.0,0.0
-0.1451849507921685,1,0.95,1.0,0.0
-0.1451849507921685,1,0.95,1.0,0.0
-0.1451849507921685,1,0.95,1.0,0.0
-0.1451849507921685,1,0.95,1.0,0.0
-0.1451849507921685,1,0.95,1.0,0.0
-0.1451849507921685,1,0.95,1.0,0.0
-0.1451849507921685,1,0.95,1.0,0.0
-0.1451849507921685,1,0.95,1.0,0.0
-0.1451849507921685,1,0.95,1.0,0.0
-0.1451849507921685,1,0.95,1.0,0.0
-0.1451849507921685,1,0.95,1.0,0.0
-0.1451849507921685,1,0.95,1.0,0.0
-0.1451849507921685,1,0.95,1.0,0.0
-0.1451849507921685,1,0.95,1.0,0.0
-0.1451849507921685,1,0.95,1.0,0.0
-0.1451849507921685,1,0.95,1.0,0.0
-0.1451849507921685,1,0.95,1.0,0.0
-0.1451849507921685,1,0.95,1.0,0.0
-0.1451849507921685,1,0.95,1.0,0.0
-0.1451849507921685,1,0.95,1.0,0.0
-0.1451849507921685,1,0.95,1.0,0.0
-0.1451849507921685,1,0.95,1.0,0.0
-0.1451849507921685,1,0.95,1.0,0.0
-0.1451849507921685,1,0.95,1.0,0.0
-0.1451849507921685,1,0.95,1.0,0.0
-0.1451849507921685,1,0.95,1.0,0.0
-0.1451849507921685,1,0.95,1.0,0.0
-0.1451849507921685,1,0.95,1.0,0.0
-0.1451849507921685,1,0.95,1.0,0.0
-0.1451849507921685,1,0.95,1.0,0.0
-0.1451849507921685,1,0.95,1.0,0.0
-0.1451849507921685,1,0.95,1.0,0.0
-0.1451849507921685,1,0.95,1.0,0.0
-0.1451849507921685,1,0.95,1.0,0.0
-0.1451849507921685,1,0.95,1.0,0.0
-0.1451849507921685,1,0.95,1.0,0.0
-0.1451849507921685,1,0.95,1.0,0.0
-0.1451849507921685,1,0.95,1.0,0.0
-0.1451849507921685,1,0.95,1.0,0.0
-0.1451849507921685,1,0.95,1.0,0.0
-0.1451849507921685,1,0.95,1.0,0.0
-0.1451849507921685,1,0.95,1.0,0.0
-0.1451849507921685,1,0.95,1.0,0.0
-0.1451849507921685,1,0.95,1.0,0.0
-0.1451849507921685,1,0.95,1.0,0.0
-0.1451849507921685,1,0.95,1.0,0.0
-0.1451849507921685,1,0.95,1.0,0.0
-0.1451849507921685,1,0.95,1.0,0.0
-0.1451849507921685,1,0.95,1.0,0.0
-0.1451849507921685,1,0.95,1.0,0.0
-0.1451849507921685,1,0.95,1.0,0.0
-0.1451849507921685,1,0.95,1.0,0.0
-0.1451849507921685,1,0.95,1.0,0.0
-0.1451849507921685,1,0.95,1.0,0.0
-0.1451849507921685,1,0.95,1.0,0.0
-0.1451849507921685,1,0.95,1.0,0.0
-0.1451849507921685,1,0.95,1.0,0.0
-0.1451849507921685,1,0.95,1.0,0.0
-0.1451849507921685,1,0.95,1.0,0.0
-0.1451849507921685,1,0.95,1.0,0.0
-0.1451849507921685,1,0.95,1.0,0.0
-0.1451849507921685,1,0.95,1.0,0.0
-0.1451849507921685,1,0.95,1.0,0.0
-0.1451849507921685,1,0.95,1.0,0.0
-0.1451849507921685,1,0.95,1.0,0.0
-0.1451849507921685,1,0.95,1.0,0.0
-0.1451849507921685,1,0.95,1.0,0.0
-0.1451849507921685,1,0.95,1.0,0.0
-0.1451849507921685,1,0.95,1.0,0.0
-0.1451849507921685,1,0.95,1.0,0.0
-0.1451849507921685,1,0.95,1.0,0.0
-0.1451849507921685,1,0.95,1.0,0.0
-0.1451849507921685,1,0.95,1.0,0.0
-0.1451849507921685,1,0.95,1.0,0.0
-0.1451849507921685,1,0.95,1.0,0.0
-0.1451849507921685,1,0.95,1.0,0.0
-0.1451849507921685,1,0.95,1.0,0.0
-0.1451849507921685,1,0.95,1.0,0.0
-0.1451849507921685,1,0.95,1.0,0.0
-0.1451849507921685,1,0.95,1.0,0.0
-0.1451849507921685,1,0.95,1.0,0.0
-0.1451849507921685,1,0.95,1.0,0.0
-0.1451849507921685,1,0.95,1.0,0.0
-0.1451849507921685,1,0.95,1.0,0.0
-0.1451849507921685,1,0.95,1.0,0.0
-0.1451849507921685,1,0.95,1.0,0.0
-0.1451849507921685,1,0.95,1.0,0.0
-0.1451849507921685,1,0.95,1.0,0.0
-0.1451849507921685,1,0.95,1.0,0.0
-0.1451849507921685,1,0.95,1.0,0.0
-0.1451849507921685,1,0.95,1.0,0.0
-0.1451849507921685,1,0.95,1.0,0.0
-0.1451849507921685,1,0.95,1.0,0.0
-0.1451849507921685,1,0.95,1.0,0.0
-0.1451849507921685,1,0.95,1.0,0.0
-0.1451849507921685,1,0.95,1.0,0.0
-0.1451849507921685,1,0.95,1.0,0.0
-0.1451849507921685,1,0.95,1.0,0.0
-0.1451849507921685,1,0.95,1.0,0.0
-0.1451849507921685,1,0.95,1.0,0.0
-0.1451849507921685,1,0.95,1.0,0.0
-0.1451849507921685,1,0.95,1.0,0.0
-0.1451849507921685,1,0.95,1.0,0.0
-0.1451849507921685,1,0.95,1.0,0.0
-0.1451849507921685,1,0.95,1.0,0.0
-0.1451849507921685,1,0.95,1.0,0.0
-0.1451849507921685,1,0.95,1.0,0.0
-0.1451849507921685,1,0.95,1.0,0.0
-0.1451849507921685,1,0.95,1.0,0.0
-0.1451849507921685,1,0.95,1.0,0.0
-0.1451849507921685,1,0.95,1.0,0.0
-0.1451849507921685,1,0.95,1.0,0.0
-0.1451849507921685,1,0.95,1.0,0.0
-0.1451849507921685,1,0.95,1.0,0.0
-0.1451849507921685,1,0.95,1.0,0.0
-0.1451849507921685,1,0.95,1.0,0.0
-0.1451849507921685,1,0.95,1.0,0.0
-0.1451849507921685,1,0.95,1.0,0.0
-0.1451849507921685,1,0.95,1.0,0.0
-0.1451849507921685,1,0.95,1.0,0.0
-0.1451849507921685,1,0.95,1.0,0.0
-0.1451849507921685,1,0.95,1.0,0.0
-0.1451849507921685,1,0.95,1.0,0.0
-0.1451849507921685,1,0.95,1.0,0.0
-0.1451849507921685,1,0.95,1.0,0.0
-0.1451849507921685,1,0.95,1.0,0.0
-0.1451849507921685,1,0.95,1.0,0.0
-0.1451849507921685,1,0.95,1.0,0.0
-0.1451849507921685,1,0.95,1.0,0.0
-0.1451849507921685,1,0.95,1.0,0.0
-0.1451849507921685,1,0.95,1.0,0.0
-0.1451849507921685,1,0.95,1.0,0.0
-0.1451849507921685,1,0.95,1.0,0.0
-0.1451849507921685,1,0.95,1.0,0.0
-0.1451849507921685,1,0.95,1.0,0.0
-0.1451849507921685,1,0.95,1.0,0.0
-0.1451849507921685,1,0.95,1.0,0.0
-0.1451849507921685,1,0.95,1.0,0.0
-0.1451849507921685,1,0.95,1.0,0.0
-0.1451849507921685,1,0.95,1.0,0.0
-0.1451849507921685,1,0.95,1.0,0.0
-0.1451849507921685,1,0.95,1.0,0.0
-0.1451849507921685,1,0.95,1.0,0.0
-0.1451849507921685,1,0.95,1.0,0.0
-0.1451849507921685,1,0.95,1.0,0.0
-0.1451849507921685,1,0.95,1.0,0.0
-0.1451849507921685,1,0.95,1.0,0.0
-0.1451849507921685,1,0.95,1.0,0.0
-0.1451849507921685,1,0.95,1.0,0.0
-0.1451849507921685,1,0.95,1.0,0.0
-0.1451849507921685,1,0.95,1.0,0.0
-0.1451849507921685,1,0.95,1.0,0.0
-0.1451849507921685,1,0.95,1.0,0.0
-0.1451849507921685,1,0.95,1.0,0.0
-0.1451849507921685,1,0.95,1.0,0.0
-0.1451849507921685,1,0.95,1.0,0.0
-0.1451849507921685,1,0.95,1.0,0.0
-0.1451849507921685,1,0.95,1.0,0.0
-0.1451849507921685,1,0.95,1.0,0.0
-0.1451849507921685,1,0.95,1.0,0.0
-0.1451849507921685,1,0.95,1.0,0.0
-0.1451849507921685,1,0.95,1.0,0.0
-0.1451849507921685,1,0.95,1.0,0.0
-0.1451849507921685,1,0.95,1.0,0.0
-0.1451849507921685,1,0.95,1.0,0.0
-0.1451849507921685,1,0.95,1.0,0.0
-0.1451849507921685,1,0.95,1.0,0.0
-0.1451849507921685,1,0.95,1.0,0.0
-0.1451849507921685,1,0.95,1.0,0.0
-0.1451849507921685,1,0.95,1.0,0.0
-0.1451849507921685,1,0.95,1.0,0.0
-0.1451849507921685,1,0.95,1.0,0.0
-0.1451849507921685,1,0.95,1.0,0.0
-0.1451849507921685,1,0.95,1.0,0.0
-0.1451849507921685,1,0.95,1.0,0.0
-0.1451849507921685,1,0.95,1.0,0.0
-0.1451849507921685,1,0.95,1.0,0.0
-0.1451849507921685,1,0.95,1.0,0.0
-0.1451849507921685,1,0.95,1.0,0.0
-0.1451849507921685,1,0.95,1.0,0.0
-0.1451849507921685,1,0.95,1.0,0.0
-0.1451849507921685,1,0.95,1.0,0.0
-0.1451849507921685,1,0.95,1.0,0.0
-0.1451849507921685,1,0.95,1.0,0.0
-0.1451849507921685,1,0.95,1.0,0.0
-0.1451849507921685,1,0.95,1.0,0.0
-0.1451849507921685,1,0.95,1.0,0.0
-0.1451849507921685,1,0.95,1.0,0.0
-0.1451849507921685,1,0.95,1.0,0.0
-0.1451849507921685,1,0.95,1.0,0.0
-0.1451849507921685,1,0.95,1.0,0.0
-0.1451849507921685,1,0.95,1.0,0.0
-0.1451849507921685,1,0.95,1.0,0.0
-0.1451849507921685,1,0.95,1.0,0.0
-0.1451849507921685,1,0.95,1.0,0.0
-0.1451849507921685,1,0.95,1.0,0.0
-0.1451849507921685,1,0.95,1.0,0.0
-0.1451849507921685,1,0.95,1.0,0.0
-0.1451849507921685,1,0.95,1.0,0.0
-0.1451849507921685,1,0.95,1.0,0.0
-0.1451849507921685,1,0.95,1.0,0.0
-0.1451849507921685,1,0.95,1.0,0.0
-0.1451849507921685,1,0.95,1.0,0.0
-0.1451849507921685,1,0.95,1.0,0.0
-0.1451849507921685,1,0.95,1.0,0.0
-0.1451849507921685,1,0.95,1.0,0.0
-0.1451849507921685,1,0.95,1.0,0.0
-0.1451849507921685,1,0.95,1.0,0.0
-0.1451849507921685,1,0.95,1.0,0.0
-0.1451849507921685,1,0.95,1.0,0.0
-0.1451849507921685,1,0.95,1.0,0.0
-0.1451849507921685,1,0.95,1.0,0.0
-0.1451849507921685,1,0.95,1.0,0.0
-0.1451849507921685,1,0.95,1.0,0.0
-0.1451849507921685,1,0.95,1.0,0.0
-0.1451849507921685,1,0.95,1.0,0.0
-0.1451849507921685,1,0.95,1.0,0.0
-0.1451849507921685,1,0.95,1.0,0.0
-0.1451849507921685,1,0.95,1.0,0.0
-0.1451849507921685,1,0.95,1.0,0.0
-0.1451849507921685,1,0.95,1.0,0.0
-0.1451849507921685,1,0.95,1.0,0.0
-0.1451849507921685,1,0.95,1.0,0.0
-0.1451849507921685,1,0.95,1.0,0.0
-0.1451849507921685,1,0.95,1.0,0.0
-0.1451849507921685,1,0.95,1.0,0.0
-0.1451849507921685,1,0.95,1.0,0.0
-0.1451849507921685,1,0.95,1.0,0.0
-0.1451849507921685,1,0.95,1.0,0.0
-0.1451849507921685,1,0.95,1.0,0.0
-0.1451849507921685,1,0.95,1.0,0.0
-0.1451849507921685,1,0.95,1.0,0.0
-0.1451849507921685,1,0.95,1.0,0.0
-0.1451849507921685,1,0.95,1.0,0.0
-0.1451849507921685,1,0.95,1.0,0.0
-0.1451849507921685,1,0.95,1.0,0.0
-0.1451849507921685,1,0.95,1.0,0.0
-0.1451849507921685,1,0.95,1.0,0.0
-0.1451849507921685,1,0.95,1.0,0.0
-0.1451849507921685,1,0.95,1.0,0.0
-0.1451849507921685,1,0.95,1.0,0.0
-0.1451849507921685,1,0.95,1.0,0.0
-0.1451849507921685,1,0.95,1.0,0.0
-0.1451849507921685,1,0.95,1.0,0.0
-0.1451849507921685,1,0.95,1.0,0.0
-0.1451849507921685,1,0.95,1.0,0.0
-0.1451849507921685,1,0.95,1.0,0.0
-0.1451849507921685,1,0.95,1.0,0.0
-0.1451849507921685,1,0.95,1.0,0.0
-0.1451849507921685,1,0.95,1.0,0.0
-0.1451849507921685,1,0.95,1.0,0.0
-0.1451849507921685,1,0.95,1.0,0.0
-0.1451849507921685,1,0.95,1.0,0.0
-0.1451849507921685,1,0.95,1.0,0.0
-0.1451849507921685,1,0.95,1.0,0.0
-0.1451849507921685,1,0.95,1.0,0.0
-0.1451849507921685,1,0.95,1.0,0.0
-0.1451849507921685,1,0.95,1.0,0.0
-0.1451849507921685,1,0.95,1.0,0.0
-0.1451849507921685,1,0.95,1.0,0.0
-0.1451849507921685,1,0.95,1.0,0.0
-0.1451849507921685,1,0.95,1.0,0.0
-0.1451849507921685,1,0.95,1.0,0.0
-0.1451849507921685,1,0.95,1.0,0.0
-0.1451849507921685,1,0.95,1.0,0.0
-0.1451849507921685,1,0.95,1.0,0.0
-0.1451849507921685,1,0.95,1.0,0.0
-0.1451849507921685,1,0.95,1.0,0.0
-0.1451849507921685,1,0.95,1.0,0.0
-0.1451849507921685,1,0.95,1.0,0.0
-0.1451849507921685,1,0.95,1.0,0.0
-0.1451849507921685,1,0.95,1.0,0.0
-0.1451849507921685,1,0.95,1.0,0.0
-0.1451849507921685,1,0.95,1.0,0.0
-0.1451849507921685,1,0.95,1.0,0.0
-0.1451849507921685,1,0.95,1.0,0.0
-0.1451849507921685,1,0.95,1.0,0.0
-0.1451849507921685,1,0.95,1.0,0.0
-0.1451849507921685,1,0.95,1.0,0.0
-0.1451849507921685,1,0.95,1.0,0.0
-0.1451849507921685,1,0.95,1.0,0.0
-0.1451849507921685,1,0.95,1.0,0.0
-0.1451849507921685,1,0.95,1.0,0.0
-0.1451849507921685,1,0.95,1.0,0.0
-0.1451849507921685,1,0.95,1.0,0.0
-0.1451849507921685,1,0.95,1.0,0.0
-0.1451849507921685,1,0.95,1.0,0.0
-0.1451849507921685,1,0.95,1.0,0.0
-0.1451849507921685,1,0.95,1.0,0.0
-0.1451849507921685,1,0.95,1.0,0.0
-0.1451849507921685,1,0.95,1.0,0.0
-0.1451849507921685,1,0.95,1.0,0.0
-0.1451849507921685,1,0.95,1.0,0.0
-0.1451849507921685,1,0.95,1.0,0.0
-0.1451849507921685,1,0.95,1.0,0.0
-0.1451849507921685,1,0.95,1.0,0.0
-0.1451849507921685,1,0.95,1.0,0.0
-0.1451849507921685,1,0.95,1.0,0.0
-0.1451849507921685,1,0.95,1.0,0.0
-0.1451849507921685,1,0.95,1.0,0.0
-0.1451849507921685,1,0.95,1.0,0.0
-0.1451849507921685,1,0.95,1.0,0.0
-0.1451849507921685,1,0.95,1.0,0.0
-0.1451849507921685,1,0.95,1.0,0.0
-0.1451849507921685,1,0.95,1.0,0.0
-0.1451849507921685,1,0.95,1.0,0.0
-0.1451849507921685,1,0.95,1.0,0.0
-0.1451849507921685,1,0.95,1.0,0.0
-0.1451849507921685,1,0.95,1.0,0.0
-0.1451849507921685,1,0.95,1.0,0.0
-0.1451849507921685,1,0.95,1.0,0.0
-0.1451849507921685,1,0.95,1.0,0.0
-0.1451849507921685,1,0.95,1.0,0.0
-0.1451849507921685,1,0.95,1.0,0.0
-0.1451849507921685,1,0.95,1.0,0.0
-0.1451849507921685,1,0.95,1.0,0.0
-0.1451849507921685,1,0.95,1.0,0.0
-0.1451849507921685,1,0.95,1.0,0.0
-0.1451849507921685,1,0.95,1.0,0.0
-0.1451849507921685,1,0.95,1.0,0.0
-0.1451849507921685,1,0.95,1.0,0.0
-0.1451849507921685,1,0.95,1.0,0.0
-0.1451849507921685,1,0.95,1.0,0.0
-0.1451849507921685,1,0.95,1.0,0.0
-0.1451849507921685,1,0.95,1.0,0.0
-0.1451849507921685,1,0.95,1.0,0.0
-0.1451849507921685,1,0.95,1.0,0.0
-0.1451849507921685,1,0.95,1.0,0.0
-0.1451849507921685,1,0.95,1.0,0.0
-0.1451849507921685,1,0.95,1.0,0.0
-0.1451849507921685,1,0.95,1.0,0.0
-0.1451849507921685,1,0.95,1.0,0.0
-0.1451849507921685,1,0.95,1.0,0.0
-0.1451849507921685,1,0.95,1.0,0.0
-0.1451849507921685,1,0.95,1.0,0.0
-0.1451849507921685,1,0.95,1.0,0.0
-0.1451849507921685,1,0.95,1.0,0.0
-0.1451849507921685,1,0.95,1.0,0.0
-0.1451849507921685,1,0.95,1.0,0.0
-0.1451849507921685,1,0.95,1.0,0.0
-0.1451849507921685,1,0.95,1.0,0.0
-0.1451849507921685,1,0.95,1.0,0.0
-0.1451849507921685,1,0.95,1.0,0.0
-0.1451849507921685,1,0.95,1.0,0.0
-0.1451849507921685,1,0.95,1.0,0.0
-0.1451849507921685,1,0.95,1.0,0.0
-0.1451849507921685,1,0.95,1.0,0.0
-0.1451849507921685,1,0.95,1.0,0.0
-0.1451849507921685,1,0.95,1.0,0.0
-0.1451849507921685,1,0.95,1.0,0.0
-0.1451849507921685,1,0.95,1.0,0.0
-0.1451849507921685,1,0.95,1.0,0.0
-0.1451849507921685,1,0.95,1.0,0.0
-0.1451849507921685,1,0.95,1.0,0.0
-0.1451849507921685,1,0.95,1.0,0.0
-0.1451849507921685,1,0.95,1.0,0.0
-0.1451849507921685,1,0.95,1.0,0.0
-0.1451849507921685,1,0.95,1.0,0.0
-0.1451849507921685,1,0.95,1.0,0.0
-0.1451849507921685,1,0.95,1.0,0.0
-0.1451849507921685,1,0.95,1.0,0.0
-0.1451849507921685,1,0.95,1.0,0.0
-0.1451849507921685,1,0.95,1.0,0.0
-0.1451849507921685,1,0.95,1.0,0.0
-0.1451849507921685,1,0.95,1.0,0.0
-0.1451849507921685,1,0.95,1.0,0.0
-0.1451849507921685,1,0.95,1.0,0.0
-0.1451849507921685,1,0.95,1.0,0.0
-0.1451849507921685,1,0.95,1.0,0.0
-0.1451849507921685,1,0.95,1.0,0.0
-0.1451849507921685,1,0.95,1.0,0.0
-0.1451849507921685,1,0.95,1.0,0.0
-0.1451849507921685,1,0.95,1.0,0.0
-0.1451849507921685,1,0.95,1.0,0.0
-0.1451849507921685,1,0.95,1.0,0.0
-0.1451849507921685,1,0.95,1.0,0.0
-0.1451849507921685,1,0.95,1.0,0.0
-0.1451849507921685,1,0.95,1.0,0.0
-0.1451849507921685,1,0.95,1.0,0.0
-0.1451849507921685,1,0.95,1.0,0.0
-0.1451849507921685,1,0.95,1.0,0.0
-0.1451849507921685,1,0.95,1.0,0.0
-0.1451849507921685,1,0.95,1.0,0.0
-0.1451849507921685,1,0.95,1.0,0.0
-0.1451849507921685,1,0.95,1.0,0.0
-0.1451849507921685,1,0.95,1.0,0.0
-0.1451849507921685,1,0.95,1.0,0.0
-0.1451849507921685,1,0.95,1.0,0.0
-0.1451849507921685,1,0.95,1.0,0.0
-0.1451849507921685,1,0.95,1.0,0.0
-0.1451849507921685,1,0.95,1.0,0.0
-0.1451849507921685,1,0.95,1.0,0.0
-0.1451849507921685,1,0.95,1.0,0.0
-0.1451849507921685,1,0.95,1.0,0.0
-0.1451849507921685,1,0.95,1.0,0.0
-0.1451849507921685,1,0.95,1.0,0.0
-0.1451849507921685,1,0.95,1.0,0.0
-0.1451849507921685,1,0.95,1.0,0.0
-0.1451849507921685,1,0.95,1.0,0.0
-0.1451849507921685,1,0.95,1.0,0.0
-0.1451849507921685,1,0.95,1.0,0.0
-0.1451849507921685,1,0.95,1.0,0.0
-0.1451849507921685,1,0.95,1.0,0.0
-0.1451849507921685,1,0.95,1.0,0.0
-0.1451849507921685,1,0.95,1.0,0.0
-0.1451849507921685,1,0.95,1.0,0.0
-0.1451849507921685,1,0.95,1.0,0.0
-0.1451849507921685,1,0.95,1.0,0.0
-0.1451849507921685,1,0.95,1.0,0.0
-0.1451849507921685,1,0.95,1.0,0.0
-0.1451849507921685,1,0.95,1.0,0.0
-0.1451849507921685,1,0.95,1.0,0.0
-0.1451849507921685,1,0.95,1.0,0.0
-0.1451849507921685,1,0.95,1.0,0.0
-0.1451849507921685,1,0.95,1.0,0.0
-0.1451849507921685,1,0.95,1.0,0.0
-0.1451849507921685,1,0.95,1.0,0.0
-0.1451849507921685,1,0.95,1.0,0.0
-0.1451849507921685,1,0.95,1.0,0.0
-0.1451849507921685,1,0.95,1.0,0.0
-0.1451849507921685,1,0.95,1.0,0.0
-0.1451849507921685,1,0.95,1.0,0.0
-0.1451849507921685,1,0.95,1.0,0.0
-0.1451849507921685,1,0.95,1.0,0.0
-0.1451849507921685,1,0.95,1.0,0.0
-0.1451849507921685,1,0.95,1.0,0.0
-0.1451849507921685,1,0.95,1.0,0.0
-0.1451849507921685,1,0.95,1.0,0.0
-0.1451849507921685,1,0.95,1.0,0.0
-0.1451849507921685,1,0.95,1.0,0.0
-0.1451849507921685,1,0.95,1.0,0.0
-0.1451849507921685,1,0.95,1.0,0.0
-0.1451849507921685,1,0.95,1.0,0.0
-0.1451849507921685,1,0.95,1.0,0.0
-0.1451849507921685,1,0.95,1.0,0.0
-0.1451849507921685,1,0.95,1.0,0.0
-0.1451849507921685,1,0.95,1.0,0.0
-0.1451849507921685,1,0.95,1.0,0.0
-0.1451849507921685,1,0.95,1.0,0.0
-0.1451849507921685,1,0.95,1.0,0.0
-0.1451849507921685,1,0.95,1.0,0.0
-0.1451849507921685,1,0.95,1.0,0.0
-0.1451849507921685,1,0.95,1.0,0.0
-0.1451849507921685,1,0.95,1.0,0.0
-0.1451849507921685,1,0.95,1.0,0.0
-0.1451849507921685,1,0.95,1.0,0.0
-0.1451849507921685,1,0.95,1.0,0.0
-0.1451849507921685,1,0.95,1.0,0.0
-0.1451849507921685,1,0.95,1.0,0.0
-0.1451849507921685,1,0.95,1.0,0.0
-0.1451849507921685,1,0.95,1.0,0.0
-0.1451849507921685,1,0.95,1.0,0.0
-0.1451849507921685,1,0.95,1.0,0.0
-0.1451849507921685,1,0.95,1.0,0.0
-0.1451849507921685,1,0.95,1.0,0.0
-0.1451849507921685,1,0.95,1.0,0.0
-0.1451849507921685,1,0.95,1.0,0.0
-0.1451849507921685,1,0.95,1.0,0.0
-0.1451849507921685,1,0.95,1.0,0.0
-0.1451849507921685,1,0.95,1.0,0.0
-0.1451849507921685,1,0.95,1.0,0.0
-0.1451849507921685,1,0.95,1.0,0.0
-0.1451849507921685,1,0.95,1.0,0.0
-0.1451849507921685,1,0.95,1.0,0.0
-0.1451849507921685,1,0.95,1.0,0.0
-0.1451849507921685,1,0.95,1.0,0.0
-0.1451849507921685,1,0.95,1.0,0.0
-0.1451849507921685,1,0.95,1.0,0.0
-0.1451849507921685,1,0.95,1.0,0.0
-0.1451849507921685,1,0.95,1.0,0.0
-0.1451849507921685,1,0.95,1.0,0.0
-0.1451849507921685,1,0.95,1.0,0.0
-0.1451849507921685,1,0.95,1.0,0.0
-0.1451849507921685,1,0.95,1.0,0.0
-0.1451849507921685,1,0.95,1.0,0.0
-0.1451849507921685,1,0.95,1.0,0.0
-0.1451849507921685,1,0.95,1.0,0.0
-0.1451849507921685,1,0.95,1.0,0.0
-0.1451849507921685,1,0.95,1.0,0.0
-0.1451849507921685,1,0.95,1.0,0.0
-0.1451849507921685,1,0.95,1.0,0.0
-0.1451849507921685,1,0.95,1.0,0.0
-0.1451849507921685,1,0.95,1.0,0.0
-0.1451849507921685,1,0.95,1.0,0.0
-0.1451849507921685,1,0.95,1.0,0.0
-0.1451849507921685,1,0.95,1.0,0.0
-0.1451849507921685,1,0.95,1.0,0.0
-0.1451849507921685,1,0.95,1.0,0.0
-0.1451849507921685,1,0.95,1.0,0.0
-0.1451849507921685,1,0.95,1.0,0.0
-0.1451849507921685,1,0.95,1.0,0.0
-0.1451849507921685,1,0.95,1.0,0.0
-0.1451849507921685,1,0.95,1.0,0.0
-0.1451849507921685,1,0.95,1.0,0.0
-0.1451849507921685,1,0.95,1.0,0.0
-0.1451849507921685,1,0.95,1.0,0.0
-0.1451849507921685,1,0.95,1.0,0.0
-0.1451849507921685,1,0.95,1.0,0.0
-0.1451849507921685,1,0.95,1.0,0.0
-0.1451849507921685,1,0.95,1.0,0.0
-0.1451849507921685,1,0.95,1.0,0.0
-0.1451849507921685,1,0.95,1.0,0.0
-0.1451849507921685,1,0.95,1.0,0.0
-0.1451849507921685,1,0.95,1.0,0.0
-0.1451849507921685,1,0.95,1.0,0.0
-0.1451849507921685,1,0.95,1.0,0.0
-0.1451849507921685,1,0.95,1.0,0.0
-0.1451849507921685,1,0.95,1.0,0.0
-0.1451849507921685,1,0.95,1.0,0.0
-0.1451849507921685,1,0.95,1.0,0.0
-0.1451849507921685,1,0.95,1.0,0.0
-0.1451849507921685,1,0.95,1.0,0.0
-0.1451849507921685,1,0.95,1.0,0.0
-0.1451849507921685,1,0.95,1.0,0.0
-0.1451849507921685,1,0.95,1.0,0.0
-0.1451849507921685,1,0.95,1.0,0.0
-0.1451849507921685,1,0.95,1.0,0.0
-0.1451849507921685,1,0.95,1.0,0.0
-0.1451849507921685,1,0.95,1.0,0.0
-0.1451849507921685,1,0.95,1.0,0.0
-0.1451849507921685,1,0.95,1.0,0.0
-0.1451849507921685,1,0.95,1.0,0.0
-0.1451849507921685,1,0.95,1.0,0.0
-0.1451849507921685,1,0.95,1.0,0.0
-0.1451849507921685,1,0.95,1.0,0.0
-0.1451849507921685,1,0.95,1.0,0.0
-0.1451849507921685,1,0.95,1.0,0.0
-0.1451849507921685,1,0.95,1.0,0.0
-0.1451849507921685,1,0.95,1.0,0.0
-0.1451849507921685,1,0.95,1.0,0.0
-0.1451849507921685,1,0.95,1.0,0.0
-0.1451849507921685,1,0.95,1.0,0.0
-0.1451849507921685,1,0.95,1.0,0.0
-0.1451849507921685,1,0.95,1.0,0.0
-0.1451849507921685,1,0.95,1.0,0.0
-0.1451849507921685,1,0.95,1.0,0.0
-0.1451849507921685,1,0.95,1.0,0.0
-0.1451849507921685,1,0.95,1.0,0.0
-0.1451849507921685,1,0.95,1.0,0.0
-0.1451849507921685,1,0.95,1.0,0.0
-0.1451849507921685,1,0.95,1.0,0.0
-0.1451849507921685,1,0.95,1.0,0.0
-0.1451849507921685,1,0.95,1.0,0.0
-0.1451849507921685,1,0.95,1.0,0.0
-0.1451849507921685,1,0.95,1.0,0.0
-0.1451849507921685,1,0.95,1.0,0.0
-0.1451849507921685,1,0.95,1.0,0.0
-0.1451849507921685,1,0.95,1.0,0.0
-0.1451849507921685,1,0.95,1.0,0.0
-0.1451849507921685,1,0.95,1.0,0.0
-0.1451849507921685,1,0.95,1.0,0.0
-0.1451849507921685,1,0.95,1.0,0.0
-0.1451849507921685,1,0.95,1.0,0.0
-0.1451849507921685,1,0.95,1.0,0.0
-0.1451849507921685,1,0.95,1.0,0.0
-0.1451849507921685,1,0.95,1.0,0.0
-0.1451849507921685,1,0.95,1.0,0.0
-0.1451849507921685,1,0.95,1.0,0.0
-0.1451849507921685,1,0.95,1.0,0.0
-0.1451849507921685,1,0.95,1.0,0.0
-0.1451849507921685,1,0.95,1.0,0.0
-0.1451849507921685,1,0.95,1.0,0.0
-0.1451849507921685,1,0.95,1.0,0.0
-0.1451849507921685,1,0.95,1.0,0.0
-0.1451849507921685,1,0.95,1.0,0.0
-0.1451849507921685,1,0.95,1.0,0.0
-0.1451849507921685,1,0.95,1.0,0.0
-0.1451849507921685,1,0.95,1.0,0.0
-0.1451849507921685,1,0.95,1.0,0.0
-0.1451849507921685,1,0.95,1.0,0.0
-0.1451849507921685,1,0.95,1.0,0.0
-0.1451849507921685,1,0.95,1.0,0.0
-0.1451849507921685,1,0.95,1.0,0.0
-0.1451849507921685,1,0.95,1.0,0.0
-0.1451849507921685,1,0.95,1.0,0.0
-0.1451849507921685,1,0.95,1.0,0.0
-0.1451849507921685,1,0.95,1.0,0.0
-0.1451849507921685,1,0.95,1.0,0.0
-0.1451849507921685,1,0.95,1.0,0.0
-0.1451849507921685,1,0.95,1.0,0.0
-0.1451849507921685,1,0.95,1.0,0.0
-0.1451849507921685,1,0.95,1.0,0.0
-0.1451849507921685,1,0.95,1.0,0.0
-0.1451849507921685,1,0.95,1.0,0.0
-0.1451849507921685,1,0.95,1.0,0.0
-0.1451849507921685,1,0.95,1.0,0.0
-0.1451849507921685,1,0.95,1.0,0.0
-0.1451849507921685,1,0.95,1.0,0.0
-0.1451849507921685,1,0.95,1.0,0.0
-0.1451849507921685,1,0.95,1.0,0.0
-0.1451849507921685,1,0.95,1.0,0.0
-0.1451849507921685,1,0.95,1.0,0.0
-0.1451849507921685,1,0.95,1.0,0.0
-0.1451849507921685,1,0.95,1.0,0.0
-0.1451849507921685,1,0.95,1.0,0.0
-0.1451849507921685,1,0.95,1.0,0.0
-0.1451849507921685,1,0.95,1.0,0.0
-0.1451849507921685,1,0.95,1.0,0.0
-0.1451849507921685,1,0.95,1.0,0.0
-0.1451849507921685,1,0.95,1.0,0.0
-0.1451849507921685,1,0.95,1.0,0.0
-0.1451849507921685,1,0.95,1.0,0.0
-0.1451849507921685,1,0.95,1.0,0.0
-0.1451849507921685,1,0.95,1.0,0.0
-0.1451849507921685,1,0.95,1.0,0.0
-0.1451849507921685,1,0.95,1.0,0.0
-0.1451849507921685,1,0.95,1.0,0.0
-0.1451849507921685,1,0.95,1.0,0.0
-0.1451849507921685,1,0.95,1.0,0.0
-0.1451849507921685,1,0.95,1.0,0.0
-0.1451849507921685,1,0.95,1.0,0.0
-0.1451849507921685,1,0.95,1.0,0.0
-0.1451849507921685,1,0.95,1.0,0.0
-0.1451849507921685,1,0.95,1.0,0.0
-0.1451849507921685,1,0.95,1.0,0.0
-0.1451849507921685,1,0.95,1.0,0.0
-0.1451849507921685,1,0.95,1.0,0.0
-0.1451849507921685,1,0.95,1.0,0.0
-0.1451849507921685,1,0.95,1.0,0.0
-0.1451849507921685,1,0.95,1.0,0.0
-0.1451849507921685,1,0.95,1.0,0.0
-0.1451849507921685,1,0.95,1.0,0.0
-0.1451849507921685,1,0.95,1.0,0.0
-0.1451849507921685,1,0.95,1.0,0.0
-0.1451849507921685,1,0.95,1.0,0.0
-0.1451849507921685,1,0.95,1.0,0.0
-0.1451849507921685,1,0.95,1.0,0.0
-0.1451849507921685,1,0.95,1.0,0.0
-0.1451849507921685,1,0.95,1.0,0.0
-0.1451849507921685,1,0.95,1.0,0.0
-0.1451849507921685,1,0.95,1.0,0.0
-0.1451849507921685,1,0.95,1.0,0.0
-0.1451849507921685,1,0.95,1.0,0.0
-0.1451849507921685,1,0.95,1.0,0.0
-0.1451849507921685,1,0.95,1.0,0.0
-0.1451849507921685,1,0.95,1.0,0.0
-0.1451849507921685,1,0.95,1.0,0.0
-0.1451849507921685,1,0.95,1.0,0.0
-0.1451849507921685,1,0.95,1.0,0.0
-0.1451849507921685,1,0.95,1.0,0.0
-0.1451849507921685,1,0.95,1.0,0.0
-0.1451849507921685,1,0.95,1.0,0.0
-0.1451849507921685,1,0.95,1.0,0.0
-0.1451849507921685,1,0.95,1.0,0.0
-0.1451849507921685,1,0.95,1.0,0.0
-0.1451849507921685,1,0.95,1.0,0.0
-0.1451849507921685,1,0.95,1.0,0.0
-0.1451849507921685,1,0.95,1.0,0.0
-0.1451849507921685,1,0.95,1.0,0.0
-0.1451849507921685,1,0.95,1.0,0.0
-0.1451849507921685,1,0.95,1.0,0.0
-0.1451849507921685,1,0.95,1.0,0.0
-0.1451849507921685,1,0.95,1.0,0.0
-0.1451849507921685,1,0.95,1.0,0.0
-0.1451849507921685,1,0.95,1.0,0.0
-0.1451849507921685,1,0.95,1.0,0.0
-0.1451849507921685,1,0.95,1.0,0.0
-0.1451849507921685,1,0.95,1.0,0.0
-0.1451849507921685,1,0.95,1.0,0.0
-0.1451849507921685,1,0.95,1.0,0.0
-0.1451849507921685,1,0.95,1.0,0.0
-0.1451849507921685,1,0.95,1.0,0.0
-0.1451849507921685,1,0.95,1.0,0.0
-0.1451849507921685,1,0.95,1.0,0.0
-0.1451849507921685,1,0.95,1.0,0.0
-0.1451849507921685,1,0.95,1.0,0.0
-0.1451849507921685,1,0.95,1.0,0.0
-0.1451849507921685,1,0.95,1.0,0.0
-0.1451849507921685,1,0.95,1.0,0.0
-0.1451849507921685,1,0.95,1.0,0.0
-0.1451849507921685,1,0.95,1.0,0.0
-0.1451849507921685,1,0.95,1.0,0.0
-0.1451849507921685,1,0.95,1.0,0.0
-0.1451849507921685,1,0.95,1.0,0.0
-0.1451849507921685,1,0.95,1.0,0.0
-0.1451849507921685,1,0.95,1.0,0.0
-0.1451849507921685,1,0.95,1.0,0.0
-0.1451849507921685,1,0.95,1.0,0.0
-0.1451849507921685,1,0.95,1.0,0.0
-0.1451849507921685,1,0.95,1.0,0.0
-0.1451849507921685,1,0.95,1.0,0.0
-0.1451849507921685,1,0.95,1.0,0.0
-0.1451849507921685,1,0.95,1.0,0.0
-0.1451849507921685,1,0.95,1.0,0.0
-0.1451849507921685,1,0.95,1.0,0.0
-0.1451849507921685,1,0.95,1.0,0.0
-0.1451849507921685,1,0.95,1.0,0.0
-0.1451849507921685,1,0.95,1.0,0.0
-0.1451849507921685,1,0.95,1.0,0.0
-0.1451849507921685,1,0.95,1.0,0.0
-0.1451849507921685,1,0.95,1.0,0.0
-0.1451849507921685,1,0.95,1.0,0.0
-0.1451849507921685,1,0.95,1.0,0.0
-0.1451849507921685,1,0.95,1.0,0.0
-0.1451849507921685,1,0.95,1.0,0.0
-0.1451849507921685,1,0.95,1.0,0.0
-0.1451849507921685,1,0.95,1.0,0.0
-0.1451849507921685,1,0.95,1.0,0.0
-0.1451849507921685,1,0.95,1.0,0.0
-0.1451849507921685,1,0.95,1.0,0.0
-0.1451849507921685,1,0.95,1.0,0.0
-0.1451849507921685,1,0.95,1.0,0.0
-0.1451849507921685,1,0.95,1.0,0.0
-0.1451849507921685,1,0.95,1.0,0.0
-0.1451849507921685,1,0.95,1.0,0.0
-0.1451849507921685,1,0.95,1.0,0.0
-0.1451849507921685,1,0.95,1.0,0.0
-0.1451849507921685,1,0.95,1.0,0.0
-0.1451849507921685,1,0.95,1.0,0.0
-0.1451849507921685,1,0.95,1.0,0.0
-0.1451849507921685,1,0.95,1.0,0.0
-0.1451849507921685,1,0.95,1.0,0.0
-0.1451849507921685,1,0.95,1.0,0.0
-0.1451849507921685,1,0.95,1.0,0.0
-0.1451849507921685,1,0.95,1.0,0.0
-0.1451849507921685,1,0.95,1.0,0.0
-0.1451849507921685,1,0.95,1.0,0.0
-0.1451849507921685,1,0.95,1.0,0.0
-0.1451849507921685,1,0.95,1.0,0.0
-0.1451849507921685,1,0.95,1.0,0.0
-0.1451849507921685,1,0.95,1.0,0.0
-0.1451849507921685,1,0.95,1.0,0.0
-0.1451849507921685,1,0.95,1.0,0.0
-0.1451849507921685,1,0.95,1.0,0.0
-0.1451849507921685,1,0.95,1.0,0.0
-0.1451849507921685,1,0.95,1.0,0.0
-0.1451849507921685,1,0.95,1.0,0.0
-0.1451849507921685,1,0.95,1.0,0.0
-0.1451849507921685,1,0.95,1.0,0.0
-0.1451849507921685,1,0.95,1.0,0.0
-0.1451849507921685,1,0.95,1.0,0.0
-0.1451849507921685,1,0.95,1.0,0.0
-0.1451849507921685,1,0.95,1.0,0.0
-0.1451849507921685,1,0.95,1.0,0.0
-0.1451849507921685,1,0.95,1.0,0.0
-0.1451849507921685,1,0.95,1.0,0.0
-0.1451849507921685,1,0.95,1.0,0.0
-0.1451849507921685,1,0.95,1.0,0.0
-0.1451849507921685,1,0.95,1.0,0.0
-0.1451849507921685,1,0.95,1.0,0.0
-0.1451849507921685,1,0.95,1.0,0.0
-0.1451849507921685,1,0.95,1.0,0.0
-0.1451849507921685,1,0.95,1.0,0.0
-0.1451849507921685,1,0.95,1.0,0.0
-0.1451849507921685,1,0.95,1.0,0.0
-0.1451849507921685,1,0.95,1.0,0.0
-0.1451849507921685,1,0.95,1.0,0.0
-0.1451849507921685,1,0.95,1.0,0.0
-0.1451849507921685,1,0.95,1.0,0.0
-0.1451849507921685,1,0.95,1.0,0.0
-0.1451849507921685,1,0.95,1.0,0.0
-0.1451849507921685,1,0.95,1.0,0.0
-0.1451849507921685,1,0.95,1.0,0.0
-0.1451849507921685,1,0.95,1.0,0.0
-0.1451849507921685,1,0.95,1.0,0.0
-0.1451849507921685,1,0.95,1.0,0.0
-0.1451849507921685,1,0.95,1.0,0.0
-0.1451849507921685,1,0.95,1.0,0.0
-0.1451849507921685,1,0.95,1.0,0.0
-0.1451849507921685,1,0.95,1.0,0.0
-0.1451849507921685,1,0.95,1.0,0.0
-0.1451849507921685,1,0.95,1.0,0.0
-0.1451849507921685,1,0.95,1.0,0.0
-0.1451849507921685,1,0.95,1.0,0.0
-0.1451849507921685,1,0.95,1.0,0.0
-0.1451849507921685,1,0.95,1.0,0.0
-0.1451849507921685,1,0.95,1.0,0.0
-0.1451849507921685,1,0.95,1.0,0.0
-0.1451849507921685,1,0.95,1.0,0.0
-0.1451849507921685,1,0.95,1.0,0.0
-0.1451849507921685,1,0.95,1.0,0.0
-0.1451849507921685,1,0.95,1.0,0.0
-0.1451849507921685,1,0.95,1.0,0.0
-0.1451849507921685,1,0.95,1.0,0.0
-0.1451849507921685,1,0.95,1.0,0.0
-0.1451849507921685,1,0.95,1.0,0.0
-0.1451849507921685,1,0.95,1.0,0.0
-0.1451849507921685,1,0.95,1.0,0.0
-0.1451849507921685,1,0.95,1.0,0.0
-0.1451849507921685,1,0.95,1.0,0.0
-0.1451849507921685,1,0.95,1.0,0.0
-0.1451849507921685,1,0.95,1.0,0.0
-0.1451849507921685,1,0.95,1.0,0.0
-0.1451849507921685,1,0.95,1.0,0.0
-0.1451849507921685,1,0.95,1.0,0.0
-0.1451849507921685,1,0.95,1.0,0.0
-0.1451849507921685,1,0.95,1.0,0.0
-0.1451849507921685,1,0.95,1.0,0.0
-0.1451849507921685,1,0.95,1.0,0.0
-0.1451849507921685,1,0.95,1.0,0.0
-0.1451849507921685,1,0.95,1.0,0.0
-0.1451849507921685,1,0.95,1.0,0.0
-0.1451849507921685,1,0.95,1.0,0.0
-0.1451849507921685,1,0.95,1.0,0.0
-0.1451849507921685,1,0.95,1.0,0.0
-0.1451849507921685,1,0.95,1.0,0.0
-0.1451849507921685,1,0.95,1.0,0.0
-0.1451849507921685,1,0.95,1.0,0.0
-0.1451849507921685,1,0.95,1.0,0.0
-0.1451849507921685,1,0.95,1.0,0.0
-0.1451849507921685,1,0.95,1.0,0.0
-0.1451849507921685,1,0.95,1.0,0.0
-0.1451849507921685,1,0.95,1.0,0.0
-0.1451849507921685,1,0.95,1.0,0.0
-0.1451849507921685,1,0.95,1.0,0.0
-0.1451849507921685,1,0.95,1.0,0.0
-0.1451849507921685,1,0.95,1.0,0.0
-0.1451849507921685,1,0.95,1.0,0.0
-0.1451849507921685,1,0.95,1.0,0.0
-0.1451849507921685,1,0.95,1.0,0.0
-0.1451849507921685,1,0.95,1.0,0.0
-0.1451849507921685,1,0.95,1.0,0.0
-0.1451849507921685,1,0.95,1.0,0.0
-0.1451849507921685,1,0.95,1.0,0.0
-0.1451849507921685,1,0.95,1.0,0.0
-0.1451849507921685,1,0.95,1.0,0.0
-0.1451849507921685,1,0.95,1.0,0.0
-0.1451849507921685,1,0.95,1.0,0.0
-0.1451849507921685,1,0.95,1.0,0.0
-0.1451849507921685,1,0.95,1.0,0.0
-0.1451849507921685,1,0.95,1.0,0.0
-0.1451849507921685,1,0.95,1.0,0.0
-0.1451849507921685,1,0.95,1.0,0.0
-0.1451849507921685,1,0.95,1.0,0.0
-0.1451849507921685,1,0.95,1.0,0.0
-0.1451849507921685,1,0.95,1.0,0.0
-0.1451849507921685,1,0.95,1.0,0.0
-0.1451849507921685,1,0.95,1.0,0.0
-0.1451849507921685,1,0.95,1.0,0.0
-0.1451849507921685,1,0.95,1.0,0.0
-0.1451849507921685,1,0.95,1.0,0.0
-0.1451849507921685,1,0.95,1.0,0.0
-0.1451849507921685,1,0.95,1.0,0.0
-0.1451849507921685,1,0.95,1.0,0.0
-0.1451849507921685,1,0.95,1.0,0.0
-0.1451849507921685,1,0.95,1.0,0.0
-0.1451849507921685,1,0.95,1.0,0.0
-0.1451849507921685,1,0.95,1.0,0.0
-0.1451849507921685,1,0.95,1.0,0.0
-0.1451849507921685,1,0.95,1.0,0.0
-0.1451849507921685,1,0.95,1.0,0.0
-0.1451849507921685,1,0.95,1.0,0.0
-0.1451849507921685,1,0.95,1.0,0.0
-0.1451849507921685,1,0.95,1.0,0.0
-0.1451849507921685,1,0.95,1.0,0.0
-0.1451849507921685,1,0.95,1.0,0.0
-0.1451849507921685,1,0.95,1.0,0.0
-0.1451849507921685,1,0.95,1.0,0.0
-0.1451849507921685,1,0.95,1.0,0.0
-0.1451849507921685,1,0.95,1.0,0.0
-0.1451849507921685,1,0.95,1.0,0.0
-0.1451849507921685,1,0.95,1.0,0.0
-0.1451849507921685,1,0.95,1.0,0.0
-0.1451849507921685,1,0.95,1.0,0.0
-0.1451849507921685,1,0.95,1.0,0.0
-0.1451849507921685,1,0.95,1.0,0.0
-0.1451849507921685,1,0.95,1.0,0.0
-0.1451849507921685,1,0.95,1.0,0.0
-0.1451849507921685,1,0.95,1.0,0.0
-0.1451849507921685,1,0.95,1.0,0.0
-0.1451849507921685,1,0.95,1.0,0.0
-0.1451849507921685,1,0.95,1.0,0.0
-0.1451849507921685,1,0.95,1.0,0.0
-0.1451849507921685,1,0.95,1.0,0.0
-0.1451849507921685,1,0.95,1.0,0.0
-0.1451849507921685,1,0.95,1.0,0.0
-0.1451849507921685,1,0.95,1.0,0.0
-0.1451849507921685,1,0.95,1.0,0.0
-0.1451849507921685,1,0.95,1.0,0.0
-0.1451849507921685,1,0.95,1.0,0.0
-0.1451849507921685,1,0.95,1.0,0.0
-0.1451849507921685,1,0.95,1.0,0.0
7.215108594417288,1,0.85,1.0,0.0
7.215108594417288,1,0.85,1.0,0.0
7.207621011970483,1,0.85,1.0,0.0
7.192645847076872,1,0.85,1.0,0.0
7.170183099736457,1,0.85,1.0,0.0
7.185158264630068,1,0.85,1.0,0.0
7.155207934842847,1,0.85,1.0,0.0
6.676002658247317,1,0.85,1.0,0.0
6.676002658247317,1,0.85,1.0,0.0
6.676002658247317,1,0.85,1.0,0.0
-0.1451849507921685,1,0.85,1.0,0.0
-0.1451849507921685,1,0.85,1.0,0.0
-0.1451849507921685,1,0.85,1.0,0.0
-0.1451849507921685,1,0.85,1.0,0.0
-0.1451849507921685,1,0.85,1.0,0.0
-0.1451849507921685,1,0.85,1.0,0.0
-0.1451849507921685,1,0.85,1.0,0.0
-0.1451849507921685,1,0.85,1.0,0.0
-0.1451849507921685,1,0.85,1.0,0.0
-0.1451849507921685,1,0.85,1.0,0.0
-0.1451849507921685,1,0.85,1.0,0.0
-0.1451849507921685,1,0.85,1.0,0.0
-0.1451849507921685,1,0.85,1.0,0.0
-0.1451849507921685,1,0.85,1.0,0.0
-0.1451849507921685,1,0.85,1.0,0.0
-0.1451849507921685,1,0.85,1.0,0.0
-0.1451849507921685,1,0.85,1.0,0.0
-0.1451849507921685,1,0.85,1.0,0.0
-0.1451849507921685,1,0.85,1.0,0.0
-0.1451849507921685,1,0.85,1.0,0.0
-0.1451849507921685,1,0.85,1.0,0.0
-0.1451849507921685,1,0.85,1.0,0.0
-0.1451849507921685,1,0.85,1.0,0.0
-0.1451849507921685,1,0.85,1.0,0.0
-0.1451849507921685,1,0.85,1.0,0.0
-0.1451849507921685,1,0.85,1.0,0.0
0.35648307314377614,1,0.85,1.0,0.0
0.35648307314377614,1,0.85,1.0,0.0
-0.1451849507921685,1,0.85,1.0,0.0
-0.1451849507921685,1,0.85,1.0,0.0
-0.1451849507921685,1,0.85,1.0,0.0
-0.1451849507921685,1,0.85,1.0,0.0
-0.1451849507921685,1,0.85,1.0,0.0
0.35648307314377614,1,0.85,1.0,0.0
0.35648307314377614,1,0.85,1.0,0.0
0.35648307314377614,1,0.85,1.0,0.0
-0.1451849507921685,1,0.85,1.0,0.0
-0.1451849507921685,1,0.85,1.0,0.0
-0.1451849507921685,1,0.85,1.0,0.0
-0.1451849507921685,1,0.85,1.0,0.0
0.35648307314377614,1,0.85,1.0,0.0
0.35648307314377614,1,0.85,1.0,0.0
0.348995490696971,1,0.85,1.0,0.0
0.348995490696971,1,0.85,1.0,0.0
0.348995490696971,1,0.85,1.0,0.0
-0.1451849507921685,1,0.85,1.0,0.0
-0.1451849507921685,1,0.85,1.0,0.0
0.348995490696971,1,0.85,1.0,0.0
0.348995490696971,1,0.85,1.0,0.0
0.348995490696971,1,0.85,1.0,0.0
0.348995490696971,1,0.85,1.0,0.0
-0.1451849507921685,1,0.85,1.0,0.0
-0.1451849507921685,1,0.85,1.0,0.0
-0.1451849507921685,1,0.85,1.0,0.0
-0.1451849507921685,1,0.85,1.0,0.0
0.35648307314377614,1,0.85,1.0,0.0
0.35648307314377614,1,0.85,1.0,0.0
0.348995490696971,1,0.85,1.0,0.0
0.35648307314377614,1,0.85,1.0,0.0
-0.1451849507921685,1,0.85,1.0,0.0
-0.1451849507921685,1,0.85,1.0,0.0
0.35648307314377614,1,0.85,1.0,0.0
0.35648307314377614,1,0.85,1.0,0.0
0.35648307314377614,1,0.85,1.0,0.0
0.348995490696971,1,0.85,1.0,0.0
0.348995490696971,1,0.85,1.0,0.0
-0.1451849507921685,1,0.85,1.0,0.0
-0.1451849507921685,1,0.85,1.0,0.0
0.35648307314377614,1,0.85,1.0,0.0
0.35648307314377614,1,0.85,1.0,0.0
0.348995490696971,1,0.85,1.0,0.0
0.348995490696971,1,0.85,1.0,0.0
0.348995490696971,1,0.85,1.0,0.0
-0.1451849507921685,1,0.85,1.0,0.0
-0.1451849507921685,1,0.85,1.0,0.0
-0.1451849507921685,1,0.85,1.0,0.0
0.35648307314377614,1,0.85,1.0,0.0
0.35648307314377614,1,0.85,1.0,0.0
0.348995490696971,1,0.85,1.0,0.0
0.348995490696971,1,0.85,1.0,0.0
-0.1451849507921685,1,0.85,1.0,0.0
-0.1451849507921685,1,0.85,1.0,0.0
0.348995490696971,1,0.85,1.0,0.0
0.348995490696971,1,0.85,1.0,0.0
0.348995490696971,1,0.85,1.0,0.0
0.348995490696971,1,0.85,1.0,0.0
0.348995490696971,1,0.85,1.0,0.0
-0.1451849507921685,1,0.85,1.0,0.0
-0.1451849507921685,1,0.85,1.0,0.0
0.35648307314377614,1,0.85,1.0,0.0
0.35648307314377614,1,0.85,1.0,0.0
0.348995490696971,1,0.85,1.0,0.0
0.348995490696971,1,0.85,1.0,0.0
0.348995490696971,1,0.85,1.0,0.0
-0.1451849507921685,1,0.85,1.0,0.0
-0.1451849507921685,1,0.85,1.0,0.0
0.348995490696971,1,0.85,1.0,0.0
0.348995490696971,1,0.85,1.0,0.0
0.348995490696971,1,0.85,1.0,0.0
0.348995490696971,1,0.85,1.0,0.0
-0.1451849507921685,1,0.85,1.0,0.0
-0.1451849507921685,1,0.85,1.0,0.0
-0.1451849507921685,1,0.85,1.0,0.0
-0.1451849507921685,1,0.85,1.0,0.0
0.348995490696971,1,0.85,1.0,0.0
0.348995490696971,1,0.85,1.0,0.0
-0.1451849507921685,1,0.85,1.0,0.0
-0.1451849507921685,1,0.85,1.0,0.0
-0.1451849507921685,1,0.85,1.0,0.0
-0.1451849507921685,1,0.85,1.0,0.0
-0.1451849507921685,1,0.85,1.0,0.0
0.348995490696971,1,0.85,1.0,0.0
0.34150790825016586,1,0.85,1.0,0.0
0.348995490696971,1,0.85,1.0,0.0
0.34150790825016586,1,0.85,1.0,0.0
-0.1451849507921685,1,0.85,1.0,0.0
-0.1451849507921685,1,0.85,1.0,0.0
-0.1451849507921685,1,0.85,1.0,0.0
0.348995490696971,1,0.85,1.0,0.0
0.348995490696971,1,0.85,1.0,0.0
0.348995490696971,1,0.85,1.0,0.0
0.348995490696971,1,0.85,1.0,0.0
-0.1451849507921685,1,0.85,1.0,0.0
-0.1451849507921685,1,0.85,1.0,0.0
-0.1451849507921685,1,0.85,1.0,0.0
0.348995490696971,1,0.85,1.0,0.0
0.348995490696971,1,0.85,1.0,0.0
0.348995490696971,1,0.85,1.0,0.0
0.348995490696971,1,0.85,1.0,0.0
-0.1451849507921685,1,0.85,1.0,0.0
-0.1451849507921685,1,0.85,1.0,0.0
-0.1451849507921685,1,0.85,1.0,0.0
0.348995490696971,1,0.85,1.0,0.0
0.348995490696971,1,0.85,1.0,0.0
0.348995490696971,1,0.85,1.0,0.0
0.348995490696971,1,0.85,1.0,0.0
0.348995490696971,1,0.85,1.0,0.0
-0.1451849507921685,1,0.85,1.0,0.0
-0.1451849507921685,1,0.85,1.0,0.0
-0.1451849507921685,1,0.85,1.0,0.0
0.35648307314377614,1,0.85,1.0,0.0
0.35648307314377614,1,0.85,1.0,0.0
0.35648307314377614,1,0.85,1.0,0.0
0.348995490696971,1,0.85,1.0,0.0
-0.1451849507921685,1,0.85,1.0,0.0
-0.1451849507921685,1,0.85,1.0,0.0
-0.1451849507921685,1,0.85,1.0,0.0
-0.1451849507921685,1,0.85,1.0,0.0
-0.1451849507921685,1,0.85,1.0,0.0
0.35648307314377614,1,0.85,1.0,0.0
0.35648307314377614,1,0.85,1.0,0.0
0.35648307314377614,1,0.85,1.0,0.0
-0.1451849507921685,1,0.85,1.0,0.0
-0.1451849507921685,1,0.85,1.0,0.0
-0.1451849507921685,1,0.85,1.0,0.0
-0.1451849507921685,1,0.85,1.0,0.0
-0.1451849507921685,1,0.85,1.0,0.0
0.35648307314377614,1,0.85,1.0,0.0
0.35648307314377614,1,0.85,1.0,0.0
-0.1451849507921685,1,0.85,1.0,0.0
-0.1451849507921685,1,0.85,1.0,0.0
-0.1451849507921685,1,0.85,1.0,0.0
-0.1451849507921685,1,0.85,1.0,0.0
-0.1451849507921685,1,0.85,1.0,0.0
0.35648307314377614,1,0.85,1.0,0.0
-0.1451849507921685,1,0.85,1.0,0.0
-0.1451849507921685,1,0.85,1.0,0.0
-0.1451849507921685,1,0.85,1.0,0.0
-0.1451849507921685,1,0.85,1.0,0.0
-0.1451849507921685,1,0.85,1.0,0.0
-0.1451849507921685,1,0.85,1.0,0.0
-0.1451849507921685,1,0.85,1.0,0.0
0.35648307314377614,1,0.85,1.0,0.0
0.35648307314377614,1,0.85,1.0,0.0
-0.1451849507921685,1,0.85,1.0,0.0
-0.1451849507921685,1,0.85,1.0,0.0
-0.1451849507921685,1,0.85,1.0,0.0
-0.1451849507921685,1,0.85,1.0,0.0
0.35648307314377614,1,0.85,1.0,0.0
0.35648307314377614,1,0.85,1.0,0.0
0.35648307314377614,1,0.85,1.0,0.0
-0.1451849507921685,1,0.85,1.0,0.0
-0.1451849507921685,1,0.85,1.0,0.0
-0.1451849507921685,1,0.85,1.0,0.0
-0.1451849507921685,1,0.85,1.0,0.0
0.35648307314377614,1,0.85,1.0,0.0
0.35648307314377614,1,0.85,1.0,0.0
0.35648307314377614,1,0.85,1.0,0.0
-0.1451849507921685,1,0.85,1.0,0.0
-0.1451849507921685,1,0.85,1.0,0.0
-0.1451849507921685,1,0.85,1.0,0.0
-0.1451849507921685,1,0.85,1.0,0.0
0.35648307314377614,1,0.85,1.0,0.0
0.35648307314377614,1,0.85,1.0,0.0
0.35648307314377614,1,0.85,1.0,0.0
0.35648307314377614,1,0.85,1.0,0.0
-0.1451849507921685,1,0.85,1.0,0.0
-0.1451849507921685,1,0.85,1.0,0.0
-0.1451849507921685,1,0.85,1.0,0.0
0.35648307314377614,1,0.85,1.0,0.0
0.35648307314377614,1,0.85,1.0,0.0
0.35648307314377614,1,0.85,1.0,0.0
0.35648307314377614,1,0.85,1.0,0.0
-0.1451849507921685,1,0.85,1.0,0.0
-0.1451849507921685,1,0.85,1.0,0.0
-0.1451849507921685,1,0.85,1.0,0.0
0.35648307314377614,1,0.85,1.0,0.0
0.35648307314377614,1,0.85,1.0,0.0
0.348995490696971,1,0.85,1.0,0.0
0.348995490696971,1,0.85,1.0,0.0
-0.1451849507921685,1,0.85,1.0,0.0
-0.1451849507921685,1,0.85,1.0,0.0
-0.1451849507921685,1,0.85,1.0,0.0
0.35648307314377614,1,0.85,1.0,0.0
0.35648307314377614,1,0.85,1.0,0.0
0.35648307314377614,1,0.85,1.0,0.0
0.35648307314377614,1,0.85,1.0,0.0
0.35648307314377614,1,0.85,1.0,0.0
-0.1451849507921685,1,0.85,1.0,0.0
-0.1451849507921685,1,0.85,1.0,0.0
-0.1451849507921685,1,0.85,1.0,0.0
-0.1451849507921685,1,0.85,1.0,0.0
0.35648307314377614,1,0.85,1.0,0.0
0.35648307314377614,1,0.85,1.0,0.0
0.35648307314377614,1,0.85,1.0,0.0
0.35648307314377614,1,0.85,1.0,0.0
-0.1451849507921685,1,0.85,1.0,0.0
-0.1451849507921685,1,0.85,1.0,0.0
-0.1451849507921685,1,0.85,1.0,0.0
0.35648307314377614,1,0.85,1.0,0.0
0.35648307314377614,1,0.85,1.0,0.0
0.35648307314377614,1,0.85,1.0,0.0
0.35648307314377614,1,0.85,1.0,0.0
-0.1451849507921685,1,0.85,1.0,0.0
-0.1451849507921685,1,0.85,1.0,0.0
-0.1451849507921685,1,0.85,1.0,0.0
0.35648307314377614,1,0.85,1.0,0.0
0.35648307314377614,1,0.85,1.0,0.0
0.35648307314377614,1,0.85,1.0,0.0
0.35648307314377614,1,0.85,1.0,0.0
-0.1451849507921685,1,0.85,1.0,0.0
-0.1451849507921685,1,0.85,1.0,0.0
-0.1451849507921685,1,0.85,1.0,0.0
-0.1451849507921685,1,0.85,1.0,0.0
0.35648307314377614,1,0.85,1.0,0.0
0.35648307314377614,1,0.85,1.0,0.0
0.35648307314377614,1,0.85,1.0,0.0
-0.1451849507921685,1,0.85,1.0,0.0
0.3639706555905813,1,0.85,1.0,0.0
0.3639706555905813,1,0.85,1.0,0.0
0.35648307314377614,1,0.85,1.0,0.0
0.35648307314377614,1,0.85,1.0,0.0
0.35648307314377614,1,0.85,1.0,0.0
-0.1451849507921685,1,0.85,1.0,0.0
-0.1451849507921685,1,0.85,1.0,0.0
-0.1451849507921685,1,0.85,1.0,0.0
-0.1451849507921685,1,0.85,1.0,0.0
0.35648307314377614,1,0.85,1.0,0.0
0.35648307314377614,1,0.85,1.0,0.0
0.35648307314377614,1,0.85,1.0,0.0
0.35648307314377614,1,0.85,1.0,0.0
-0.1451849507921685,1,0.85,1.0,0.0
-0.1451849507921685,1,0.85,1.0,0.0
-0.1451849507921685,1,0.85,1.0,0.0
-0.1451849507921685,1,0.85,1.0,0.0
0.35648307314377614,1,0.85,1.0,0.0
0.35648307314377614,1,0.85,1.0,0.0
0.35648307314377614,1,0.85,1.0,0.0
-0.1451849507921685,1,0.85,1.0,0.0
-0.1451849507921685,1,0.85,1.0,0.0
-0.1451849507921685,1,0.85,1.0,0.0
-0.1451849507921685,1,0.85,1.0,0.0
0.3639706555905813,1,0.85,1.0,0.0
0.35648307314377614,1,0.85,1.0,0.0
0.35648307314377614,1,0.85,1.0,0.0
-0.1451849507921685,1,0.85,1.0,0.0
-0.1451849507921685,1,0.85,1.0,0.0
-0.1451849507921685,1,0.85,1.0,0.0
-0.1451849507921685,1,0.85,1.0,0.0
0.3639706555905813,1,0.85,1.0,0.0
0.35648307314377614,1,0.85,1.0,0.0
0.35648307314377614,1,0.85,1.0,0.0
-0.1451849507921685,1,0.85,1.0,0.0
-0.1451849507921685,1,0.85,1.0,0.0
-0.1451849507921685,1,0.85,1.0,0.0
-0.1451849507921685,1,0.85,1.0,0.0
-0.1451849507921685,1,0.85,1.0,0.0
0.3639706555905813,1,0.85,1.0,0.0
-0.1451849507921685,1,0.85,1.0,0.0
-0.1451849507921685,1,0.85,1.0,0.0
-0.1451849507921685,1,0.85,1.0,0.0
-0.1451849507921685,1,0.85,1.0,0.0
-0.1451849507921685,1,0.85,1.0,0.0
0.3639706555905813,1,0.85,1.0,0.0
0.35648307314377614,1,0.85,1.0,0.0
-0.1451849507921685,1,0.85,1.0,0.0
-0.1451849507921685,1,0.85,1.0,0.0
-0.1451849507921685,1,0.85,1.0,0.0
-0.1451849507921685,1,0.85,1.0,0.0
0.3639706555905813,1,0.85,1.0,0.0
0.3639706555905813,1,0.85,1.0,0.0
0.35648307314377614,1,0.85,1.0,0.0
-0.1451849507921685,1,0.85,1.0,0.0
-0.1451849507921685,1,0.85,1.0,0.0
-0.1451849507921685,1,0.85,1.0,0.0
-0.1451849507921685,1,0.85,1.0,0.0
0.3639706555905813,1,0.85,1.0,0.0
0.3639706555905813,1,0.85,1.0,0.0
0.35648307314377614,1,0.85,1.0,0.0
-0.1451849507921685,1,0.85,1.0,0.0
-0.1451849507921685,1,0.85,1.0,0.0
-0.1451849507921685,1,0.85,1.0,0.0
-0.1451849507921685,1,0.85,1.0,0.0
-0.1451849507921685,1,0.85,1.0,0.0
0.3639706555905813,1,0.85,1.0,0.0
0.35648307314377614,1,0.85,1.0,0.0
-0.1451849507921685,1,0.85,1.0,0.0
-0.1451849507921685,1,0.85,1.0,0.0
-0.1451849507921685,1,0.85,1.0,0.0
-0.1451849507921685,1,0.85,1.0,0.0
-0.1451849507921685,1,0.85,1.0,0.0
0.3639706555905813,1,0.85,1.0,0.0
0.3639706555905813,1,0.85,1.0,0.0
-0.1451849507921685,1,0.85,1.0,0.0
-0.1451849507921685,1,0.85,1.0,0.0
-0.1451849507921685,1,0.85,1.0,0.0
-0.1451849507921685,1,0.85,1.0,0.0
-0.1451849507921685,1,0.85,1.0,0.0
0.3639706555905813,1,0.85,1.0,0.0
0.35648307314377614,1,0.85,1.0,0.0
0.35648307314377614,1,0.85,1.0,0.0
-0.1451849507921685,1,0.85,1.0,0.0
-0.1451849507921685,1,0.85,1.0,0.0
-0.1451849507921685,1,0.85,1.0,0.0
-0.1451849507921685,1,0.85,1.0,0.0
0.3639706555905813,1,0.85,1.0,0.0
0.3639706555905813,1,0.85,1.0,0.0
0.3639706555905813,1,0.85,1.0,0.0
-0.1451849507921685,1,0.85,1.0,0.0
-0.1451849507921685,1,0.85,1.0,0.0
-0.1451849507921685,1,0.85,1.0,0.0
-0.1451849507921685,1,0.85,1.0,0.0
0.3639706555905813,1,0.85,1.0,0.0
-0.1451849507921685,1,0.85,1.0,0.0
-0.1451849507921685,1,0.85,1.0,0.0
-0.1451849507921685,1,0.85,1.0,0.0
-0.1451849507921685,1,0.85,1.0,0.0
-0.1451849507921685,1,0.85,1.0,0.0
-0.1451849507921685,1,0.85,1.0,0.0
0.3639706555905813,1,0.85,1.0,0.0
0.3639706555905813,1,0.85,1.0,0.0
0.3639706555905813,1,0.85,1.0,0.0
-0.1451849507921685,1,0.85,1.0,0.0
-0.1451849507921685,1,0.85,1.0,0.0
-0.1451849507921685,1,0.85,1.0,0.0
-0.1451849507921685,1,0.85,1.0,0.0
0.3639706555905813,1,0.85,1.0,0.0
0.3639706555905813,1,0.85,1.0,0.0
0.3639706555905813,1,0.85,1.0,0.0
-0.1451849507921685,1,0.85,1.0,0.0
-0.1451849507921685,1,0.85,1.0,0.0
-0.1451849507921685,1,0.85,1.0,0.0
-0.1451849507921685,1,0.85,1.0,0.0
0.3639706555905813,1,0.85,1.0,0.0
0.3639706555905813,1,0.85,1.0,0.0
0.3639706555905813,1,0.85,1.0,0.0
-0.1451849507921685,1,0.85,1.0,0.0
-0.1451849507921685,1,0.85,1.0,0.0
-0.1451849507921685,1,0.85,1.0,0.0
-0.1451849507921685,1,0.85,1.0,0.0
-0.1451849507921685,1,0.85,1.0,0.0
0.3639706555905813,1,0.85,1.0,0.0
0.3639706555905813,1,0.85,1.0,0.0
0.3639706555905813,1,0.85,1.0,0.0
-0.1451849507921685,1,0.85,1.0,0.0
-0.1451849507921685,1,0.85,1.0,0.0
-0.1451849507921685,1,0.85,1.0,0.0
0.3639706555905813,1,0.85,1.0,0.0
0.3639706555905813,1,0.85,1.0,0.0
0.3639706555905813,1,0.85,1.0,0.0
0.3639706555905813,1,0.85,1.0,0.0
-0.1451849507921685,1,0.85,1.0,0.0
-0.1451849507921685,1,0.85,1.0,0.0
-0.1451849507921685,1,0.85,1.0,0.0
0.3714582380373864,1,0.85,1.0,0.0
0.3714582380373864,1,0.85,1.0,0.0
0.3639706555905813,1,0.85,1.0,0.0
0.3639706555905813,1,0.85,1.0,0.0
-0.1451849507921685,1,0.85,1.0,0.0
0.3714582380373864,1,0.85,1.0,0.0
0.3714582380373864,1,0.85,1.0,0.0
0.3714582380373864,1,0.85,1.0,0.0
0.3714582380373864,1,0.85,1.0,0.0
-0.1451849507921685,1,0.85,1.0,0.0
-0.1451849507921685,1,0.85,1.0,0.0
-0.1451849507921685,1,0.85,1.0,0.0
-0.1451849507921685,1,0.85,1.0,0.0
0.3714582380373864,1,0.85,1.0,0.0
0.3714582380373864,1,0.85,1.0,0.0
0.3639706555905813,1,0.85,1.0,0.0
0.3639706555905813,1,0.85,1.0,0.0
-0.1451849507921685,1,0.85,1.0,0.0
-0.1451849507921685,1,0.85,1.0,0.0
-0.1451849507921685,1,0.85,1.0,0.0
0.3714582380373864,1,0.85,1.0,0.0
0.3714582380373864,1,0.85,1.0,0.0
0.3714582380373864,1,0.85,1.0,0.0
0.3639706555905813,1,0.85,1.0,0.0
0.3639706555905813,1,0.85,1.0,0.0
-0.1451849507921685,1,0.85,1.0,0.0
-0.1451849507921685,1,0.85,1.0,0.0
0.3714582380373864,1,0.85,1.0,0.0
0.3714582380373864,1,0.85,1.0,0.0
0.3714582380373864,1,0.85,1.0,0.0
-0.1451849507921685,1,0.85,1.0,0.0
-0.1451849507921685,1,0.85,1.0,0.0
-0.1451849507921685,1,0.85,1.0,0.0
-0.1451849507921685,1,0.85,1.0,0.0
0.3714582380373864,1,0.85,1.0,0.0
0.3714582380373864,1,0.85,1.0,0.0
0.3714582380373864,1,0.85,1.0,0.0
0.3714582380373864,1,0.85,1.0,0.0
-0.1451849507921685,1,0.85,1.0,0.0
-0.1451849507921685,1,0.85,1.0,0.0
-0.1451849507921685,1,0.85,1.0,0.0
0.3714582380373864,1,0.85,1.0,0.0
0.3714582380373864,1,0.85,1.0,0.0
0.3639706555905813,1,0.85,1.0,0.0
0.3639706555905813,1,0.85,1.0,0.0
0.3639706555905813,1,0.85,1.0,0.0
-0.1451849507921685,1,0.85,1.0,0.0
-0.1451849507921685,1,0.85,1.0,0.0
0.3714582380373864,1,0.85,1.0,0.0
0.3714582380373864,1,0.85,1.0,0.0
0.3714582380373864,1,0.85,1.0,0.0
0.3714582380373864,1,0.85,1.0,0.0
0.3714582380373864,1,0.85,1.0,0.0
-0.1451849507921685,1,0.85,1.0,0.0
-0.1451849507921685,1,0.85,1.0,0.0
-0.1451849507921685,1,0.85,1.0,0.0
-0.1451849507921685,1,0.85,1.0,0.0
0.3714582380373864,1,0.85,1.0,0.0
0.3714582380373864,1,0.85,1.0,0.0
0.3714582380373864,1,0.85,1.0,0.0
0.3714582380373864,1,0.85,1.0,0.0
0.3714582380373864,1,0.85,1.0,0.0
-0.1451849507921685,1,0.85,1.0,0.0
-0.1451849507921685,1,0.85,1.0,0.0
-0.1451849507921685,1,0.85,1.0,0.0
-0.1451849507921685,1,0.85,1.0,0.0
-0.1451849507921685,1,0.85,1.0,0.0
0.35648307314377614,1,0.85,1.0,0.0
0.35648307314377614,1,0.85,1.0,0.0
0.35648307314377614,1,0.85,1.0,0.0
0.35648307314377614,1,0.85,1.0,0.0
-0.1451849507921685,1,0.85,1.0,0.0
-0.1451849507921685,1,0.85,1.0,0.0
-0.1451849507921685,1,0.85,1.0,0.0
0.3639706555905813,1,0.85,1.0,0.0
0.35648307314377614,1,0.85,1.0,0.0
0.35648307314377614,1,0.85,1.0,0.0
0.35648307314377614,1,0.85,1.0,0.0
-0.1451849507921685,1,0.85,1.0,0.0
-0.1451849507921685,1,0.85,1.0,0.0
-0.1451849507921685,1,0.85,1.0,0.0
-0.1451849507921685,1,0.85,1.0,0.0
0.3639706555905813,1,0.85,1.0,0.0
0.35648307314377614,1,0.85,1.0,0.0
0.35648307314377614,1,0.85,1.0,0.0
-0.1451849507921685,1,0.85,1.0,0.0
-0.1451849507921685,1,0.85,1.0,0.0
-0.1451849507921685,1,0.85,1.0,0.0
-0.1451849507921685,1,0.85,1.0,0.0
-0.1451849507921685,1,0.85,1.0,0.0
0.3639706555905813,1,0.85,1.0,0.0
0.35648307314377614,1,0.85,1.0,0.0
-0.1451849507921685,1,0.85,1.0,0.0
-0.1451849507921685,1,0.85,1.0,0.0
-0.1451849507921685,1,0.85,1.0,0.0
-0.1451849507921685,1,0.85,1.0,0.0
-0.1451849507921685,1,0.85,1.0,0.0
-0.1451849507921685,1,0.85,1.0,0.0
0.35648307314377614,1,0.85,1.0,0.0
0.35648307314377614,1,0.85,1.0,0.0
-0.1451849507921685,1,0.85,1.0,0.0
-0.1451849507921685,1,0.85,1.0,0.0
0.35648307314377614,1,0.85,1.0,0.0
-0.1451849507921685,1,0.85,1.0,0.0
0.3639706555905813,1,0.85,1.0,0.0
0.35648307314377614,1,0.85,1.0,0.0
0.35648307314377614,1,0.85,1.0,0.0
-0.1451849507921685,1,0.85,1.0,0.0
-0.1451849507921685,1,0.85,1.0,0.0
-0.1451849507921685,1,0.85,1.0,0.0
0.3639706555905813,1,0.85,1.0,0.0
0.3639706555905813,1,0.85,1.0,0.0
0.35648307314377614,1,0.85,1.0,0.0
0.35648307314377614,1,0.85,1.0,0.0
-0.1451849507921685,1,0.85,1.0,0.0
-0.1451849507921685,1,0.85,1.0,0.0
-0.1451849507921685,1,0.85,1.0,0.0
-0.1451849507921685,1,0.85,1.0,0.0
0.35648307314377614,1,0.85,1.0,0.0
0.35648307314377614,1,0.85,1.0,0.0
0.35648307314377614,1,0.85,1.0,0.0
-0.1451849507921685,1,0.85,1.0,0.0
-0.1451849507921685,1,0.85,1.0,0.0
-0.1451849507921685,1,0.85,1.0,0.0
0.35648307314377614,1,0.85,1.0,0.0
0.35648307314377614,1,0.85,1.0,0.0
0.35648307314377614,1,0.85,1.0,0.0
-0.1451849507921685,1,0.85,1.0,0.0
-0.1451849507921685,1,0.85,1.0,0.0
-0.1451849507921685,1,0.85,1.0,0.0
-0.1451849507921685,1,0.85,1.0,0.0
0.35648307314377614,1,0.85,1.0,0.0
0.35648307314377614,1,0.85,1.0,0.0
0.35648307314377614,1,0.85,1.0,0.0
-0.1451849507921685,1,0.85,1.0,0.0
-0.1451849507921685,1,0.85,1.0,0.0
-0.1451849507921685,1,0.85,1.0,0.0
-0.1451849507921685,1,0.85,1.0,0.0
0.35648307314377614,1,0.85,1.0,0.0
0.35648307314377614,1,0.85,1.0,0.0
0.35648307314377614,1,0.85,1.0,0.0
0.35648307314377614,1,0.85,1.0,0.0
-0.1451849507921685,1,0.85,1.0,0.0
-0.1451849507921685,1,0.85,1.0,0.0
-0.1451849507921685,1,0.85,1.0,0.0
0.35648307314377614,1,0.85,1.0,0.0
0.35648307314377614,1,0.85,1.0,0.0
0.35648307314377614,1,0.85,1.0,0.0
0.35648307314377614,1,0.85,1.0,0.0
0.28909483112252976,1,0.85,1.0,0.0
-0.1451849507921685,1,0.85,1.0,0.0
-0.1451849507921685,1,0.85,1.0,0.0
0.35648307314377614,1,0.85,1.0,0.0
0.35648307314377614,1,0.85,1.0,0.0
0.35648307314377614,1,0.85,1.0,0.0
0.35648307314377614,1,0.85,1.0,0.0
0.35648307314377614,1,0.85,1.0,0.0
-0.1451849507921685,1,0.85,1.0,0.0
-0.1451849507921685,1,0.85,1.0,0.0
-0.1451849507921685,1,0.85,1.0,0.0
-0.1451849507921685,1,0.85,1.0,0.0
0.35648307314377614,1,0.85,1.0,0.0
0.35648307314377614,1,0.85,1.0,0.0
0.35648307314377614,1,0.85,1.0,0.0
0.35648307314377614,1,0.85,1.0,0.0
-0.1451849507921685,1,0.85,1.0,0.0
-0.1451849507921685,1,0.85,1.0,0.0
-0.1451849507921685,1,0.85,1.0,0.0
-0.1451849507921685,1,0.85,1.0,0.0
0.35648307314377614,1,0.85,1.0,0.0
0.35648307314377614,1,0.85,1.0,0.0
0.35648307314377614,1,0.85,1.0,0.0
0.35648307314377614,1,0.85,1.0,0.0
-0.1451849507921685,1,0.85,1.0,0.0
-0.1451849507921685,1,0.85,1.0,0.0
-0.1451849507921685,1,0.85,1.0,0.0
0.3639706555905813,1,0.85,1.0,0.0
0.35648307314377614,1,0.85,1.0,0.0
0.35648307314377614,1,0.85,1.0,0.0
0.35648307314377614,1,0.85,1.0,0.0
0.35648307314377614,1,0.85,1.0,0.0
-0.1451849507921685,1,0.85,1.0,0.0
-0.1451849507921685,1,0.85,1.0,0.0
-0.1451849507921685,1,0.85,1.0,0.0
0.3639706555905813,1,0.85,1.0,0.0
0.35648307314377614,1,0.85,1.0,0.0
0.35648307314377614,1,0.85,1.0,0.0
0.35648307314377614,1,0.85,1.0,0.0
-0.1451849507921685,1,0.85,1.0,0.0
-0.1451849507921685,1,0.85,1.0,0.0
-0.1451849507921685,1,0.85,1.0,0.0
0.3639706555905813,1,0.85,1.0,0.0
-0.1451849507921685,1,0.85,1.0,0.0
0.35648307314377614,1,0.85,1.0,0.0
0.35648307314377614,1,0.85,1.0,0.0
-0.1451849507921685,1,0.85,1.0,0.0
-0.1451849507921685,1,0.85,1.0,0.0
-0.1451849507921685,1,0.85,1.0,0.0
0.3639706555905813,1,0.85,1.0,0.0
0.35648307314377614,1,0.85,1.0,0.0
0.35648307314377614,1,0.85,1.0,0.0
0.35648307314377614,1,0.85,1.0,0.0
-0.1451849507921685,1,0.85,1.0,0.0
-0.1451849507921685,1,0.85,1.0,0.0
-0.1451849507921685,1,0.85,1.0,0.0
-0.1451849507921685,1,0.85,1.0,0.0
0.35648307314377614,1,0.85,1.0,0.0
0.35648307314377614,1,0.85,1.0,0.0
0.35648307314377614,1,0.85,1.0,0.0
-0.1451849507921685,1,0.85,1.0,0.0
-0.1451849507921685,1,0.85,1.0,0.0
-0.1451849507921685,1,0.85,1.0,0.0
-0.1451849507921685,1,0.85,1.0,0.0
0.35648307314377614,1,0.85,1.0,0.0
0.35648307314377614,1,0.85,1.0,0.0
-0.1451849507921685,1,0.85,1.0,0.0
-0.1451849507921685,1,0.85,1.0,0.0
-0.1451849507921685,1,0.85,1.0,0.0
-0.1451849507921685,1,0.85,1.0,0.0
-0.1451849507921685,1,0.85,1.0,0.0
0.35648307314377614,1,0.85,1.0,0.0
-0.1451849507921685,1,0.85,1.0,0.0
-0.1451849507921685,1,0.85,1.0,0.0
-0.1451849507921685,1,0.85,1.0,0.0
-0.1451849507921685,1,0.85,1.0,0.0
0.3639706555905813,1,0.85,1.0,0.0
0.3639706555905813,1,0.85,1.0,0.0
0.3639706555905813,1,0.85,1.0,0.0
-0.1451849507921685,1,0.85,1.0,0.0
-0.1451849507921685,1,0.85,1.0,0.0
-0.1451849507921685,1,0.85,1.0,0.0
-0.1451849507921685,1,0.85,1.0,0.0
-0.1451849507921685,1,0.85,1.0,0.0
-0.1451849507921685,1,0.85,1.0,0.0
0.3639706555905813,1,0.85,1.0,0.0
0.35648307314377614,1,0.85,1.0,0.0
0.35648307314377614,1,0.85,1.0,0.0
-0.1451849507921685,1,0.85,1.0,0.0
-0.1451849507921685,1,0.85,1.0,0.0
-0.1451849507921685,1,0.85,1.0,0.0
-0.1451849507921685,1,0.85,1.0,0.0
-0.1451849507921685,1,0.85,1.0,0.0
0.3639706555905813,1,0.85,1.0,0.0
-0.1451849507921685,1,0.85,1.0,0.0
-0.1451849507921685,1,0.85,1.0,0.0
-0.1451849507921685,1,0.85,1.0,0.0
-0.1451849507921685,1,0.85,1.0,0.0
-0.1451849507921685,1,0.85,1.0,0.0
-0.1451849507921685,1,0.85,1.0,0.0
0.3639706555905813,1,0.85,1.0,0.0
0.35648307314377614,1,0.85,1.0,0.0
0.35648307314377614,1,0.85,1.0,0.0
-0.1451849507921685,1,0.85,1.0,0.0
-0.1451849507921685,1,0.85,1.0,0.0
-0.1451849507921685,1,0.85,1.0,0.0
-0.1451849507921685,1,0.85,1.0,0.0
-0.1451849507921685,1,0.85,1.0,0.0
0.3639706555905813,1,0.85,1.0,0.0
0.35648307314377614,1,0.85,1.0,0.0
0.35648307314377614,1,0.85,1.0,0.0
-0.1451849507921685,1,0.85,1.0,0.0
-0.1451849507921685,1,0.85,1.0,0.0
-0.1451849507921685,1,0.85,1.0,0.0
-0.1451849507921685,1,0.85,1.0,0.0
0.3639706555905813,1,0.85,1.0,0.0
0.35648307314377614,1,0.85,1.0,0.0
0.35648307314377614,1,0.85,1.0,0.0
-0.1451849507921685,1,0.85,1.0,0.0
-0.1451849507921685,1,0.85,1.0,0.0
-0.1451849507921685,1,0.85,1.0,0.0
-0.1451849507921685,1,0.85,1.0,0.0
0.3639706555905813,1,0.85,1.0,0.0
0.35648307314377614,1,0.85,1.0,0.0
0.35648307314377614,1,0.85,1.0,0.0
-0.1451849507921685,1,0.85,1.0,0.0
-0.1451849507921685,1,0.85,1.0,0.0
-0.1451849507921685,1,0.85,1.0,0.0
-0.1451849507921685,1,0.85,1.0,0.0
0.35648307314377614,1,0.85,1.0,0.0
0.35648307314377614,1,0.85,1.0,0.0
-0.1451849507921685,1,0.85,1.0,0.0
-0.1451849507921685,1,0.85,1.0,0.0
-0.1451849507921685,1,0.85,1.0,0.0
-0.1451849507921685,1,0.85,1.0,0.0
0.35648307314377614,1,0.85,1.0,0.0
0.35648307314377614,1,0.85,1.0,0.0
-0.1451849507921685,1,0.85,1.0,0.0
-0.1451849507921685,1,0.85,1.0,0.0
-0.1451849507921685,1,0.85,1.0,0.0
-0.1451849507921685,1,0.85,1.0,0.0
-0.1451849507921685,1,0.85,1.0,0.0
-0.1451849507921685,1,0.85,1.0,0.0
-0.1451849507921685,1,0.85,1.0,0.0
-0.1451849507921685,1,0.85,1.0,0.0
-0.1451849507921685,1,0.85,1.0,0.0
-0.1451849507921685,1,0.85,1.0,0.0
-0.1451849507921685,1,0.85,1.0,0.0
0.3639706555905813,1,0.85,1.0,0.0
0.35648307314377614,1,0.85,1.0,0.0
0.35648307314377614,1,0.85,1.0,0.0
-0.1451849507921685,1,0.85,1.0,0.0
-0.1451849507921685,1,0.85,1.0,0.0
-0.1451849507921685,1,0.85,1.0,0.0
0.3639706555905813,1,0.85,1.0,0.0
0.3639706555905813,1,0.85,1.0,0.0
0.35648307314377614,1,0.85,1.0,0.0
0.35648307314377614,1,0.85,1.0,0.0
-0.1451849507921685,1,0.85,1.0,0.0
-0.1451849507921685,1,0.85,1.0,0.0
-0.1451849507921685,1,0.85,1.0,0.0
-0.1451849507921685,1,0.85,1.0,0.0
-0.1451849507921685,1,0.85,1.0,0.0
0.35648307314377614,1,0.85,1.0,0.0
0.35648307314377614,1,0.85,1.0,0.0
0.35648307314377614,1,0.85,1.0,0.0
-0.1451849507921685,1,0.85,1.0,0.0
-0.1451849507921685,1,0.85,1.0,0.0
-0.1451849507921685,1,0.85,1.0,0.0
-0.1451849507921685,1,0.85,1.0,0.0
0.35648307314377614,1,0.85,1.0,0.0
0.35648307314377614,1,0.85,1.0,0.0
0.35648307314377614,1,0.85,1.0,0.0
-0.1451849507921685,1,0.85,1.0,0.0
-0.1451849507921685,1,0.85,1.0,0.0
-0.1451849507921685,1,0.85,1.0,0.0
-0.1451849507921685,1,0.85,1.0,0.0
0.35648307314377614,1,0.85,1.0,0.0
0.35648307314377614,1,0.85,1.0,0.0
0.35648307314377614,1,0.85,1.0,0.0
-0.1451849507921685,1,0.85,1.0,0.0
-0.1451849507921685,1,0.85,1.0,0.0
-0.1451849507921685,1,0.85,1.0,0.0
-0.1451849507921685,1,0.85,1.0,0.0
0.35648307314377614,1,0.85,1.0,0.0
0.35648307314377614,1,0.85,1.0,0.0
0.35648307314377614,1,0.85,1.0,0.0
-0.1451849507921685,1,0.85,1.0,0.0
-0.1451849507921685,1,0.85,1.0,0.0
-0.1451849507921685,1,0.85,1.0,0.0
-0.1451849507921685,1,0.85,1.0,0.0
0.35648307314377614,1,0.85,1.0,0.0
0.35648307314377614,1,0.85,1.0,0.0
0.35648307314377614,1,0.85,1.0,0.0
0.35648307314377614,1,0.85,1.0,0.0
-0.1451849507921685,1,0.85,1.0,0.0
-0.1451849507921685,1,0.85,1.0,0.0
-0.1451849507921685,1,0.85,1.0,0.0
0.35648307314377614,1,0.85,1.0,0.0
0.35648307314377614,1,0.85,1.0,0.0
0.35648307314377614,1,0.85,1.0,0.0
0.35648307314377614,1,0.85,1.0,0.0
0.35648307314377614,1,0.85,1.0,0.0
-0.1451849507921685,1,0.85,1.0,0.0
-0.1451849507921685,1,0.85,1.0,0.0
-0.1451849507921685,1,0.85,1.0,0.0
-0.1451849507921685,1,0.85,1.0,0.0
0.3639706555905813,1,0.85,1.0,0.0
0.3639706555905813,1,0.85,1.0,0.0
0.3639706555905813,1,0.85,1.0,0.0
0.35648307314377614,1,0.85,1.0,0.0
0.35648307314377614,1,0.85,1.0,0.0
-0.1451849507921685,1,0.85,1.0,0.0
-0.1451849507921685,1,0.85,1.0,0.0
-0.1451849507921685,1,0.85,1.0,0.0
0.3639706555905813,1,0.85,1.0,0.0
0.3639706555905813,1,0.85,1.0,0.0
0.35648307314377614,1,0.85,1.0,0.0
0.35648307314377614,1,0.85,1.0,0.0
-0.1451849507921685,1,0.85,1.0,0.0
-0.1451849507921685,1,0.85,1.0,0.0
-0.1451849507921685,1,0.85,1.0,0.0
-0.1451849507921685,1,0.85,1.0,0.0
0.3639706555905813,1,0.85,1.0,0.0
0.35648307314377614,1,0.85,1.0,0.0
0.35648307314377614,1,0.85,1.0,0.0
0.35648307314377614,1,0.85,1.0,0.0
-0.1451849507921685,1,0.85,1.0,0.0
-0.1451849507921685,1,0.85,1.0,0.0
-0.1451849507921685,1,0.85,1.0,0.0
-0.1451849507921685,1,0.85,1.0,0.0
0.3639706555905813,1,0.85,1.0,0.0
0.35648307314377614,1,0.85,1.0,0.0
0.35648307314377614,1,0.85,1.0,0.0
-0.1451849507921685,1,0.85,1.0,0.0
-0.1451849507921685,1,0.85,1.0,0.0
-0.1451849507921685,1,0.85,1.0,0.0
-0.1451849507921685,1,0.85,1.0,0.0
0.3639706555905813,1,0.85,1.0,0.0
0.35648307314377614,1,0.85,1.0,0.0
0.35648307314377614,1,0.85,1.0,0.0
-0.1451849507921685,1,0.85,1.0,0.0
-0.1451849507921685,1,0.85,1.0,0.0
-0.1451849507921685,1,0.85,1.0,0.0
-0.1451849507921685,1,0.85,1.0,0.0
-0.1451849507921685,1,0.85,1.0,0.0
0.35648307314377614,1,0.85,1.0,0.0
-0.1451849507921685,1,0.85,1.0,0.0
-0.1451849507921685,1,0.85,1.0,0.0
-0.1451849507921685,1,0.85,1.0,0.0
-0.1451849507921685,1,0.85,1.0,0.0
-0.1451849507921685,1,0.85,1.0,0.0
-0.1451849507921685,1,0.85,1.0,0.0
0.35648307314377614,1,0.85,1.0,0.0
-0.1451849507921685,1,0.85,1.0,0.0
-0.1451849507921685,1,0.85,1.0,0.0
-0.1451849507921685,1,0.85,1.0,0.0
-0.1451849507921685,1,0.85,1.0,0.0
-0.1451849507921685,1,0.85,1.0,0.0
0.35648307314377614,1,0.85,1.0,0.0
0.35648307314377614,1,0.85,1.0,0.0
-0.1451849507921685,1,0.85,1.0,0.0
-0.1451849507921685,1,0.85,1.0,0.0
-0.1451849507921685,1,0.85,1.0,0.0
-0.1451849507921685,1,0.85,1.0,0.0
-0.1451849507921685,1,0.85,1.0,0.0
-0.1451849507921685,1,0.85,1.0,0.0
0.35648307314377614,1,0.85,1.0,0.0
-0.1451849507921685,1,0.85,1.0,0.0
-0.1451849507921685,1,0.85,1.0,0.0
-0.1451849507921685,1,0.85,1.0,0.0
-0.1451849507921685,1,0.85,1.0,0.0
-0.1451849507921685,1,0.85,1.0,0.0
0.35648307314377614,1,0.85,1.0,0.0
0.35648307314377614,1,0.85,1.0,0.0
-0.1451849507921685,1,0.85,1.0,0.0
-0.1451849507921685,1,0.85,1.0,0.0
-0.1451849507921685,1,0.85,1.0,0.0
-0.1451849507921685,1,0.85,1.0,0.0
-0.1451849507921685,1,0.85,1.0,0.0
0.35648307314377614,1,0.85,1.0,0.0
-0.1451849507921685,1,0.85,1.0,0.0
-0.1451849507921685,1,0.85,1.0,0.0
-0.1451849507921685,1,0.85,1.0,0.0
-0.1451849507921685,1,0.85,1.0,0.0
-0.1451849507921685,1,0.85,1.0,0.0
-0.1451849507921685,1,0.85,1.0,0.0
0.35648307314377614,1,0.85,1.0,0.0
0.35648307314377614,1,0.85,1.0,0.0
-0.1451849507921685,1,0.85,1.0,0.0
-0.1451849507921685,1,0.85,1.0,0.0
-0.1451849507921685,1,0.85,1.0,0.0
-0.1451849507921685,1,0.85,1.0,0.0
0.35648307314377614,1,0.85,1.0,0.0
0.35648307314377614,1,0.85,1.0,0.0
-0.1451849507921685,1,0.85,1.0,0.0
-0.1451849507921685,1,0.85,1.0,0.0
-0.1451849507921685,1,0.85,1.0,0.0
-0.1451849507921685,1,0.85,1.0,0.0
-0.1451849507921685,1,0.85,1.0,0.0
0.35648307314377614,1,0.85,1.0,0.0
0.35648307314377614,1,0.85,1.0,0.0
0.348995490696971,1,0.85,1.0,0.0
0.348995490696971,1,0.85,1.0,0.0
-0.1451849507921685,1,0.85,1.0,0.0
-0.1451849507921685,1,0.85,1.0,0.0
-0.1451849507921685,1,0.85,1.0,0.0
-0.1451849507921685,1,0.85,1.0,0.0
-0.1451849507921685,1,0.85,1.0,0.0
0.35648307314377614,1,0.85,1.0,0.0
0.35648307314377614,1,0.85,1.0,0.0
0.348995490696971,1,0.85,1.0,0.0
-0.1451849507921685,1,0.85,1.0,0.0
-0.1451849507921685,1,0.85,1.0,0.0
-0.1451849507921685,1,0.85,1.0,0.0
-0.1451849507921685,1,0.85,1.0,0.0
0.348995490696971,1,0.85,1.0,0.0
0.348995490696971,1,0.85,1.0,0.0
0.348995490696971,1,0.85,1.0,0.0
-0.1451849507921685,1,0.85,1.0,0.0
-0.1451849507921685,1,0.85,1.0,0.0
-0.1451849507921685,1,0.85,1.0,0.0
-0.1451849507921685,1,0.85,1.0,0.0
0.348995490696971,1,0.85,1.0,0.0
0.348995490696971,1,0.85,1.0,0.0
0.348995490696971,1,0.85,1.0,0.0
0.348995490696971,1,0.85,1.0,0.0
-0.1451849507921685,1,0.85,1.0,0.0
-0.1451849507921685,1,0.85,1.0,0.0
-0.1451849507921685,1,0.85,1.0,0.0
0.348995490696971,1,0.85,1.0,0.0
0.348995490696971,1,0.85,1.0,0.0
0.348995490696971,1,0.85,1.0,0.0
0.348995490696971,1,0.85,1.0,0.0
0.348995490696971,1,0.85,1.0,0.0
-0.1451849507921685,1,0.85,1.0,0.0
0.348995490696971,1,0.85,1.0,0.0
0.348995490696971,1,0.85,1.0,0.0
0.348995490696971,1,0.85,1.0,0.0
0.348995490696971,1,0.85,1.0,0.0
-0.1451849507921685,1,0.85,1.0,0.0
0.348995490696971,1,0.85,1.0,0.0
-0.1451849507921685,1,0.85,1.0,0.0
-0.1451849507921685,1,0.85,1.0,0.0
-0.1451849507921685,1,0.85,1.0,0.0
0.348995490696971,1,0.85,1.0,0.0
0.348995490696971,1,0.85,1.0,0.0
0.348995490696971,1,0.85,1.0,0.0
-0.1451849507921685,1,0.85,1.0,0.0
-0.1451849507921685,1,0.85,1.0,0.0
-0.1451849507921685,1,0.85,1.0,0.0
-0.1451849507921685,1,0.85,1.0,0.0
0.348995490696971,1,0.85,1.0,0.0
0.348995490696971,1,0.85,1.0,0.0
0.348995490696971,1,0.85,1.0,0.0
-0.1451849507921685,1,0.85,1.0,0.0
-0.1451849507921685,1,0.85,1.0,0.0
-0.1451849507921685,1,0.85,1.0,0.0
-0.1451849507921685,1,0.85,1.0,0.0
-0.1451849507921685,1,0.85,1.0,0.0
0.348995490696971,1,0.85,1.0,0.0
0.348995490696971,1,0.85,1.0,0.0
-0.1451849507921685,1,0.85,1.0,0.0
-0.1451849507921685,1,0.85,1.0,0.0
-0.1451849507921685,1,0.85,1.0,0.0
-0.1451849507921685,1,0.85,1.0,0.0
0.348995490696971,1,0.85,1.0,0.0
0.348995490696971,1,0.85,1.0,0.0
0.348995490696971,1,0.85,1.0,0.0
-0.1451849507921685,1,0.85,1.0,0.0
-0.1451849507921685,1,0.85,1.0,0.0
-0.1451849507921685,1,0.85,1.0,0.0
-0.1451849507921685,1,0.85,1.0,0.0
-0.1451849507921685,1,0.85,1.0,0.0
0.348995490696971,1,0.85,1.0,0.0
0.348995490696971,1,0.85,1.0,0.0
-0.1451849507921685,1,0.85,1.0,0.0
-0.1451849507921685,1,0.85,1.0,0.0
-0.1451849507921685,1,0.85,1.0,0.0
-0.1451849507921685,1,0.85,1.0,0.0
-0.1451849507921685,1,0.85,1.0,0.0
0.348995490696971,1,0.85,1.0,0.0
0.348995490696971,1,0.85,1.0,0.0
-0.1451849507921685,1,0.85,1.0,0.0
-0.1451849507921685,1,0.85,1.0,0.0
-0.1451849507921685,1,0.85,1.0,0.0
-0.1451849507921685,1,0.85,1.0,0.0
-0.1451849507921685,1,0.85,1.0,0.0
0.348995490696971,1,0.85,1.0,0.0
0.34150790825016586,1,0.85,1.0,0.0
-0.1451849507921685,1,0.85,1.0,0.0
-0.1451849507921685,1,0.85,1.0,0.0
-0.1451849507921685,1,0.85,1.0,0.0
-0.1451849507921685,1,0.85,1.0,0.0
-0.1451849507921685,1,0.85,1.0,0.0
0.348995490696971,1,0.85,1.0,0.0
0.34150790825016586,1,0.85,1.0,0.0
0.34150790825016586,1,0.85,1.0,0.0
0.34150790825016586,1,0.85,1.0,0.0
-0.1451849507921685,1,0.85,1.0,0.0
-0.1451849507921685,1,0.85,1.0,0.0
-0.1451849507921685,1,0.85,1.0,0.0
-0.1451849507921685,1,0.85,1.0,0.0
-0.1451849507921685,1,0.85,1.0,0.0
0.348995490696971,1,0.85,1.0,0.0
0.34150790825016586,1,0.85,1.0,0.0
0.34150790825016586,1,0.85,1.0,0.0
0.296582413569335,1,0.85,1.0,0.0
-0.1451849507921685,1,0.85,1.0,0.0
-0.1451849507921685,1,0.85,1.0,0.0
-0.1451849507921685,1,0.85,1.0,0.0
0.348995490696971,1,0.85,1.0,0.0
0.348995490696971,1,0.85,1.0,0.0
0.34150790825016586,1,0.85,1.0,0.0
0.34150790825016586,1,0.85,1.0,0.0
0.34150790825016586,1,0.85,1.0,0.0
-0.1451849507921685,1,0.85,1.0,0.0
-0.1451849507921685,1,0.85,1.0,0.0
-0.1451849507921685,1,0.85,1.0,0.0
-0.1451849507921685,1,0.85,1.0,0.0
0.34150790825016586,1,0.85,1.0,0.0
0.34150790825016586,1,0.85,1.0,0.0
0.34150790825016586,1,0.85,1.0,0.0
-0.1451849507921685,1,0.85,1.0,0.0
-0.1451849507921685,1,0.85,1.0,0.0
-0.1451849507921685,1,0.85,1.0,0.0
-0.1451849507921685,1,0.85,1.0,0.0
0.34150790825016586,1,0.85,1.0,0.0
0.34150790825016586,1,0.85,1.0,0.0
0.34150790825016586,1,0.85,1.0,0.0
0.34150790825016586,1,0.85,1.0,0.0
-0.1451849507921685,1,0.85,1.0,0.0
-0.1451849507921685,1,0.85,1.0,0.0
-0.1451849507921685,1,0.85,1.0,0.0
0.34150790825016586,1,0.85,1.0,0.0
0.34150790825016586,1,0.85,1.0,0.0
0.34150790825016586,1,0.85,1.0,0.0
0.3340203258033607,1,0.85,1.0,0.0
-0.1451849507921685,1,0.85,1.0,0.0
-0.1451849507921685,1,0.85,1.0,0.0
0.34150790825016586,1,0.85,1.0,0.0
0.34150790825016586,1,0.85,1.0,0.0
0.3340203258033607,1,0.85,1.0,0.0
0.3340203258033607,1,0.85,1.0,0.0
0.3340203258033607,1,0.85,1.0,0.0
-0.1451849507921685,1,0.85,1.0,0.0
-0.1451849507921685,1,0.85,1.0,0.0
1.1127289002710954,1,0.85,1.0,0.0
1.1127289002710954,1,0.85,1.0,0.0
1.1052413178242901,1,0.85,1.0,0.0
1.1052413178242901,1,0.85,1.0,0.0
1.097753735377485,1,0.85,1.0,0.0
0.6185484587819562,1,0.85,1.0,0.0
0.6185484587819562,1,0.85,1.0,0.0
0.6185484587819562,1,0.85,1.0,0.0
0.6185484587819562,1,0.85,1.0,0.0
1.1052413178242901,1,0.85,1.0,0.0
1.097753735377485,1,0.85,1.0,0.0
1.097753735377485,1,0.85,1.0,0.0
1.097753735377485,1,0.85,1.0,0.0
0.6185484587819562,1,0.85,1.0,0.0
0.6185484587819562,1,0.85,1.0,0.0
0.6185484587819562,1,0.85,1.0,0.0
1.1052413178242901,1,0.85,1.0,0.0
1.097753735377485,1,0.85,1.0,0.0
1.097753735377485,1,0.85,1.0,0.0
1.097753735377485,1,0.85,1.0,0.0
0.6185484587819562,1,0.85,1.0,0.0
0.6185484587819562,1,0.85,1.0,0.0
0.6185484587819562,1,0.85,1.0,0.0
1.1052413178242901,1,0.85,1.0,0.0
1.1052413178242901,1,0.85,1.0,0.0
1.097753735377485,1,0.85,1.0,0.0
1.097753735377485,1,0.85,1.0,0.0
0.6185484587819562,1,0.85,1.0,0.0
0.6185484587819562,1,0.85,1.0,0.0
0.6185484587819562,1,0.85,1.0,0.0
0.6185484587819562,1,0.85,1.0,0.0
1.097753735377485,1,0.85,1.0,0.0
1.097753735377485,1,0.85,1.0,0.0
1.097753735377485,1,0.85,1.0,0.0
1.097753735377485,1,0.85,1.0,0.0
0.6260360412287614,1,0.85,1.0,0.0
0.6260360412287614,1,0.85,1.0,0.0
0.6260360412287614,1,0.85,1.0,0.0
1.1202164827179004,1,0.85,1.0,0.0
1.1202164827179004,1,0.85,1.0,0.0
1.1127289002710954,1,0.85,1.0,0.0
1.1127289002710954,1,0.85,1.0,0.0
0.6260360412287614,1,0.85,1.0,0.0
0.6260360412287614,1,0.85,1.0,0.0
0.6260360412287614,1,0.85,1.0,0.0
0.6260360412287614,1,0.85,1.0,0.0
1.1052413178242901,1,0.85,1.0,0.0
1.1052413178242901,1,0.85,1.0,0.0
1.1052413178242901,1,0.85,1.0,0.0
0.6185484587819562,1,0.85,1.0,0.0
0.6185484587819562,1,0.85,1.0,0.0
0.6185484587819562,1,0.85,1.0,0.0
0.6260360412287614,1,0.85,1.0,0.0
0.6260360412287614,1,0.85,1.0,0.0
0.6260360412287614,1,0.85,1.0,0.0
0.6260360412287614,1,0.85,1.0,0.0
0.6260360412287614,1,0.85,1.0,0.0
0.6260360412287614,1,0.85,1.0,0.0
1.1202164827179004,1,0.85,1.0,0.0
1.1127289002710954,1,0.85,1.0,0.0
0.6260360412287614,1,0.85,1.0,0.0
0.6260360412287614,1,0.85,1.0,0.0
0.6185484587819562,1,0.85,1.0,0.0
0.6260360412287614,1,0.85,1.0,0.0
0.6260360412287614,1,0.85,1.0,0.0
1.1202164827179004,1,0.85,1.0,0.0
1.1202164827179004,1,0.85,1.0,0.0
0.6260360412287614,1,0.85,1.0,0.0
0.6260360412287614,1,0.85,1.0,0.0
0.6260360412287614,1,0.85,1.0,0.0
0.6260360412287614,1,0.85,1.0,0.0
0.6260360412287614,1,0.85,1.0,0.0
0.6335236236755666,1,0.85,1.0,0.0
1.1277040651647057,1,0.85,1.0,0.0
1.1202164827179004,1,0.85,1.0,0.0
1.1202164827179004,1,0.85,1.0,0.0
0.6260360412287614,1,0.85,1.0,0.0
0.6260360412287614,1,0.85,1.0,0.0
0.6335236236755666,1,0.85,1.0,0.0
0.6260360412287614,1,0.85,1.0,0.0
1.1202164827179004,1,0.85,1.0,0.0
1.1127289002710954,1,0.85,1.0,0.0
1.1127289002710954,1,0.85,1.0,0.0
0.6335236236755666,1,0.85,1.0,0.0
0.6260360412287614,1,0.85,1.0,0.0
0.6260360412287614,1,0.85,1.0,0.0
0.6335236236755666,1,0.85,1.0,0.0
0.6260360412287614,1,0.85,1.0,0.0
1.1202164827179004,1,0.85,1.0,0.0
1.1202164827179004,1,0.85,1.0,0.0
1.1277040651647057,1,0.85,1.0,0.0
0.6335236236755666,1,0.85,1.0,0.0
0.6335236236755666,1,0.85,1.0,0.0
0.6260360412287614,1,0.85,1.0,0.0
1.1277040651647057,1,0.85,1.0,0.0
1.1277040651647057,1,0.85,1.0,0.0
1.1277040651647057,1,0.85,1.0,0.0
1.1277040651647057,1,0.85,1.0,0.0
1.1202164827179004,1,0.85,1.0,0.0
0.6260360412287614,1,0.85,1.0,0.0
0.6335236236755666,1,0.85,1.0,0.0
0.6260360412287614,1,0.85,1.0,0.0
0.6260360412287614,1,0.85,1.0,0.0
1.1202164827179004,1,0.85,1.0,0.0
1.1202164827179004,1,0.85,1.0,0.0
1.1202164827179004,1,0.85,1.0,0.0
1.1202164827179004,1,0.85,1.0,0.0
0.6260360412287614,1,0.85,1.0,0.0
0.6260360412287614,1,0.85,1.0,0.0
0.6260360412287614,1,0.85,1.0,0.0
1.1277040651647057,1,0.85,1.0,0.0
1.1277040651647057,1,0.85,1.0,0.0
1.1277040651647057,1,0.85,1.0,0.0
1.1127289002710954,1,0.85,1.0,0.0
0.6260360412287614,1,0.85,1.0,0.0
0.6335236236755666,1,0.85,1.0,0.0
0.6260360412287614,1,0.85,1.0,0.0
1.1277040651647057,1,0.85,1.0,0.0
1.1277040651647057,1,0.85,1.0,0.0
1.1202164827179004,1,0.85,1.0,0.0
0.6335236236755666,1,0.85,1.0,0.0
0.6335236236755666,1,0.85,1.0,0.0
0.6260360412287614,1,0.85,1.0,0.0
19.86163534707117,1,0.85,1.0,1778.0
19.86163534707117,1,0.85,1.0,1778.0
14.522989062499109,1,0.85,1.0,1789.0000000000002
20.640343921538914,1,0.85,1.0,1779.0000000000002
14.485551150265083,1,0.85,1.0,1784.0
1.1426792300583162,1,0.85,1.0,0.0
0.6484987885691768,1,0.85,1.0,0.0
0.6559863710159819,1,0.85,1.0,0.0
0.6559863710159819,1,0.85,1.0,0.0
6.855704636970641,1,0.85,1.0,0.0
7.319934748672559,1,0.85,1.0,0.0
7.319934748672559,1,0.85,1.0,0.0
7.357372660906585,1,0.85,1.0,0.0
1.1426792300583162,1,0.85,1.0,0.0
0.6484987885691768,1,0.85,1.0,0.0
0.6484987885691768,1,0.85,1.0,0.0
0.6484987885691768,1,0.85,1.0,0.0
6.878167384311056,1,0.85,1.0,0.0
1.1426792300583162,1,0.85,1.0,0.0
1.1426792300583162,1,0.85,1.0,0.0
7.462198815161857,1,0.85,1.0,0.0
7.454711232715051,1,0.85,1.0,0.0
0.6484987885691768,1,0.85,1.0,0.0
0.6484987885691768,1,0.85,1.0,0.0
6.953043208779108,1,0.85,1.0,0.0
6.953043208779108,1,0.85,1.0,0.0
1.1426792300583162,1,0.85,1.0,0.0
1.1426792300583162,1,0.85,1.0,0.0
1.8764623098452202,1,0.85,1.0,0.0
7.394810573140612,1,0.85,1.0,0.0
6.758366065162174,1,0.85,1.0,0.0
6.758366065162174,1,0.85,1.0,0.0
6.855704636970641,1,0.85,1.0,0.0
0.6484987885691768,1,0.85,1.0,0.0
1.1426792300583162,1,0.85,1.0,0.0
7.462198815161857,1,0.85,1.0,0.0
5.043709684843797,1,0.85,1.0,0.0
6.9680183736727175,1,0.85,1.0,0.0
6.9680183736727175,1,0.85,1.0,0.0
0.6559863710159819,1,0.85,1.0,0.0
0.6559863710159819,1,0.85,1.0,0.0
1.8315368151643894,1,0.85,1.0,0.0
7.454711232715051,1,0.85,1.0,0.0
1.1426792300583162,1,0.85,1.0,0.0
6.9680183736727175,1,0.85,1.0,0.0
6.9680183736727175,1,0.85,1.0,0.0
0.6484987885691768,1,0.85,1.0,0.0
0.6559863710159819,1,0.85,1.0,0.0
0.6559863710159819,1,0.85,1.0,0.0
0.6484987885691768,1,0.85,1.0,0.0
1.2999184614412242,1,0.85,1.0,0.0
0.6484987885691768,1,0.85,1.0,0.0
0.6484987885691768,1,0.85,1.0,0.0
0.8057380199520848,1,0.85,1.0,0.0
0.8057380199520848,1,0.85,1.0,0.0
0.6559863710159819,1,0.85,1.0,0.0
0.6559863710159819,1,0.85,1.0,0.0
1.1501668125051214,1,0.85,1.0,0.0
1.1277040651647057,1,0.85,1.0,0.0
1.1277040651647057,1,0.85,1.0,0.0
0.7907628550584745,1,0.85,1.0,0.0
0.7383497779308386,1,0.85,1.0,0.0
0.6335236236755666,1,0.85,1.0,0.0
0.6410112061223716,1,0.85,1.0,0.0
1.1277040651647057,1,0.85,1.0,0.0
1.1277040651647057,1,0.85,1.0,0.0
0.7832752726116694,1,0.85,1.0,0.0
0.7832752726116694,1,0.85,1.0,0.0
0.6410112061223716,1,0.85,1.0,0.0
0.6410112061223716,1,0.85,1.0,0.0
0.7832752726116694,1,0.85,1.0,0.0
1.2774557141008087,1,0.85,1.0,0.0
1.2774557141008087,1,0.85,1.0,0.0
1.2774557141008087,1,0.85,1.0,0.0
0.7907628550584745,1,0.85,1.0,0.0
0.6410112061223716,1,0.85,1.0,0.0
0.6410112061223716,1,0.85,1.0,0.0
0.7009118656968127,1,0.85,1.0,0.0
0.7009118656968127,1,0.85,1.0,0.0
1.2774557141008087,1,0.85,1.0,0.0
1.2774557141008087,1,0.85,1.0,0.0
1.135191647611511,1,0.85,1.0,0.0
0.6410112061223716,1,0.85,1.0,0.0
0.7907628550584745,1,0.85,1.0,0.0
0.7832752726116694,1,0.85,1.0,0.0
0.6335236236755666,1,0.85,1.0,0.0
1.284943296547614,1,0.85,1.0,0.0
1.284943296547614,1,0.85,1.0,0.0
1.135191647611511,1,0.85,1.0,0.0
0.6410112061223716,1,0.85,1.0,0.0
0.7907628550584745,1,0.85,1.0,0.0
0.7907628550584745,1,0.85,1.0,0.0
0.6335236236755666,1,0.85,1.0,0.0
1.135191647611511,1,0.85,1.0,0.0
1.135191647611511,1,0.85,1.0,0.0
1.135191647611511,1,0.85,1.0,0.0
0.7907628550584745,1,0.85,1.0,0.0
0.7907628550584745,1,0.85,1.0,0.0
0.6410112061223716,1,0.85,1.0,0.0
0.6410112061223716,1,0.85,1.0,0.0
1.135191647611511,1,0.85,1.0,0.0
1.135191647611511,1,0.85,1.0,0.0
1.135191647611511,1,0.85,1.0,0.0
0.7832752726116694,1,0.85,1.0,0.0
0.7832752726116694,1,0.85,1.0,0.0
0.6410112061223716,1,0.85,1.0,0.0
0.7832752726116694,1,0.85,1.0,0.0
1.135191647611511,1,0.85,1.0,0.0
1.135191647611511,1,0.85,1.0,0.0
1.2774557141008087,1,0.85,1.0,0.0
1.284943296547614,1,0.85,1.0,0.0
0.6335236236755666,1,0.85,1.0,0.0
0.6335236236755666,1,0.85,1.0,0.0
0.7832752726116694,1,0.85,1.0,0.0
1.135191647611511,1,0.85,1.0,0.0
1.135191647611511,1,0.85,1.0,0.0
1.1277040651647057,1,0.85,1.0,0.0
1.1277040651647057,1,0.85,1.0,0.0
1.1277040651647057,1,0.85,1.0,0.0
14.058758950797188,1,0.85,1.0,1793.0000000000002
0.7907628550584745,1,0.85,1.0,0.0
0.7907628550584745,1,0.85,1.0,0.0
1.292430878994419,1,0.85,1.0,0.0
1.135191647611511,1,0.85,1.0,0.0
1.135191647611511,1,0.85,1.0,0.0
1.2774557141008087,1,0.85,1.0,0.0
6.833241889630226,1,0.85,1.0,0.0
0.6335236236755666,1,0.85,1.0,0.0
0.6335236236755666,1,0.85,1.0,0.0
1.2774557141008087,1,0.85,1.0,0.0
1.2774557141008087,1,0.85,1.0,0.0
1.135191647611511,1,0.85,1.0,0.0
1.1277040651647057,1,0.85,1.0,0.0
1.284943296547614,1,0.85,1.0,0.0
0.6335236236755666,1,0.85,1.0,0.0
0.6410112061223716,1,0.85,1.0,0.0
0.6410112061223716,1,0.85,1.0,0.0
0.6410112061223716,1,0.85,1.0,0.0
1.1277040651647057,1,0.85,1.0,0.0
1.2774557141008087,1,0.85,1.0,0.0
1.284943296547614,1,0.85,1.0,0.0
1.1277040651647057,1,0.85,1.0,0.0
0.6410112061223716,1,0.85,1.0,0.0
0.6410112061223716,1,0.85,1.0,0.0
0.6335236236755666,1,0.85,1.0,0.0
0.6410112061223716,1,0.85,1.0,0.0
1.284943296547614,1,0.85,1.0,0.0
1.1576543949519265,1,0.85,1.0,0.0
1.135191647611511,1,0.85,1.0,0.0
0.6335236236755666,1,0.85,1.0,0.0
0.6335236236755666,1,0.85,1.0,0.0
0.6335236236755666,1,0.85,1.0,0.0
0.6335236236755666,1,0.85,1.0,0.0
0.7907628550584745,1,0.85,1.0,0.0
1.135191647611511,1,0.85,1.0,0.0
1.135191647611511,1,0.85,1.0,0.0
0.6335236236755666,1,0.85,1.0,0.0
0.6335236236755666,1,0.85,1.0,0.0
0.6410112061223716,1,0.85,1.0,0.0
0.7907628550584745,1,0.85,1.0,0.0
0.6410112061223716,1,0.85,1.0,0.0
1.1277040651647057,1,0.85,1.0,0.0
1.1202164827179004,1,0.85,1.0,0.0
0.6335236236755666,1,0.85,1.0,0.0
0.6335236236755666,1,0.85,1.0,0.0
0.6335236236755666,1,0.85,1.0,0.0
0.7832752726116694,1,0.85,1.0,0.0
0.7832752726116694,1,0.85,1.0,0.0
0.6335236236755666,1,0.85,1.0,0.0
1.1202164827179004,1,0.85,1.0,0.0
1.1202164827179004,1,0.85,1.0,0.0
0.7832752726116694,1,0.85,1.0,0.0
0.7832752726116694,1,0.85,1.0,0.0
0.6335236236755666,1,0.85,1.0,0.0
0.6335236236755666,1,0.85,1.0,0.0
0.7832752726116694,1,0.85,1.0,0.0
1.1202164827179004,1,0.85,1.0,0.0
1.1202164827179004,1,0.85,1.0,0.0
0.6335236236755666,1,0.85,1.0,0.0
0.7832752726116694,1,0.85,1.0,0.0
0.6260360412287614,1,0.85,1.0,0.0
0.7832752726116694,1,0.85,1.0,0.0
0.7832752726116694,1,0.85,1.0,0.0
1.1277040651647057,1,0.85,1.0,0.0
1.1277040651647057,1,0.85,1.0,0.0
1.2774557141008087,1,0.85,1.0,0.0
0.6634739534627871,1,0.85,1.0,0.0
0.6335236236755666,1,0.85,1.0,0.0
0.7832752726116694,1,0.85,1.0,0.0
0.6335236236755666,1,0.85,1.0,0.0
1.2699681316540035,1,0.85,1.0,0.0
1.2699681316540035,1,0.85,1.0,0.0
1.2699681316540035,1,0.85,1.0,0.0
1.1202164827179004,1,0.85,1.0,0.0
0.7832752726116694,1,0.85,1.0,0.0
0.7832752726116694,1,0.85,1.0,0.0
0.7982504375052797,1,0.85,1.0,0.0
1.1277040651647057,1,0.85,1.0,0.0
1.1277040651647057,1,0.85,1.0,0.0
1.2999184614412242,1,0.85,1.0,0.0
1.1277040651647057,1,0.85,1.0,0.0
1.1202164827179004,1,0.85,1.0,0.0
0.6335236236755666,1,0.85,1.0,0.0
0.6335236236755666,1,0.85,1.0,0.0
0.7832752726116694,1,0.85,1.0,0.0
0.7832752726116694,1,0.85,1.0,0.0
1.1277040651647057,1,0.85,1.0,0.0
1.2774557141008087,1,0.85,1.0,0.0
1.2774557141008087,1,0.85,1.0,0.0
0.7832752726116694,1,0.85,1.0,0.0
0.6335236236755666,1,0.85,1.0,0.0
0.7907628550584745,1,0.85,1.0,0.0
0.7907628550584745,1,0.85,1.0,0.0
1.1277040651647057,1,0.85,1.0,0.0
1.1277040651647057,1,0.85,1.0,0.0
1.2774557141008087,1,0.85,1.0,0.0
1.2774557141008087,1,0.85,1.0,0.0
0.6335236236755666,1,0.85,1.0,0.0
0.6634739534627871,1,0.85,1.0,0.0
0.6634739534627871,1,0.85,1.0,0.0
1.2774557141008087,1,0.85,1.0,0.0
1.2774557141008087,1,0.85,1.0,0.0
1.1277040651647057,1,0.85,1.0,0.0
1.1277040651647057,1,0.85,1.0,0.0
1.1277040651647057,1,0.85,1.0,0.0
0.6335236236755666,1,0.85,1.0,0.0
0.6335236236755666,1,0.85,1.0,0.0
0.6335236236755666,1,0.85,1.0,0.0
1.2774557141008087,1,0.85,1.0,0.0
1.2774557141008087,1,0.85,1.0,0.0
1.1277040651647057,1,0.85,1.0,0.0
1.1277040651647057,1,0.85,1.0,0.0
1.449670110377327,1,0.85,1.0,0.0
1.449670110377327,1,0.85,1.0,0.0
0.6410112061223716,1,0.85,1.0,0.0
0.6410112061223716,1,0.85,1.0,0.0
0.6410112061223716,1,0.85,1.0,0.0
1.1651419773987315,1,0.85,1.0,0.0
1.1277040651647057,1,0.85,1.0,0.0
1.2774557141008087,1,0.85,1.0,0.0
0.6335236236755666,1,0.85,1.0,0.0
0.6335236236755666,1,0.85,1.0,0.0
0.7832752726116694,1,0.85,1.0,0.0
0.7832752726116694,1,0.85,1.0,0.0
1.1277040651647057,1,0.85,1.0,0.0
1.135191647611511,1,0.85,1.0,0.0
1.2774557141008087,1,0.85,1.0,0.0
0.7832752726116694,1,0.85,1.0,0.0
0.7832752726116694,1,0.85,1.0,0.0
0.7832752726116694,1,0.85,1.0,0.0
0.6335236236755666,1,0.85,1.0,0.0
1.135191647611511,1,0.85,1.0,0.0
1.1277040651647057,1,0.85,1.0,0.0
1.172629559845537,1,0.85,1.0,0.0
0.7832752726116694,1,0.85,1.0,0.0
0.7832752726116694,1,0.85,1.0,0.0
0.6410112061223716,1,0.85,1.0,0.0
0.6335236236755666,1,0.85,1.0,0.0
0.7832752726116694,1,0.85,1.0,0.0
1.2774557141008087,1,0.85,1.0,0.0
6.7958039773962,1,0.85,1.0,0.0
6.7958039773962,1,0.85,1.0,0.0
0.6335236236755666,1,0.85,1.0,0.0
0.6335236236755666,1,0.85,1.0,0.0
0.7832752726116694,1,0.85,1.0,0.0
0.7832752726116694,1,0.85,1.0,0.0
1.1277040651647057,1,0.85,1.0,0.0
1.2250426369731728,1,0.85,1.0,0.0
1.2250426369731728,1,0.85,1.0,0.0
0.6335236236755666,1,0.85,1.0,0.0
0.7907628550584745,1,0.85,1.0,0.0
0.7832752726116694,1,0.85,1.0,0.0
1.1277040651647057,1,0.85,1.0,0.0
1.1277040651647057,1,0.85,1.0,0.0
1.1277040651647057,1,0.85,1.0,0.0
1.1277040651647057,1,0.85,1.0,0.0
0.6335236236755666,1,0.85,1.0,0.0
0.7832752726116694,1,0.85,1.0,0.0
0.7907628550584745,1,0.85,1.0,0.0
0.6335236236755666,1,0.85,1.0,0.0
7.0578693630343805,1,0.85,1.0,0.0
7.0578693630343805,1,0.85,1.0,0.0
1.1277040651647057,1,0.85,1.0,0.0
0.6335236236755666,1,0.85,1.0,0.0
0.7832752726116694,1,0.85,1.0,0.0
0.6335236236755666,1,0.85,1.0,0.0
0.6335236236755666,1,0.85,1.0,0.0
1.135191647611511,1,0.85,1.0,0.0
1.135191647611511,1,0.85,1.0,0.0
1.1277040651647057,1,0.85,1.0,0.0
0.7907628550584745,1,0.85,1.0,0.0
0.7907628550584745,1,0.85,1.0,0.0
0.6335236236755666,1,0.85,1.0,0.0
0.6335236236755666,1,0.85,1.0,0.0
1.1277040651647057,1,0.85,1.0,0.0
1.1277040651647057,1,0.85,1.0,0.0
1.2774557141008087,1,0.85,1.0,0.0
0.6335236236755666,1,0.85,1.0,0.0
0.6335236236755666,1,0.85,1.0,0.0
0.6410112061223716,1,0.85,1.0,0.0
0.7907628550584745,1,0.85,1.0,0.0
1.1501668125051214,1,0.85,1.0,0.0
1.1501668125051214,1,0.85,1.0,0.0
1.284943296547614,1,0.85,1.0,0.0
1.135191647611511,1,0.85,1.0,0.0
0.6410112061223716,1,0.85,1.0,0.0
0.7907628550584745,1,0.85,1.0,0.0
0.7907628550584745,1,0.85,1.0,0.0
1.292430878994419,1,0.85,1.0,0.0
1.292430878994419,1,0.85,1.0,0.0
1.135191647611511,1,0.85,1.0,0.0
1.135191647611511,1,0.85,1.0,0.0
0.6410112061223716,1,0.85,1.0,0.0
0.7907628550584745,1,0.85,1.0,0.0
0.7907628550584745,1,0.85,1.0,0.0
1.307406043888029,1,0.85,1.0,0.0
1.307406043888029,1,0.85,1.0,0.0
1.284943296547614,1,0.85,1.0,0.0
1.135191647611511,1,0.85,1.0,0.0
0.6410112061223716,1,0.85,1.0,0.0
0.7982504375052797,1,0.85,1.0,0.0
0.6410112061223716,1,0.85,1.0,0.0
0.6410112061223716,1,0.85,1.0,0.0
0.6410112061223716,1,0.85,1.0,0.0
1.1426792300583162,1,0.85,1.0,0.0
1.1426792300583162,1,0.85,1.0,0.0
1.135191647611511,1,0.85,1.0,0.0
1.307406043888029,1,0.85,1.0,0.0
0.7982504375052797,1,0.85,1.0,0.0
0.6410112061223716,1,0.85,1.0,0.0
6.990481121013134,1,0.85,1.0,0.0
6.990481121013134,1,0.85,1.0,0.0
1.1426792300583162,1,0.85,1.0,0.0
1.135191647611511,1,0.85,1.0,0.0
1.284943296547614,1,0.85,1.0,0.0
1.135191647611511,1,0.85,1.0,0.0
0.6410112061223716,1,0.85,1.0,0.0
0.6559863710159819,1,0.85,1.0,0.0
0.6559863710159819,1,0.85,1.0,0.0
1.1426792300583162,1,0.85,1.0,0.0
1.2999184614412242,1,0.85,1.0,0.0
1.135191647611511,1,0.85,1.0,0.0
14.702691041222431,1,0.85,1.0,1811.9999999999998
0.7907628550584745,1,0.85,1.0,0.0
0.7907628550584745,1,0.85,1.0,0.0
0.6335236236755666,1,0.85,1.0,0.0
1.135191647611511,1,0.85,1.0,0.0
1.284943296547614,1,0.85,1.0,0.0
1.292430878994419,1,0.85,1.0,0.0
1.135191647611511,1,0.85,1.0,0.0
0.6410112061223716,1,0.85,1.0,0.0
0.6410112061223716,1,0.85,1.0,0.0
0.6410112061223716,1,0.85,1.0,0.0
0.6559863710159819,1,0.85,1.0,0.0
1.1426792300583162,1,0.85,1.0,0.0
1.9663132992068821,1,0.85,1.0,0.0
1.135191647611511,1,0.85,1.0,0.0
0.7982504375052797,1,0.85,1.0,0.0
0.6410112061223716,1,0.85,1.0,0.0
0.6410112061223716,1,0.85,1.0,0.0
0.6410112061223716,1,0.85,1.0,0.0
1.2999184614412242,1,0.85,1.0,0.0
1.135191647611511,1,0.85,1.0,0.0
1.135191647611511,1,0.85,1.0,0.0
0.6410112061223716,1,0.85,1.0,0.0
0.6410112061223716,1,0.85,1.0,0.0
0.7982504375052797,1,0.85,1.0,0.0
0.7907628550584745,1,0.85,1.0,0.0
1.1426792300583162,1,0.85,1.0,0.0
1.1576543949519265,1,0.85,1.0,0.0
1.284943296547614,1,0.85,1.0,0.0
0.7982504375052797,1,0.85,1.0,0.0
0.7982504375052797,1,0.85,1.0,0.0
0.7907628550584745,1,0.85,1.0,0.0
-0.1451849507921685,1,0.85,1.0,0.0
-0.1451849507921685,1,0.85,1.0,0.0
-0.1451849507921685,1,0.85,1.0,0.0
-0.1451849507921685,1,0.85,1.0,0.0
-0.1451849507921685,1,0.85,1.0,0.0
-0.1451849507921685,1,0.85,1.0,0.0
-0.1451849507921685,1,0.85,1.0,0.0
-0.1451849507921685,1,0.85,1.0,0.0
-0.1451849507921685,1,0.85,1.0,0.0
-0.1451849507921685,1,0.85,1.0,0.0
-0.1451849507921685,1,0.85,1.0,0.0
-0.1451849507921685,1,0.85,1.0,0.0
-0.1451849507921685,1,0.85,1.0,0.0
-0.1451849507921685,1,0.85,1.0,0.0
-0.1451849507921685,1,0.85,1.0,0.0
-0.1451849507921685,1,0.85,1.0,0.0
-0.1451849507921685,1,0.85,1.0,0.0
-0.1451849507921685,1,0.85,1.0,0.0
-0.1451849507921685,1,0.85,1.0,0.0
-0.1451849507921685,1,0.85,1.0,0.0
-0.1451849507921685,1,0.85,1.0,0.0
-0.1451849507921685,1,0.85,1.0,0.0
-0.1451849507921685,1,0.85,1.0,0.0
-0.1451849507921685,1,0.85,1.0,0.0
-0.1451849507921685,1,0.85,1.0,0.0
-0.1451849507921685,1,0.85,1.0,0.0
-0.1451849507921685,1,0.85,1.0,0.0
-0.1451849507921685,1,0.85,1.0,0.0
-0.1451849507921685,1,0.85,1.0,0.0
-0.1451849507921685,1,0.85,1.0,0.0
-0.1451849507921685,1,0.85,1.0,0.0
-0.1451849507921685,1,0.85,1.0,0.0
-0.1451849507921685,1,0.85,1.0,0.0
-0.1451849507921685,1,0.85,1.0,0.0
-0.1451849507921685,1,0.85,1.0,0.0
-0.1451849507921685,1,0.85,1.0,0.0
-0.1451849507921685,1,0.85,1.0,0.0
-0.1451849507921685,1,0.85,1.0,0.0
-0.1451849507921685,1,0.85,1.0,0.0
-0.1451849507921685,1,0.85,1.0,0.0
-0.1451849507921685,1,0.85,1.0,0.0
-0.1451849507921685,1,0.85,1.0,0.0
-0.1451849507921685,1,0.85,1.0,0.0
-0.1451849507921685,1,0.85,1.0,0.0
-0.1451849507921685,1,0.85,1.0,0.0
-0.1451849507921685,1,0.85,1.0,0.0
-0.1451849507921685,1,0.85,1.0,0.0
-0.1451849507921685,1,0.85,1.0,0.0
-0.1451849507921685,1,0.85,1.0,0.0
-0.1451849507921685,1,0.85,1.0,0.0
-0.1451849507921685,1,0.85,1.0,0.0
-0.1451849507921685,1,0.85,1.0,0.0
-0.1451849507921685,1,0.85,1.0,0.0
-0.1451849507921685,1,0.85,1.0,0.0
-0.1451849507921685,1,0.85,1.0,0.0
-0.1451849507921685,1,0.85,1.0,0.0
-0.1451849507921685,1,0.85,1.0,0.0
-0.1451849507921685,1,0.85,1.0,0.0
-0.1451849507921685,1,0.85,1.0,0.0
-0.1451849507921685,1,0.85,1.0,0.0
-0.1451849507921685,1,0.85,1.0,0.0
-0.1451849507921685,1,0.85,1.0,0.0
-0.1451849507921685,1,0.85,1.0,0.0
-0.1451849507921685,1,0.85,1.0,0.0
-0.1451849507921685,1,0.85,1.0,0.0
-0.1451849507921685,1,0.85,1.0,0.0
-0.1451849507921685,1,0.85,1.0,0.0
-0.1451849507921685,1,0.85,1.0,0.0
-0.1451849507921685,1,0.85,1.0,0.0
-0.1451849507921685,1,0.85,1.0,0.0
-0.1451849507921685,1,0.85,1.0,0.0
-0.1451849507921685,1,0.85,1.0,0.0
-0.1451849507921685,1,0.85,1.0,0.0
-0.1451849507921685,1,0.85,1.0,0.0
-0.1451849507921685,1,0.85,1.0,0.0
-0.1451849507921685,1,0.85,1.0,0.0
-0.1451849507921685,1,0.85,1.0,0.0
-0.1451849507921685,1,0.85,1.0,0.0
-0.1451849507921685,1,0.85,1.0,0.0
-0.1451849507921685,1,0.85,1.0,0.0
-0.1451849507921685,1,0.85,1.0,0.0
-0.1451849507921685,1,0.85,1.0,0.0
-0.1451849507921685,1,0.85,1.0,0.0
-0.1451849507921685,1,0.85,1.0,0.0
-0.1451849507921685,1,0.85,1.0,0.0
-0.1451849507921685,1,0.85,1.0,0.0
-0.1451849507921685,1,0.85,1.0,0.0
-0.1451849507921685,1,0.85,1.0,0.0
-0.1451849507921685,1,0.85,1.0,0.0
-0.1451849507921685,1,0.85,1.0,0.0
-0.1451849507921685,1,0.85,1.0,0.0
-0.1451849507921685,1,0.85,1.0,0.0
-0.1451849507921685,1,0.85,1.0,0.0
-0.1451849507921685,1,0.85,1.0,0.0
-0.1451849507921685,1,0.85,1.0,0.0
-0.1451849507921685,1,0.85,1.0,0.0
-0.1451849507921685,1,0.85,1.0,0.0
-0.1451849507921685,1,0.85,1.0,0.0
-0.1451849507921685,1,0.85,1.0,0.0
-0.1451849507921685,1,0.85,1.0,0.0
-0.1451849507921685,1,0.85,1.0,0.0
-0.1451849507921685,1,0.85,1.0,0.0
-0.1451849507921685,1,0.85,1.0,0.0
-0.1451849507921685,1,0.85,1.0,0.0
-0.1451849507921685,1,0.85,1.0,0.0
-0.1451849507921685,1,0.85,1.0,0.0
-0.1451849507921685,1,0.85,1.0,0.0
-0.1451849507921685,1,0.85,1.0,0.0
-0.1451849507921685,1,0.85,1.0,0.0
-0.1451849507921685,1,0.85,1.0,0.0
-0.1451849507921685,1,0.85,1.0,0.0
-0.1451849507921685,1,0.85,1.0,0.0
-0.1451849507921685,1,0.85,1.0,0.0
-0.1451849507921685,1,0.85,1.0,0.0
-0.1451849507921685,1,0.85,1.0,0.0
-0.1451849507921685,1,0.85,1.0,0.0
-0.1451849507921685,1,0.85,1.0,0.0
-0.1451849507921685,1,0.85,1.0,0.0
-0.1451849507921685,1,0.85,1.0,0.0
-0.1451849507921685,1,0.85,1.0,0.0
-0.1451849507921685,1,0.85,1.0,0.0
-0.1451849507921685,1,0.85,1.0,0.0
-0.1451849507921685,1,0.85,1.0,0.0
-0.1451849507921685,1,0.85,1.0,0.0
-0.1451849507921685,1,0.85,1.0,0.0
-0.1451849507921685,1,0.85,1.0,0.0
-0.1451849507921685,1,0.85,1.0,0.0
-0.1451849507921685,1,0.85,1.0,0.0
-0.1451849507921685,1,0.85,1.0,0.0
-0.1451849507921685,1,0.85,1.0,0.0
-0.1451849507921685,1,0.85,1.0,0.0
-0.1451849507921685,1,0.85,1.0,0.0
-0.1451849507921685,1,0.85,1.0,0.0
-0.1451849507921685,1,0.85,1.0,0.0
-0.1451849507921685,1,0.85,1.0,0.0
-0.1451849507921685,1,0.85,1.0,0.0
-0.1451849507921685,1,0.85,1.0,0.0
-0.1451849507921685,1,0.85,1.0,0.0
-0.1451849507921685,1,0.85,1.0,0.0
-0.1451849507921685,1,0.85,1.0,0.0
-0.1451849507921685,1,0.85,1.0,0.0
-0.1451849507921685,1,0.85,1.0,0.0
-0.1451849507921685,1,0.85,1.0,0.0
-0.1451849507921685,1,0.85,1.0,0.0
-0.1451849507921685,1,0.85,1.0,0.0
-0.1451849507921685,1,0.85,1.0,0.0
-0.1451849507921685,1,0.85,1.0,0.0
-0.1451849507921685,1,0.85,1.0,0.0
-0.1451849507921685,1,0.85,1.0,0.0
-0.1451849507921685,1,0.85,1.0,0.0
-0.1451849507921685,1,0.85,1.0,0.0
-0.1451849507921685,1,0.85,1.0,0.0
-0.1451849507921685,1,0.85,1.0,0.0
-0.1451849507921685,1,0.85,1.0,0.0
-0.1451849507921685,1,0.85,1.0,0.0
-0.1451849507921685,1,0.85,1.0,0.0
-0.1451849507921685,1,0.85,1.0,0.0
-0.1451849507921685,1,0.85,1.0,0.0
-0.1451849507921685,1,0.85,1.0,0.0
-0.1451849507921685,1,0.85,1.0,0.0
-0.1451849507921685,1,0.85,1.0,0.0
-0.1451849507921685,1,0.85,1.0,0.0
-0.1451849507921685,1,0.85,1.0,0.0
-0.1451849507921685,1,0.85,1.0,0.0
-0.1451849507921685,1,0.85,1.0,0.0
-0.1451849507921685,1,0.85,1.0,0.0
-0.1451849507921685,1,0.85,1.0,0.0
-0.1451849507921685,1,0.85,1.0,0.0
-0.1451849507921685,1,0.85,1.0,0.0
-0.1451849507921685,1,0.85,1.0,0.0
-0.1451849507921685,1,0.85,1.0,0.0
-0.1451849507921685,1,0.85,1.0,0.0
-0.1451849507921685,1,0.85,1.0,0.0
-0.1451849507921685,1,0.85,1.0,0.0
-0.1451849507921685,1,0.85,1.0,0.0
-0.1451849507921685,1,0.85,1.0,0.0
-0.1451849507921685,1,0.85,1.0,0.0
-0.1451849507921685,1,0.85,1.0,0.0
-0.1451849507921685,1,0.85,1.0,0.0
-0.1451849507921685,1,0.85,1.0,0.0
-0.1451849507921685,1,0.85,1.0,0.0
-0.1451849507921685,1,0.85,1.0,0.0
-0.1451849507921685,1,0.85,1.0,0.0
-0.1451849507921685,1,0.85,1.0,0.0
-0.1451849507921685,1,0.85,1.0,0.0
-0.1451849507921685,1,0.85,1.0,0.0
-0.1451849507921685,1,0.85,1.0,0.0
-0.1451849507921685,1,0.85,1.0,0.0
-0.1451849507921685,1,0.85,1.0,0.0
-0.1451849507921685,1,0.85,1.0,0.0
-0.1451849507921685,1,0.85,1.0,0.0
-0.1451849507921685,1,0.85,1.0,0.0
-0.1451849507921685,1,0.85,1.0,0.0
-0.1451849507921685,1,0.85,1.0,0.0
-0.1451849507921685,1,0.85,1.0,0.0
-0.1451849507921685,1,0.85,1.0,0.0
-0.1451849507921685,1,0.85,1.0,0.0
-0.1451849507921685,1,0.85,1.0,0.0
-0.1451849507921685,1,0.85,1.0,0.0
-0.1451849507921685,1,0.85,1.0,0.0
-0.1451849507921685,1,0.85,1.0,0.0
-0.1451849507921685,1,0.85,1.0,0.0
-0.1451849507921685,1,0.85,1.0,0.0
-0.1451849507921685,1,0.85,1.0,0.0
-0.1451849507921685,1,0.85,1.0,0.0
-0.1451849507921685,1,0.85,1.0,0.0
-0.1451849507921685,1,0.85,1.0,0.0
-0.1451849507921685,1,0.85,1.0,0.0
-0.1451849507921685,1,0.85,1.0,0.0
-0.1451849507921685,1,0.85,1.0,0.0
-0.1451849507921685,1,0.85,1.0,0.0
-0.1451849507921685,1,0.85,1.0,0.0
-0.1451849507921685,1,0.85,1.0,0.0
-0.1451849507921685,1,0.85,1.0,0.0
-0.1451849507921685,1,0.85,1.0,0.0
-0.1451849507921685,1,0.85,1.0,0.0
-0.1451849507921685,1,0.85,1.0,0.0
-0.1451849507921685,1,0.85,1.0,0.0
-0.1451849507921685,1,0.85,1.0,0.0
-0.1451849507921685,1,0.85,1.0,0.0
-0.1451849507921685,1,0.85,1.0,0.0
-0.1451849507921685,1,0.85,1.0,0.0
-0.1451849507921685,1,0.85,1.0,0.0
-0.1451849507921685,1,0.85,1.0,0.0
-0.1451849507921685,1,0.85,1.0,0.0
-0.1451849507921685,1,0.85,1.0,0.0
-0.1451849507921685,1,0.85,1.0,0.0
-0.1451849507921685,1,0.85,1.0,0.0
-0.1451849507921685,1,0.85,1.0,0.0
-0.1451849507921685,1,0.85,1.0,0.0
-0.1451849507921685,1,0.85,1.0,0.0
-0.1451849507921685,1,0.85,1.0,0.0
-0.1451849507921685,1,0.85,1.0,0.0
-0.1451849507921685,1,0.85,1.0,0.0
-0.1451849507921685,1,0.85,1.0,0.0
-0.1451849507921685,1,0.85,1.0,0.0
-0.1451849507921685,1,0.85,1.0,0.0
-0.1451849507921685,1,0.85,1.0,0.0
-0.1451849507921685,1,0.85,1.0,0.0
-0.1451849507921685,1,0.85,1.0,0.0
-0.1451849507921685,1,0.85,1.0,0.0
-0.1451849507921685,1,0.85,1.0,0.0
-0.1451849507921685,1,0.85,1.0,0.0
-0.1451849507921685,1,0.85,1.0,0.0
-0.1451849507921685,1,0.85,1.0,0.0
-0.1451849507921685,1,0.85,1.0,0.0
-0.1451849507921685,1,0.85,1.0,0.0
-0.1451849507921685,1,0.85,1.0,0.0
-0.1451849507921685,1,0.85,1.0,0.0
-0.1451849507921685,1,0.85,1.0,0.0
-0.1451849507921685,1,0.85,1.0,0.0
-0.1451849507921685,1,0.85,1.0,0.0
-0.1451849507921685,1,0.85,1.0,0.0
-0.1451849507921685,1,0.85,1.0,0.0
-0.1451849507921685,1,0.85,1.0,0.0
-0.1451849507921685,1,0.85,1.0,0.0
-0.1451849507921685,1,0.85,1.0,0.0
-0.1451849507921685,1,0.85,1.0,0.0
-0.1451849507921685,1,0.85,1.0,0.0
-0.1451849507921685,1,0.85,1.0,0.0
-0.1451849507921685,1,0.85,1.0,0.0
-0.1451849507921685,1,0.85,1.0,0.0
-0.1451849507921685,1,0.85,1.0,0.0
-0.1451849507921685,1,0.85,1.0,0.0
-0.1451849507921685,1,0.85,1.0,0.0
-0.1451849507921685,1,0.85,1.0,0.0
-0.1451849507921685,1,0.85,1.0,0.0
-0.1451849507921685,1,0.85,1.0,0.0
-0.1451849507921685,1,0.85,1.0,0.0
-0.1451849507921685,1,0.85,1.0,0.0
-0.1451849507921685,1,0.85,1.0,0.0
-0.1451849507921685,1,0.85,1.0,0.0
-0.1451849507921685,1,0.85,1.0,0.0
-0.1451849507921685,1,0.85,1.0,0.0
-0.1451849507921685,1,0.85,1.0,0.0
-0.1451849507921685,1,0.85,1.0,0.0
-0.1451849507921685,1,0.85,1.0,0.0
-0.1451849507921685,1,0.85,1.0,0.0
-0.1451849507921685,1,0.85,1.0,0.0
-0.1451849507921685,1,0.85,1.0,0.0
-0.1451849507921685,1,0.85,1.0,0.0
-0.1451849507921685,1,0.85,1.0,0.0
-0.1451849507921685,1,0.85,1.0,0.0
-0.1451849507921685,1,0.85,1.0,0.0
-0.1451849507921685,1,0.85,1.0,0.0
-0.1451849507921685,1,0.85,1.0,0.0
-0.1451849507921685,1,0.85,1.0,0.0
-0.1451849507921685,1,0.85,1.0,0.0
-0.1451849507921685,1,0.85,1.0,0.0
-0.1451849507921685,1,0.85,1.0,0.0
-0.1451849507921685,1,0.85,1.0,0.0
-0.1451849507921685,1,0.85,1.0,0.0
-0.1451849507921685,1,0.85,1.0,0.0
-0.1451849507921685,1,0.85,1.0,0.0
-0.1451849507921685,1,0.85,1.0,0.0
-0.1451849507921685,1,0.85,1.0,0.0
-0.1451849507921685,1,0.85,1.0,0.0
-0.1451849507921685,1,0.85,1.0,0.0
-0.1451849507921685,1,0.85,1.0,0.0
-0.1451849507921685,1,0.85,1.0,0.0
-0.1451849507921685,1,0.85,1.0,0.0
-0.1451849507921685,1,0.85,1.0,0.0
-0.1451849507921685,1,0.85,1.0,0.0
-0.1451849507921685,1,0.85,1.0,0.0
-0.1451849507921685,1,0.85,1.0,0.0
-0.1451849507921685,1,0.85,1.0,0.0
-0.1451849507921685,1,0.85,1.0,0.0
-0.1451849507921685,1,0.85,1.0,0.0
-0.1451849507921685,1,0.85,1.0,0.0
-0.1451849507921685,1,0.85,1.0,0.0
-0.1451849507921685,1,0.85,1.0,0.0
-0.1451849507921685,1,0.85,1.0,0.0
-0.1451849507921685,1,0.85,1.0,0.0
-0.1451849507921685,1,0.85,1.0,0.0
-0.1451849507921685,1,0.85,1.0,0.0
-0.1451849507921685,1,0.85,1.0,0.0
-0.1451849507921685,1,0.85,1.0,0.0
-0.1451849507921685,1,0.85,1.0,0.0
-0.1451849507921685,1,0.85,1.0,0.0
-0.1451849507921685,1,0.85,1.0,0.0
-0.1451849507921685,1,0.85,1.0,0.0
-0.1451849507921685,1,0.85,1.0,0.0
-0.1451849507921685,1,0.85,1.0,0.0
-0.1451849507921685,1,0.85,1.0,0.0
-0.1451849507921685,1,0.85,1.0,0.0
-0.1451849507921685,1,0.85,1.0,0.0
-0.1451849507921685,1,0.85,1.0,0.0
-0.1451849507921685,1,0.85,1.0,0.0
-0.1451849507921685,1,0.85,1.0,0.0
-0.1451849507921685,1,0.85,1.0,0.0
-0.1451849507921685,1,0.85,1.0,0.0
-0.1451849507921685,1,0.85,1.0,0.0
-0.1451849507921685,1,0.85,1.0,0.0
-0.1451849507921685,1,0.85,1.0,0.0
-0.1451849507921685,1,0.85,1.0,0.0
-0.1451849507921685,1,0.85,1.0,0.0
-0.1451849507921685,1,0.85,1.0,0.0
-0.1451849507921685,1,0.85,1.0,0.0
-0.1451849507921685,1,0.85,1.0,0.0
-0.1451849507921685,1,0.85,1.0,0.0
-0.1451849507921685,1,0.85,1.0,0.0
-0.1451849507921685,1,0.85,1.0,0.0
-0.1451849507921685,1,0.85,1.0,0.0
-0.1451849507921685,1,0.85,1.0,0.0
-0.1451849507921685,1,0.85,1.0,0.0
-0.1451849507921685,1,0.85,1.0,0.0
-0.1451849507921685,1,0.85,1.0,0.0
-0.1451849507921685,1,0.85,1.0,0.0
-0.1451849507921685,1,0.85,1.0,0.0
-0.1451849507921685,1,0.85,1.0,0.0
-0.1451849507921685,1,0.85,1.0,0.0
-0.1451849507921685,1,0.85,1.0,0.0
-0.1451849507921685,1,0.85,1.0,0.0
-0.1451849507921685,1,0.85,1.0,0.0
-0.1451849507921685,1,0.85,1.0,0.0
-0.1451849507921685,1,0.85,1.0,0.0
-0.1451849507921685,1,0.85,1.0,0.0
-0.1451849507921685,1,0.85,1.0,0.0
-0.1451849507921685,1,0.85,1.0,0.0
-0.1451849507921685,1,0.85,1.0,0.0
-0.1451849507921685,1,0.85,1.0,0.0
-0.1451849507921685,1,0.85,1.0,0.0
-0.1451849507921685,1,0.85,1.0,0.0
-0.1451849507921685,1,0.85,1.0,0.0
-0.1451849507921685,1,0.85,1.0,0.0
-0.1451849507921685,1,0.85,1.0,0.0
-0.1451849507921685,1,0.85,1.0,0.0
-0.1451849507921685,1,0.85,1.0,0.0
-0.1451849507921685,1,0.85,1.0,0.0
-0.1451849507921685,1,0.85,1.0,0.0
-0.1451849507921685,1,0.85,1.0,0.0
-0.1451849507921685,1,0.85,1.0,0.0
-0.1451849507921685,1,0.85,1.0,0.0
-0.1451849507921685,1,0.85,1.0,0.0
-0.1451849507921685,1,0.85,1.0,0.0
-0.1451849507921685,1,0.85,1.0,0.0
-0.1451849507921685,1,0.85,1.0,0.0
-0.1451849507921685,1,0.85,1.0,0.0
-0.1451849507921685,1,0.85,1.0,0.0
-0.1451849507921685,1,0.85,1.0,0.0
-0.1451849507921685,1,0.85,1.0,0.0
-0.1451849507921685,1,0.85,1.0,0.0
-0.1451849507921685,1,0.85,1.0,0.0
-0.1451849507921685,1,0.85,1.0,0.0
-0.1451849507921685,1,0.85,1.0,0.0
-0.1451849507921685,1,0.85,1.0,0.0
-0.1451849507921685,1,0.85,1.0,0.0
-0.1451849507921685,1,0.85,1.0,0.0
-0.1451849507921685,1,0.85,1.0,0.0
-0.1451849507921685,1,0.85,1.0,0.0
-0.1451849507921685,1,0.85,1.0,0.0
-0.1451849507921685,1,0.85,1.0,0.0
-0.1451849507921685,1,0.85,1.0,0.0
-0.1451849507921685,1,0.85,1.0,0.0
-0.1451849507921685,1,0.85,1.0,0.0
-0.1451849507921685,1,0.85,1.0,0.0
-0.1451849507921685,1,0.85,1.0,0.0
-0.1451849507921685,1,0.85,1.0,0.0
-0.1451849507921685,1,0.85,1.0,0.0
-0.1451849507921685,1,0.85,1.0,0.0
-0.1451849507921685,1,0.85,1.0,0.0
-0.1451849507921685,1,0.85,1.0,0.0
-0.1451849507921685,1,0.85,1.0,0.0
-0.1451849507921685,1,0.85,1.0,0.0
-0.1451849507921685,1,0.85,1.0,0.0
-0.1451849507921685,1,0.85,1.0,0.0
-0.1451849507921685,1,0.85,1.0,0.0
-0.1451849507921685,1,0.85,1.0,0.0
-0.1451849507921685,1,0.85,1.0,0.0
-0.1451849507921685,1,0.85,1.0,0.0
-0.1451849507921685,1,0.85,1.0,0.0
-0.1451849507921685,1,0.85,1.0,0.0
-0.1451849507921685,1,0.85,1.0,0.0
-0.1451849507921685,1,0.85,1.0,0.0
-0.1451849507921685,1,0.85,1.0,0.0
-0.1451849507921685,1,0.85,1.0,0.0
-0.1451849507921685,1,0.85,1.0,0.0
-0.1451849507921685,1,0.85,1.0,0.0
-0.1451849507921685,1,0.85,1.0,0.0
-0.1451849507921685,1,0.85,1.0,0.0
-0.1451849507921685,1,0.85,1.0,0.0
-0.1451849507921685,1,0.85,1.0,0.0
-0.1451849507921685,1,0.85,1.0,0.0
-0.1451849507921685,1,0.85,1.0,0.0
-0.1451849507921685,1,0.85,1.0,0.0
-0.1451849507921685,1,0.85,1.0,0.0
-0.1451849507921685,1,0.85,1.0,0.0
-0.1451849507921685,1,0.85,1.0,0.0
-0.1451849507921685,1,0.85,1.0,0.0
-0.1451849507921685,1,0.85,1.0,0.0
-0.1451849507921685,1,0.85,1.0,0.0
-0.1451849507921685,1,0.85,1.0,0.0
-0.1451849507921685,1,0.85,1.0,0.0
-0.1451849507921685,1,0.85,1.0,0.0
-0.1451849507921685,1,0.85,1.0,0.0
-0.1451849507921685,1,0.85,1.0,0.0
-0.1451849507921685,1,0.85,1.0,0.0
-0.1451849507921685,1,0.85,1.0,0.0
-0.1451849507921685,1,0.85,1.0,0.0
-0.1451849507921685,1,0.85,1.0,0.0
-0.1451849507921685,1,0.85,1.0,0.0
-0.1451849507921685,1,0.85,1.0,0.0
-0.1451849507921685,1,0.85,1.0,0.0
-0.1451849507921685,1,0.85,1.0,0.0
-0.1451849507921685,1,0.85,1.0,0.0
-0.1451849507921685,1,0.85,1.0,0.0
-0.1451849507921685,1,0.85,1.0,0.0
-0.1451849507921685,1,0.85,1.0,0.0
-0.1451849507921685,1,0.85,1.0,0.0
-0.1451849507921685,1,0.85,1.0,0.0
-0.1451849507921685,1,0.85,1.0,0.0
-0.1451849507921685,1,0.85,1.0,0.0
-0.1451849507921685,1,0.85,1.0,0.0
-0.1451849507921685,1,0.85,1.0,0.0
-0.1451849507921685,1,0.85,1.0,0.0
-0.1451849507921685,1,0.85,1.0,0.0
-0.1451849507921685,1,0.85,1.0,0.0
-0.1451849507921685,1,0.85,1.0,0.0
-0.1451849507921685,1,0.85,1.0,0.0
-0.1451849507921685,1,0.85,1.0,0.0
-0.1451849507921685,1,0.85,1.0,0.0
-0.1451849507921685,1,0.85,1.0,0.0
-0.1451849507921685,1,0.85,1.0,0.0
-0.1451849507921685,1,0.85,1.0,0.0
-0.1451849507921685,1,0.85,1.0,0.0
-0.1451849507921685,1,0.85,1.0,0.0
-0.1451849507921685,1,0.85,1.0,0.0
-0.1451849507921685,1,0.85,1.0,0.0
-0.1451849507921685,1,0.85,1.0,0.0
-0.1451849507921685,1,0.85,1.0,0.0
-0.1451849507921685,1,0.85,1.0,0.0
-0.1451849507921685,1,0.85,1.0,0.0
-0.1451849507921685,1,0.85,1.0,0.0
-0.1451849507921685,1,0.85,1.0,0.0
-0.1451849507921685,1,0.85,1.0,0.0
-0.1451849507921685,1,0.85,1.0,0.0
-0.1451849507921685,1,0.85,1.0,0.0
-0.1451849507921685,1,0.85,1.0,0.0
-0.1451849507921685,1,0.85,1.0,0.0
-0.1451849507921685,1,0.85,1.0,0.0
-0.1451849507921685,1,0.85,1.0,0.0
-0.1451849507921685,1,0.85,1.0,0.0
-0.1451849507921685,1,0.85,1.0,0.0
-0.1451849507921685,1,0.85,1.0,0.0
-0.1451849507921685,1,0.85,1.0,0.0
-0.1451849507921685,1,0.85,1.0,0.0
-0.1451849507921685,1,0.85,1.0,0.0
-0.1451849507921685,1,0.85,1.0,0.0
-0.1451849507921685,1,0.85,1.0,0.0
-0.1451849507921685,1,0.85,1.0,0.0
-0.1451849507921685,1,0.85,1.0,0.0
-0.1451849507921685,1,0.85,1.0,0.0
-0.1451849507921685,1,0.85,1.0,0.0
-0.1451849507921685,1,0.85,1.0,0.0
-0.1451849507921685,1,0.85,1.0,0.0
-0.1451849507921685,1,0.85,1.0,0.0
-0.1451849507921685,1,0.85,1.0,0.0
-0.1451849507921685,1,0.85,1.0,0.0
-0.1451849507921685,1,0.85,1.0,0.0
-0.1451849507921685,1,0.85,1.0,0.0
-0.1451849507921685,1,0.85,1.0,0.0
-0.1451849507921685,1,0.85,1.0,0.0
-0.1451849507921685,1,0.85,1.0,0.0
-0.1451849507921685,1,0.85,1.0,0.0
-0.1451849507921685,1,0.85,1.0,0.0
-0.1451849507921685,1,0.85,1.0,0.0
-0.1451849507921685,1,0.85,1.0,0.0
-0.1451849507921685,1,0.85,1.0,0.0
-0.1451849507921685,1,0.85,1.0,0.0
-0.1451849507921685,1,0.85,1.0,0.0
-0.1451849507921685,1,0.85,1.0,0.0
-0.1451849507921685,1,0.85,1.0,0.0
-0.1451849507921685,1,0.85,1.0,0.0
-0.1451849507921685,1,0.85,1.0,0.0
-0.1451849507921685,1,0.85,1.0,0.0
-0.1451849507921685,1,0.85,1.0,0.0
-0.1451849507921685,1,0.85,1.0,0.0
-0.1451849507921685,1,0.85,1.0,0.0
-0.1451849507921685,1,0.85,1.0,0.0
-0.1451849507921685,1,0.85,1.0,0.0
-0.1451849507921685,1,0.85,1.0,0.0
-0.1451849507921685,1,0.85,1.0,0.0
-0.1451849507921685,1,0.85,1.0,0.0
-0.1451849507921685,1,0.85,1.0,0.0
-0.1451849507921685,1,0.85,1.0,0.0
-0.1451849507921685,1,0.85,1.0,0.0
-0.1451849507921685,1,0.85,1.0,0.0
-0.1451849507921685,1,0.85,1.0,0.0
-0.1451849507921685,1,0.85,1.0,0.0
-0.1451849507921685,1,0.85,1.0,0.0
-0.1451849507921685,1,0.85,1.0,0.0
-0.1451849507921685,1,0.85,1.0,0.0
-0.1451849507921685,1,0.85,1.0,0.0
-0.1451849507921685,1,0.85,1.0,0.0
-0.1451849507921685,1,0.85,1.0,0.0
-0.1451849507921685,1,0.85,1.0,0.0
-0.1451849507921685,1,0.85,1.0,0.0
-0.1451849507921685,1,0.85,1.0,0.0
-0.1451849507921685,1,0.85,1.0,0.0
-0.1451849507921685,1,0.85,1.0,0.0
-0.1451849507921685,1,0.85,1.0,0.0
-0.1451849507921685,1,0.85,1.0,0.0
-0.1451849507921685,1,0.85,1.0,0.0
-0.1451849507921685,1,0.85,1.0,0.0
-0.1451849507921685,1,0.85,1.0,0.0
-0.1451849507921685,1,0.85,1.0,0.0
-0.1451849507921685,1,0.85,1.0,0.0
-0.1451849507921685,1,0.85,1.0,0.0
-0.1451849507921685,1,0.85,1.0,0.0
-0.1451849507921685,1,0.85,1.0,0.0
-0.1451849507921685,1,0.85,1.0,0.0
-0.1451849507921685,1,0.85,1.0,0.0
-0.1451849507921685,1,0.85,1.0,0.0
-0.1451849507921685,1,0.85,1.0,0.0
-0.1451849507921685,1,0.85,1.0,0.0
-0.1451849507921685,1,0.85,1.0,0.0
-0.1451849507921685,1,0.85,1.0,0.0
-0.1451849507921685,1,0.85,1.0,0.0
-0.1451849507921685,1,0.85,1.0,0.0
-0.1451849507921685,1,0.85,1.0,0.0
-0.1451849507921685,1,0.85,1.0,0.0
-0.1451849507921685,1,0.85,1.0,0.0
-0.1451849507921685,1,0.85,1.0,0.0
-0.1451849507921685,1,0.85,1.0,0.0
-0.1451849507921685,1,0.85,1.0,0.0
-0.1451849507921685,1,0.85,1.0,0.0
-0.1451849507921685,1,0.85,1.0,0.0
-0.1451849507921685,1,0.85,1.0,0.0
-0.1451849507921685,1,0.85,1.0,0.0
-0.1451849507921685,1,0.85,1.0,0.0
-0.1451849507921685,1,0.85,1.0,0.0
-0.1451849507921685,1,0.85,1.0,0.0
-0.1451849507921685,1,0.85,1.0,0.0
-0.1451849507921685,1,0.85,1.0,0.0
-0.1451849507921685,1,0.85,1.0,0.0
-0.1451849507921685,1,0.85,1.0,0.0
-0.1451849507921685,1,0.85,1.0,0.0
-0.1451849507921685,1,0.85,1.0,0.0
-0.1451849507921685,1,0.85,1.0,0.0
-0.1451849507921685,1,0.85,1.0,0.0
-0.1451849507921685,1,0.85,1.0,0.0
-0.1451849507921685,1,0.85,1.0,0.0
-0.1451849507921685,1,0.85,1.0,0.0
-0.1451849507921685,1,0.85,1.0,0.0
-0.1451849507921685,1,0.85,1.0,0.0
-0.1451849507921685,1,0.85,1.0,0.0
-0.1451849507921685,1,0.85,1.0,0.0
-0.1451849507921685,1,0.85,1.0,0.0
-0.1451849507921685,1,0.85,1.0,0.0
-0.1451849507921685,1,0.85,1.0,0.0
-0.1451849507921685,1,0.85,1.0,0.0
-0.1451849507921685,1,0.85,1.0,0.0
-0.1451849507921685,1,0.85,1.0,0.0
-0.1451849507921685,1,0.85,1.0,0.0
-0.1451849507921685,1,0.85,1.0,0.0
-0.1451849507921685,1,0.85,1.0,0.0
-0.1451849507921685,1,0.85,1.0,0.0
-0.1451849507921685,1,0.85,1.0,0.0
-0.1451849507921685,1,0.85,1.0,0.0
-0.1451849507921685,1,0.85,1.0,0.0
-0.1451849507921685,1,0.85,1.0,0.0
-0.1451849507921685,1,0.85,1.0,0.0
-0.1451849507921685,1,0.85,1.0,0.0
-0.1451849507921685,1,0.85,1.0,0.0
-0.1451849507921685,1,0.85,1.0,0.0
-0.1451849507921685,1,0.85,1.0,0.0
-0.1451849507921685,1,0.85,1.0,0.0
-0.1451849507921685,1,0.85,1.0,0.0
-0.1451849507921685,1,0.85,1.0,0.0
-0.1451849507921685,1,0.85,1.0,0.0
-0.1451849507921685,1,0.85,1.0,0.0
-0.1451849507921685,1,0.85,1.0,0.0
-0.1451849507921685,1,0.85,1.0,0.0
-0.1451849507921685,1,0.85,1.0,0.0
-0.1451849507921685,1,0.85,1.0,0.0
-0.1451849507921685,1,0.85,1.0,0.0
-0.1451849507921685,1,0.85,1.0,0.0
-0.1451849507921685,1,0.85,1.0,0.0
-0.1451849507921685,1,0.85,1.0,0.0
-0.1451849507921685,1,0.85,1.0,0.0
-0.1451849507921685,1,0.85,1.0,0.0
-0.1451849507921685,1,0.85,1.0,0.0
-0.1451849507921685,1,0.85,1.0,0.0
-0.1451849507921685,1,0.85,1.0,0.0
-0.1451849507921685,1,0.85,1.0,0.0
-0.1451849507921685,1,0.85,1.0,0.0
-0.1451849507921685,1,0.85,1.0,0.0
-0.1451849507921685,1,0.85,1.0,0.0
-0.1451849507921685,1,0.85,1.0,0.0
-0.1451849507921685,1,0.85,1.0,0.0
-0.1451849507921685,1,0.85,1.0,0.0
-0.1451849507921685,1,0.85,1.0,0.0
-0.1451849507921685,1,0.85,1.0,0.0
-0.1451849507921685,1,0.85,1.0,0.0
-0.1451849507921685,1,0.85,1.0,0.0
-0.1451849507921685,1,0.85,1.0,0.0
-0.1451849507921685,1,0.85,1.0,0.0
-0.1451849507921685,1,0.85,1.0,0.0
-0.1451849507921685,1,0.85,1.0,0.0
-0.1451849507921685,1,0.85,1.0,0.0
-0.1451849507921685,1,0.85,1.0,0.0
-0.1451849507921685,1,0.85,1.0,0.0
-0.1451849507921685,1,0.85,1.0,0.0
-0.1451849507921685,1,0.85,1.0,0.0
-0.1451849507921685,1,0.85,1.0,0.0
-0.1451849507921685,1,0.85,1.0,0.0
-0.1451849507921685,1,0.85,1.0,0.0
-0.1451849507921685,1,0.85,1.0,0.0
-0.1451849507921685,1,0.85,1.0,0.0
-0.1451849507921685,1,0.85,1.0,0.0
-0.1451849507921685,1,0.85,1.0,0.0
-0.1451849507921685,1,0.85,1.0,0.0
-0.1451849507921685,1,0.85,1.0,0.0
-0.1451849507921685,1,0.85,1.0,0.0
-0.1451849507921685,1,0.85,1.0,0.0
-0.1451849507921685,1,0.85,1.0,0.0
-0.1451849507921685,1,0.85,1.0,0.0
-0.1451849507921685,1,0.85,1.0,0.0
-0.1451849507921685,1,0.85,1.0,0.0
-0.1451849507921685,1,0.85,1.0,0.0
-0.1451849507921685,1,0.85,1.0,0.0
-0.1451849507921685,1,0.85,1.0,0.0
-0.1451849507921685,1,0.85,1.0,0.0
-0.1451849507921685,1,0.85,1.0,0.0
-0.1451849507921685,1,0.85,1.0,0.0
-0.1451849507921685,1,0.85,1.0,0.0
-0.1451849507921685,1,0.85,1.0,0.0
-0.1451849507921685,1,0.85,1.0,0.0
-0.1451849507921685,1,0.85,1.0,0.0
-0.1451849507921685,1,0.85,1.0,0.0
-0.1451849507921685,1,0.85,1.0,0.0
-0.1451849507921685,1,0.85,1.0,0.0
-0.1451849507921685,1,0.85,1.0,0.0
-0.1451849507921685,1,0.85,1.0,0.0
-0.1451849507921685,1,0.85,1.0,0.0
-0.1451849507921685,1,0.85,1.0,0.0
-0.1451849507921685,1,0.85,1.0,0.0
-0.1451849507921685,1,0.85,1.0,0.0
-0.1451849507921685,1,0.85,1.0,0.0
-0.1451849507921685,1,0.85,1.0,0.0
-0.1451849507921685,1,0.85,1.0,0.0
-0.1451849507921685,1,0.85,1.0,0.0
-0.1451849507921685,1,0.85,1.0,0.0
-0.1451849507921685,1,0.85,1.0,0.0
-0.1451849507921685,1,0.85,1.0,0.0
-0.1451849507921685,1,0.85,1.0,0.0
-0.1451849507921685,1,0.85,1.0,0.0
-0.1451849507921685,1,0.85,1.0,0.0
-0.1451849507921685,1,0.85,1.0,0.0
-0.1451849507921685,1,0.85,1.0,0.0
-0.1451849507921685,1,0.85,1.0,0.0
-0.1451849507921685,1,0.85,1.0,0.0
-0.1451849507921685,1,0.85,1.0,0.0
-0.1451849507921685,1,0.85,1.0,0.0
-0.1451849507921685,1,0.85,1.0,0.0
-0.1451849507921685,1,0.85,1.0,0.0
-0.1451849507921685,1,0.85,1.0,0.0
-0.1451849507921685,1,0.85,1.0,0.0
-0.1451849507921685,1,0.85,1.0,0.0
-0.1451849507921685,1,0.85,1.0,0.0
-0.1451849507921685,1,0.85,1.0,0.0
-0.1451849507921685,1,0.85,1.0,0.0
-0.1451849507921685,1,0.85,1.0,0.0
-0.1451849507921685,1,0.85,1.0,0.0
-0.1451849507921685,1,0.85,1.0,0.0
-0.1451849507921685,1,0.85,1.0,0.0
-0.1451849507921685,1,0.85,1.0,0.0
-0.1451849507921685,1,0.85,1.0,0.0
-0.1451849507921685,1,0.85,1.0,0.0
-0.1451849507921685,1,0.85,1.0,0.0
-0.1451849507921685,1,0.85,1.0,0.0
-0.1451849507921685,1,0.85,1.0,0.0
-0.1451849507921685,1,0.85,1.0,0.0
-0.1451849507921685,1,0.85,1.0,0.0
-0.1451849507921685,1,0.85,1.0,0.0
-0.1451849507921685,1,0.85,1.0,0.0
-0.1451849507921685,1,0.85,1.0,0.0
-0.1451849507921685,1,0.85,1.0,0.0
-0.1451849507921685,1,0.85,1.0,0.0
-0.1451849507921685,1,0.85,1.0,0.0
-0.1451849507921685,1,0.85,1.0,0.0
-0.1451849507921685,1,0.85,1.0,0.0
-0.1451849507921685,1,0.85,1.0,0.0
-0.1451849507921685,1,0.85,1.0,0.0
-0.1451849507921685,1,0.85,1.0,0.0
-0.1451849507921685,1,0.85,1.0,0.0
-0.1451849507921685,1,0.85,1.0,0.0
-0.1451849507921685,1,0.85,1.0,0.0
-0.1451849507921685,1,0.85,1.0,0.0
-0.1451849507921685,1,0.85,1.0,0.0
-0.1451849507921685,1,0.85,1.0,0.0
-0.1451849507921685,1,0.85,1.0,0.0
-0.1451849507921685,1,0.85,1.0,0.0
-0.1451849507921685,1,0.85,1.0,0.0
-0.1451849507921685,1,0.85,1.0,0.0
-0.1451849507921685,1,0.85,1.0,0.0
-0.1451849507921685,1,0.85,1.0,0.0
-0.1451849507921685,1,0.85,1.0,0.0
-0.1451849507921685,1,0.85,1.0,0.0
-0.1451849507921685,1,0.85,1.0,0.0
-0.1451849507921685,1,0.85,1.0,0.0
-0.1451849507921685,1,0.85,1.0,0.0
-0.1451849507921685,1,0.85,1.0,0.0
-0.1451849507921685,1,0.85,1.0,0.0
-0.1451849507921685,1,0.85,1.0,0.0
-0.1451849507921685,1,0.85,1.0,0.0
-0.1451849507921685,1,0.85,1.0,0.0
-0.1451849507921685,1,0.85,1.0,0.0
-0.1451849507921685,1,0.85,1.0,0.0
-0.1451849507921685,1,0.85,1.0,0.0
-0.1451849507921685,1,0.85,1.0,0.0
-0.1451849507921685,1,0.85,1.0,0.0
-0.1451849507921685,1,0.85,1.0,0.0
-0.1451849507921685,1,0.85,1.0,0.0
-0.1451849507921685,1,0.85,1.0,0.0
-0.1451849507921685,1,0.85,1.0,0.0
-0.1451849507921685,1,0.85,1.0,0.0
-0.1451849507921685,1,0.85,1.0,0.0
-0.1451849507921685,1,0.85,1.0,0.0
-0.1451849507921685,1,0.85,1.0,0.0
-0.1451849507921685,1,0.85,1.0,0.0
-0.1451849507921685,1,0.85,1.0,0.0
-0.1451849507921685,1,0.85,1.0,0.0
-0.1451849507921685,1,0.85,1.0,0.0
-0.1451849507921685,1,0.85,1.0,0.0
-0.1451849507921685,1,0.85,1.0,0.0
-0.1451849507921685,1,0.85,1.0,0.0
-0.1451849507921685,1,0.85,1.0,0.0
-0.1451849507921685,1,0.85,1.0,0.0
-0.1451849507921685,1,0.85,1.0,0.0
-0.1451849507921685,1,0.85,1.0,0.0
-0.1451849507921685,1,0.85,1.0,0.0
-0.1451849507921685,1,0.85,1.0,0.0
-0.1451849507921685,1,0.85,1.0,0.0
-0.1451849507921685,1,0.85,1.0,0.0
-0.1451849507921685,1,0.85,1.0,0.0
-0.1451849507921685,1,0.85,1.0,0.0
-0.1451849507921685,1,0.85,1.0,0.0
-0.1451849507921685,1,0.85,1.0,0.0
-0.1451849507921685,1,0.85,1.0,0.0
-0.1451849507921685,1,0.85,1.0,0.0
-0.1451849507921685,1,0.85,1.0,0.0
-0.1451849507921685,1,0.85,1.0,0.0
-0.1451849507921685,1,0.85,1.0,0.0
-0.1451849507921685,1,0.85,1.0,0.0
-0.1451849507921685,1,0.85,1.0,0.0
-0.1451849507921685,1,0.85,1.0,0.0
-0.1451849507921685,1,0.85,1.0,0.0
-0.1451849507921685,1,0.85,1.0,0.0
-0.1451849507921685,1,0.85,1.0,0.0
-0.1451849507921685,1,0.85,1.0,0.0
-0.1451849507921685,1,0.85,1.0,0.0
-0.1451849507921685,1,0.85,1.0,0.0
-0.1451849507921685,1,0.85,1.0,0.0
-0.1451849507921685,1,0.85,1.0,0.0
-0.1451849507921685,1,0.85,1.0,0.0
-0.1451849507921685,1,0.85,1.0,0.0
-0.1451849507921685,1,0.85,1.0,0.0
-0.1451849507921685,1,0.85,1.0,0.0
-0.1451849507921685,1,0.85,1.0,0.0
-0.1451849507921685,1,0.85,1.0,0.0
-0.1451849507921685,1,0.85,1.0,0.0
-0.1451849507921685,1,0.85,1.0,0.0
-0.1451849507921685,1,0.85,1.0,0.0
-0.1451849507921685,1,0.85,1.0,0.0
-0.1451849507921685,1,0.85,1.0,0.0
-0.1451849507921685,1,0.85,1.0,0.0
-0.1451849507921685,1,0.85,1.0,0.0
-0.1451849507921685,1,0.85,1.0,0.0
-0.1451849507921685,1,0.85,1.0,0.0
-0.1451849507921685,1,0.85,1.0,0.0
-0.1451849507921685,1,0.85,1.0,0.0
-0.1451849507921685,1,0.85,1.0,0.0
-0.1451849507921685,1,0.85,1.0,0.0
-0.1451849507921685,1,0.85,1.0,0.0
-0.1451849507921685,1,0.85,1.0,0.0
-0.1451849507921685,1,0.85,1.0,0.0
-0.1451849507921685,1,0.85,1.0,0.0
-0.1451849507921685,1,0.85,1.0,0.0
-0.1451849507921685,1,0.85,1.0,0.0
-0.1451849507921685,1,0.85,1.0,0.0
-0.1451849507921685,1,0.85,1.0,0.0
-0.1451849507921685,1,0.85,1.0,0.0
-0.1451849507921685,1,0.85,1.0,0.0
-0.1451849507921685,1,0.85,1.0,0.0
-0.1451849507921685,1,0.85,1.0,0.0
-0.1451849507921685,1,0.85,1.0,0.0
-0.1451849507921685,1,0.85,1.0,0.0
-0.1451849507921685,1,0.85,1.0,0.0
-0.1451849507921685,1,0.85,1.0,0.0
-0.1451849507921685,1,0.85,1.0,0.0
-0.1451849507921685,1,0.85,1.0,0.0
-0.1451849507921685,1,0.85,1.0,0.0
-0.1451849507921685,1,0.85,1.0,0.0
-0.1451849507921685,1,0.85,1.0,0.0
-0.1451849507921685,1,0.85,1.0,0.0
-0.1451849507921685,1,0.85,1.0,0.0
-0.1451849507921685,1,0.85,1.0,0.0
-0.1451849507921685,1,0.85,1.0,0.0
-0.1451849507921685,1,0.85,1.0,0.0
-0.1451849507921685,1,0.85,1.0,0.0
-0.1451849507921685,1,0.85,1.0,0.0
-0.1451849507921685,1,0.85,1.0,0.0
-0.1451849507921685,1,0.85,1.0,0.0
-0.1451849507921685,1,0.85,1.0,0.0
-0.1451849507921685,1,0.85,1.0,0.0
-0.1451849507921685,1,0.85,1.0,0.0
-0.1451849507921685,1,0.85,1.0,0.0
-0.1451849507921685,1,0.85,1.0,0.0
-0.1451849507921685,1,0.85,1.0,0.0
-0.1451849507921685,1,0.85,1.0,0.0
-0.1451849507921685,1,0.85,1.0,0.0
-0.1451849507921685,1,0.85,1.0,0.0
-0.1451849507921685,1,0.85,1.0,0.0
-0.1451849507921685,1,0.85,1.0,0.0
-0.1451849507921685,1,0.85,1.0,0.0
-0.1451849507921685,1,0.85,1.0,0.0
-0.1451849507921685,1,0.85,1.0,0.0
-0.1451849507921685,1,0.85,1.0,0.0
-0.1451849507921685,1,0.85,1.0,0.0
-0.1451849507921685,1,0.85,1.0,0.0
-0.1451849507921685,1,0.85,1.0,0.0
-0.1451849507921685,1,0.85,1.0,0.0
-0.1451849507921685,1,0.85,1.0,0.0
-0.1451849507921685,1,0.85,1.0,0.0
-0.1451849507921685,1,0.85,1.0,0.0
-0.1451849507921685,1,0.85,1.0,0.0
-0.1451849507921685,1,0.85,1.0,0.0
-0.1451849507921685,1,0.85,1.0,0.0
-0.1451849507921685,1,0.85,1.0,0.0
-0.1451849507921685,1,0.85,1.0,0.0
-0.1451849507921685,1,0.85,1.0,0.0
-0.1451849507921685,1,0.85,1.0,0.0
-0.1451849507921685,1,0.85,1.0,0.0
-0.1451849507921685,1,0.85,1.0,0.0
-0.1451849507921685,1,0.85,1.0,0.0
-0.1451849507921685,1,0.85,1.0,0.0
-0.1451849507921685,1,0.85,1.0,0.0
-0.1451849507921685,1,0.85,1.0,0.0
-0.1451849507921685,1,0.85,1.0,0.0
-0.1451849507921685,1,0.85,1.0,0.0
-0.1451849507921685,1,0.85,1.0,0.0
-0.1451849507921685,1,0.85,1.0,0.0
-0.1451849507921685,1,0.85,1.0,0.0
-0.1451849507921685,1,0.85,1.0,0.0
-0.1451849507921685,1,0.85,1.0,0.0
-0.1451849507921685,1,0.85,1.0,0.0
-0.1451849507921685,1,0.85,1.0,0.0
-0.1451849507921685,1,0.85,1.0,0.0
-0.1451849507921685,1,0.85,1.0,0.0
0.6484987885691768,1,0.85,1.0,0.0
-0.1451849507921685,1,0.85,1.0,0.0
0.6410112061223716,1,0.85,1.0,0.0
0.6410112061223716,1,0.85,1.0,0.0
0.6410112061223716,1,0.85,1.0,0.0
0.6410112061223716,1,0.85,1.0,0.0
0.6410112061223716,1,0.85,1.0,0.0
0.6410112061223716,1,0.85,1.0,0.0
0.6410112061223716,1,0.85,1.0,0.0
0.6335236236755666,1,0.85,1.0,0.0
0.6335236236755666,1,0.85,1.0,0.0
0.6335236236755666,1,0.85,1.0,0.0
0.6335236236755666,1,0.85,1.0,0.0
0.6335236236755666,1,0.85,1.0,0.0
0.6335236236755666,1,0.85,1.0,0.0
0.6335236236755666,1,0.85,1.0,0.0
0.6335236236755666,1,0.85,1.0,0.0
0.6335236236755666,1,0.85,1.0,0.0
0.6410112061223716,1,0.85,1.0,0.0
0.6410112061223716,1,0.85,1.0,0.0
0.6335236236755666,1,0.85,1.0,0.0
0.6335236236755666,1,0.85,1.0,0.0
0.6410112061223716,1,0.85,1.0,0.0
0.6410112061223716,1,0.85,1.0,0.0
0.6335236236755666,1,0.85,1.0,0.0
0.6335236236755666,1,0.85,1.0,0.0
0.6335236236755666,1,0.85,1.0,0.0
0.6335236236755666,1,0.85,1.0,0.0
0.6335236236755666,1,0.85,1.0,0.0
0.6335236236755666,1,0.85,1.0,0.0
0.6410112061223716,1,0.85,1.0,0.0
0.6335236236755666,1,0.85,1.0,0.0
0.6335236236755666,1,0.85,1.0,0.0
0.6335236236755666,1,0.85,1.0,0.0
0.6335236236755666,1,0.85,1.0,0.0
0.6260360412287614,1,0.85,1.0,0.0
0.6260360412287614,1,0.85,1.0,0.0
0.6335236236755666,1,0.85,1.0,0.0
0.6260360412287614,1,0.85,1.0,0.0
0.6260360412287614,1,0.85,1.0,0.0
0.6335236236755666,1,0.85,1.0,0.0
0.6335236236755666,1,0.85,1.0,0.0
0.6335236236755666,1,0.85,1.0,0.0
0.6335236236755666,1,0.85,1.0,0.0
0.6335236236755666,1,0.85,1.0,0.0
0.6335236236755666,1,0.85,1.0,0.0
0.6335236236755666,1,0.85,1.0,0.0
0.6335236236755666,1,0.85,1.0,0.0
0.6335236236755666,1,0.85,1.0,0.0
0.6335236236755666,1,0.85,1.0,0.0
0.6335236236755666,1,0.85,1.0,0.0
0.6335236236755666,1,0.85,1.0,0.0
0.6335236236755666,1,0.85,1.0,0.0
0.6335236236755666,1,0.85,1.0,0.0
0.6335236236755666,1,0.85,1.0,0.0
0.6335236236755666,1,0.85,1.0,0.0
0.6335236236755666,1,0.85,1.0,0.0
0.6260360412287614,1,0.85,1.0,0.0
0.6335236236755666,1,0.85,1.0,0.0
0.6335236236755666,1,0.85,1.0,0.0
0.6335236236755666,1,0.85,1.0,0.0
0.6335236236755666,1,0.85,1.0,0.0
0.6335236236755666,1,0.85,1.0,0.0
0.6335236236755666,1,0.85,1.0,0.0
0.6335236236755666,1,0.85,1.0,0.0
0.6335236236755666,1,0.85,1.0,0.0
0.6335236236755666,1,0.85,1.0,0.0
0.6335236236755666,1,0.85,1.0,0.0
0.6335236236755666,1,0.85,1.0,0.0
0.6260360412287614,1,0.85,1.0,0.0
0.6260360412287614,1,0.85,1.0,0.0
0.6335236236755666,1,0.85,1.0,0.0
0.6335236236755666,1,0.85,1.0,0.0
0.6335236236755666,1,0.85,1.0,0.0
0.6335236236755666,1,0.85,1.0,0.0
0.6335236236755666,1,0.85,1.0,0.0
0.6260360412287614,1,0.85,1.0,0.0
0.6260360412287614,1,0.85,1.0,0.0
0.6260360412287614,1,0.85,1.0,0.0
0.6335236236755666,1,0.85,1.0,0.0
0.6335236236755666,1,0.85,1.0,0.0
0.6335236236755666,1,0.85,1.0,0.0
0.6335236236755666,1,0.85,1.0,0.0
0.6335236236755666,1,0.85,1.0,0.0
0.6260360412287614,1,0.85,1.0,0.0
0.6335236236755666,1,0.85,1.0,0.0
0.6335236236755666,1,0.85,1.0,0.0
0.6335236236755666,1,0.85,1.0,0.0
0.6335236236755666,1,0.85,1.0,0.0
0.6335236236755666,1,0.85,1.0,0.0
0.6335236236755666,1,0.85,1.0,0.0
0.6260360412287614,1,0.85,1.0,0.0
0.6335236236755666,1,0.85,1.0,0.0
0.6260360412287614,1,0.85,1.0,0.0
0.6260360412287614,1,0.85,1.0,0.0
0.6260360412287614,1,0.85,1.0,0.0
0.6185484587819562,1,0.85,1.0,0.0
0.6185484587819562,1,0.85,1.0,0.0
0.6335236236755666,1,0.85,1.0,0.0
0.6335236236755666,1,0.85,1.0,0.0
0.6335236236755666,1,0.85,1.0,0.0
0.6335236236755666,1,0.85,1.0,0.0
0.6335236236755666,1,0.85,1.0,0.0
0.6335236236755666,1,0.85,1.0,0.0
0.6335236236755666,1,0.85,1.0,0.0
0.6335236236755666,1,0.85,1.0,0.0
0.6335236236755666,1,0.85,1.0,0.0
0.6335236236755666,1,0.85,1.0,0.0
0.6335236236755666,1,0.85,1.0,0.0
0.6335236236755666,1,0.85,1.0,0.0
0.6335236236755666,1,0.85,1.0,0.0
0.6335236236755666,1,0.85,1.0,0.0
0.6335236236755666,1,0.85,1.0,0.0
0.6335236236755666,1,0.85,1.0,0.0
0.6410112061223716,1,0.85,1.0,0.0
0.6410112061223716,1,0.85,1.0,0.0
0.6335236236755666,1,0.85,1.0,0.0
0.6410112061223716,1,0.85,1.0,0.0
0.6410112061223716,1,0.85,1.0,0.0
0.6335236236755666,1,0.85,1.0,0.0
0.6335236236755666,1,0.85,1.0,0.0
0.6335236236755666,1,0.85,1.0,0.0
0.6335236236755666,1,0.85,1.0,0.0
0.6335236236755666,1,0.85,1.0,0.0
0.6335236236755666,1,0.85,1.0,0.0
0.6335236236755666,1,0.85,1.0,0.0
0.6335236236755666,1,0.85,1.0,0.0
0.6335236236755666,1,0.85,1.0,0.0
0.6335236236755666,1,0.85,1.0,0.0
0.6335236236755666,1,0.85,1.0,0.0
0.6335236236755666,1,0.85,1.0,0.0
0.6335236236755666,1,0.85,1.0,0.0
0.6335236236755666,1,0.85,1.0,0.0
0.6335236236755666,1,0.85,1.0,0.0
0.6335236236755666,1,0.85,1.0,0.0
0.6335236236755666,1,0.85,1.0,0.0
0.6335236236755666,1,0.85,1.0,0.0
0.6335236236755666,1,0.85,1.0,0.0
0.6335236236755666,1,0.85,1.0,0.0
0.6335236236755666,1,0.85,1.0,0.0
0.6335236236755666,1,0.85,1.0,0.0
0.6335236236755666,1,0.85,1.0,0.0
0.6335236236755666,1,0.85,1.0,0.0
0.6335236236755666,1,0.85,1.0,0.0
0.6335236236755666,1,0.85,1.0,0.0
0.6335236236755666,1,0.85,1.0,0.0
0.6335236236755666,1,0.85,1.0,0.0
0.6335236236755666,1,0.85,1.0,0.0
0.6335236236755666,1,0.85,1.0,0.0
0.6335236236755666,1,0.85,1.0,0.0
0.6335236236755666,1,0.85,1.0,0.0
0.6335236236755666,1,0.85,1.0,0.0
0.6335236236755666,1,0.85,1.0,0.0
0.6335236236755666,1,0.85,1.0,0.0
0.6335236236755666,1,0.85,1.0,0.0
0.6335236236755666,1,0.85,1.0,0.0
0.6335236236755666,1,0.85,1.0,0.0
0.6335236236755666,1,0.85,1.0,0.0
0.6335236236755666,1,0.85,1.0,0.0
0.6335236236755666,1,0.85,1.0,0.0
0.6260360412287614,1,0.85,1.0,0.0
0.6335236236755666,1,0.85,1.0,0.0
0.6335236236755666,1,0.85,1.0,0.0
0.6335236236755666,1,0.85,1.0,0.0
0.6260360412287614,1,0.85,1.0,0.0
0.6260360412287614,1,0.85,1.0,0.0
0.6260360412287614,1,0.85,1.0,0.0
0.6260360412287614,1,0.85,1.0,0.0
0.6260360412287614,1,0.85,1.0,0.0
0.6260360412287614,1,0.85,1.0,0.0
0.6260360412287614,1,0.85,1.0,0.0
0.6260360412287614,1,0.85,1.0,0.0
0.6260360412287614,1,0.85,1.0,0.0
0.6260360412287614,1,0.85,1.0,0.0
0.6260360412287614,1,0.85,1.0,0.0
0.6260360412287614,1,0.85,1.0,0.0
0.6260360412287614,1,0.85,1.0,0.0
0.6335236236755666,1,0.85,1.0,0.0
0.6335236236755666,1,0.85,1.0,0.0
0.6335236236755666,1,0.85,1.0,0.0
0.6335236236755666,1,0.85,1.0,0.0
0.6335236236755666,1,0.85,1.0,0.0
0.6410112061223716,1,0.85,1.0,0.0
0.6410112061223716,1,0.85,1.0,0.0
0.6410112061223716,1,0.85,1.0,0.0
0.6410112061223716,1,0.85,1.0,0.0
0.6335236236755666,1,0.85,1.0,0.0
0.6335236236755666,1,0.85,1.0,0.0
0.6410112061223716,1,0.85,1.0,0.0
0.6335236236755666,1,0.85,1.0,0.0
0.6335236236755666,1,0.85,1.0,0.0
0.6335236236755666,1,0.85,1.0,0.0
0.6410112061223716,1,0.85,1.0,0.0
0.6410112061223716,1,0.85,1.0,0.0
0.6335236236755666,1,0.85,1.0,0.0
0.6410112061223716,1,0.85,1.0,0.0
0.6410112061223716,1,0.85,1.0,0.0
0.6410112061223716,1,0.85,1.0,0.0
0.6410112061223716,1,0.85,1.0,0.0
0.6410112061223716,1,0.85,1.0,0.0
0.6410112061223716,1,0.85,1.0,0.0
0.6410112061223716,1,0.85,1.0,0.0
0.6410112061223716,1,0.85,1.0,0.0
0.6410112061223716,1,0.85,1.0,0.0
0.6335236236755666,1,0.85,1.0,0.0
0.6335236236755666,1,0.85,1.0,0.0
0.6335236236755666,1,0.85,1.0,0.0
0.6335236236755666,1,0.85,1.0,0.0
0.6335236236755666,1,0.85,1.0,0.0
0.6410112061223716,1,0.85,1.0,0.0
0.6410112061223716,1,0.85,1.0,0.0
0.6410112061223716,1,0.85,1.0,0.0
0.6335236236755666,1,0.85,1.0,0.0
0.6410112061223716,1,0.85,1.0,0.0
0.6410112061223716,1,0.85,1.0,0.0
0.6410112061223716,1,0.85,1.0,0.0
0.6410112061223716,1,0.85,1.0,0.0
0.6410112061223716,1,0.85,1.0,0.0
0.6410112061223716,1,0.85,1.0,0.0
0.6335236236755666,1,0.85,1.0,0.0
0.6410112061223716,1,0.85,1.0,0.0
0.6410112061223716,1,0.85,1.0,0.0
0.6335236236755666,1,0.85,1.0,0.0
0.6335236236755666,1,0.85,1.0,0.0
0.6335236236755666,1,0.85,1.0,0.0
0.6410112061223716,1,0.85,1.0,0.0
0.6335236236755666,1,0.85,1.0,0.0
0.6410112061223716,1,0.85,1.0,0.0
0.6335236236755666,1,0.85,1.0,0.0
0.6410112061223716,1,0.85,1.0,0.0
0.6410112061223716,1,0.85,1.0,0.0
0.6410112061223716,1,0.85,1.0,0.0
0.6410112061223716,1,0.85,1.0,0.0
0.6410112061223716,1,0.85,1.0,0.0
0.6410112061223716,1,0.85,1.0,0.0
0.6410112061223716,1,0.85,1.0,0.0
0.6410112061223716,1,0.85,1.0,0.0
0.6410112061223716,1,0.85,1.0,0.0
0.6410112061223716,1,0.85,1.0,0.0
0.6335236236755666,1,0.85,1.0,0.0
0.6335236236755666,1,0.85,1.0,0.0
0.6335236236755666,1,0.85,1.0,0.0
0.6335236236755666,1,0.85,1.0,0.0
0.6335236236755666,1,0.85,1.0,0.0
0.6335236236755666,1,0.85,1.0,0.0
0.6335236236755666,1,0.85,1.0,0.0
0.6410112061223716,1,0.85,1.0,0.0
0.6410112061223716,1,0.85,1.0,0.0
0.6410112061223716,1,0.85,1.0,0.0
0.6410112061223716,1,0.85,1.0,0.0
0.6410112061223716,1,0.85,1.0,0.0
0.6335236236755666,1,0.85,1.0,0.0
0.6335236236755666,1,0.85,1.0,0.0
0.6335236236755666,1,0.85,1.0,0.0
0.6410112061223716,1,0.85,1.0,0.0
0.6410112061223716,1,0.85,1.0,0.0
0.6335236236755666,1,0.85,1.0,0.0
0.6335236236755666,1,0.85,1.0,0.0
0.6335236236755666,1,0.85,1.0,0.0
0.6335236236755666,1,0.85,1.0,0.0
0.6335236236755666,1,0.85,1.0,0.0
0.6335236236755666,1,0.85,1.0,0.0
0.6335236236755666,1,0.85,1.0,0.0
0.6335236236755666,1,0.85,1.0,0.0
0.6335236236755666,1,0.85,1.0,0.0
0.6410112061223716,1,0.85,1.0,0.0
0.6260360412287614,1,0.85,1.0,0.0
0.6410112061223716,1,0.85,1.0,0.0
0.6410112061223716,1,0.85,1.0,0.0
0.6410112061223716,1,0.85,1.0,0.0
0.6335236236755666,1,0.85,1.0,0.0
0.6410112061223716,1,0.85,1.0,0.0
0.6410112061223716,1,0.85,1.0,0.0
0.6410112061223716,1,0.85,1.0,0.0
0.6410112061223716,1,0.85,1.0,0.0
0.6410112061223716,1,0.85,1.0,0.0
0.6410112061223716,1,0.85,1.0,0.0
0.6410112061223716,1,0.85,1.0,0.0
0.6410112061223716,1,0.85,1.0,0.0
0.6410112061223716,1,0.85,1.0,0.0
0.6410112061223716,1,0.85,1.0,0.0
0.6410112061223716,1,0.85,1.0,0.0
0.6410112061223716,1,0.85,1.0,0.0
0.6410112061223716,1,0.85,1.0,0.0
0.6410112061223716,1,0.85,1.0,0.0
0.6410112061223716,1,0.85,1.0,0.0
0.6410112061223716,1,0.85,1.0,0.0
0.6335236236755666,1,0.85,1.0,0.0
0.6410112061223716,1,0.85,1.0,0.0
0.6410112061223716,1,0.85,1.0,0.0
0.6410112061223716,1,0.85,1.0,0.0
0.6410112061223716,1,0.85,1.0,0.0
0.6410112061223716,1,0.85,1.0,0.0
0.6410112061223716,1,0.85,1.0,0.0
0.6484987885691768,1,0.85,1.0,0.0
0.6484987885691768,1,0.85,1.0,0.0
0.6410112061223716,1,0.85,1.0,0.0
0.6484987885691768,1,0.85,1.0,0.0
0.6410112061223716,1,0.85,1.0,0.0
0.6410112061223716,1,0.85,1.0,0.0
36.43914288429776,1,0.85,1.0,1793.0000000000002
36.43914288429776,1,0.85,1.0,1793.0000000000002
37.12800046940385,1,0.85,1.0,1796.0
42.83353829386934,1,0.85,1.0,1788.0
6.9006301316514715,1,0.85,1.0,0.0
23.253510195473908,1,0.85,1.0,0.0
23.979805692814004,1,0.85,1.0,0.0
13.587041256648465,1,0.85,1.0,0.0
13.587041256648465,1,0.85,1.0,0.0
13.661917081116517,1,0.85,1.0,0.0
13.482215102393194,1,0.85,1.0,0.0
13.452264772605972,1,0.85,1.0,0.0
13.894032136967477,1,0.85,1.0,0.0
13.894032136967477,1,0.85,1.0,0.0
0.8431759321861105,1,0.85,1.0,0.0
0.8431759321861105,1,0.85,1.0,0.0
3.7932834162273372,1,0.85,1.0,0.0
0.6934242832500075,1,0.85,1.0,0.0
0.6859367008032025,1,0.85,1.0,0.0
0.8431759321861105,1,0.85,1.0,0.0
7.050381780587575,1,0.85,1.0,0.0
0.6859367008032025,1,0.85,1.0,0.0
7.020431450800355,1,0.85,1.0,0.0
7.020431450800355,1,0.85,1.0,0.0
0.6559863710159819,1,0.85,1.0,0.0
0.8207131848456951,1,0.85,1.0,0.0
0.8207131848456951,1,0.85,1.0,0.0
6.9006301316514715,1,0.85,1.0,0.0
0.6559863710159819,1,0.85,1.0,0.0
5.949707160907218,1,0.85,1.0,0.0
5.949707160907218,1,0.85,1.0,0.0
0.6559863710159819,1,0.85,1.0,0.0
0.81322560239889,1,0.85,1.0,0.0
0.81322560239889,1,0.85,1.0,0.0
0.6559863710159819,1,0.85,1.0,0.0
0.6634739534627871,1,0.85,1.0,0.0
0.6559863710159819,1,0.85,1.0,0.0
0.6559863710159819,1,0.85,1.0,0.0
0.81322560239889,1,0.85,1.0,0.0
0.81322560239889,1,0.85,1.0,0.0
4.7666691343120045,1,0.85,1.0,0.0
0.6559863710159819,1,0.85,1.0,0.0
0.6559863710159819,1,0.85,1.0,0.0
0.6559863710159819,1,0.85,1.0,0.0
0.6559863710159819,1,0.85,1.0,0.0
0.6634739534627871,1,0.85,1.0,0.0
0.81322560239889,1,0.85,1.0,0.0
1.2325302194199779,1,0.85,1.0,0.0
0.6559863710159819,1,0.85,1.0,0.0
0.81322560239889,1,0.85,1.0,0.0
0.6559863710159819,1,0.85,1.0,0.0
0.6559863710159819,1,0.85,1.0,0.0
0.81322560239889,1,0.85,1.0,0.0
0.81322560239889,1,0.85,1.0,0.0
2.9846245119723815,1,0.85,1.0,0.0
0.6559863710159819,1,0.85,1.0,0.0
0.6559863710159819,1,0.85,1.0,0.0
-0.12272220345175308,1,0.85,1.0,0.0
-0.12272220345175308,1,0.85,1.0,0.0
0.034517027931154944,1,0.85,1.0,0.0
1.569471429526209,1,0.85,1.0,0.0
-0.12272220345175308,1,0.85,1.0,0.0
0.034517027931154944,1,0.85,1.0,0.0
-0.12272220345175308,1,0.85,1.0,0.0
-0.12272220345175308,1,0.85,1.0,0.0
0.034517027931154944,1,0.85,1.0,0.0
0.034517027931154944,1,0.85,1.0,0.0
0.034517027931154944,1,0.85,1.0,0.0
-0.12272220345175308,1,0.85,1.0,0.0
-0.12272220345175308,1,0.85,1.0,0.0
0.034517027931154944,1,0.85,1.0,0.0
0.034517027931154944,1,0.85,1.0,0.0
0.034517027931154944,1,0.85,1.0,0.0
-0.12272220345175308,1,0.85,1.0,0.0
-0.12272220345175308,1,0.85,1.0,0.0
0.034517027931154944,1,0.85,1.0,0.0
0.034517027931154944,1,0.85,1.0,0.0
-0.12272220345175308,1,0.85,1.0,0.0
6.256698041226229,1,0.85,1.0,0.0
6.256698041226229,1,0.85,1.0,0.0
-0.12272220345175308,1,0.85,1.0,0.0
-0.12272220345175308,1,0.85,1.0,0.0
0.034517027931154944,1,0.85,1.0,0.0
2.4005930811215803,1,0.85,1.0,0.0
-0.12272220345175308,1,0.85,1.0,0.0
-0.12272220345175308,1,0.85,1.0,0.0
-0.12272220345175308,1,0.85,1.0,0.0
-0.12272220345175308,1,0.85,1.0,0.0
0.034517027931154944,1,0.85,1.0,0.0
5.230899246013925,1,0.85,1.0,0.0
-0.12272220345175308,1,0.85,1.0,0.0
-0.12272220345175308,1,0.85,1.0,0.0
-0.12272220345175308,1,0.85,1.0,0.0
-0.055333961430506784,1,0.85,1.0,0.0
0.034517027931154944,1,0.85,1.0,0.0
3.3739787992062493,1,0.85,1.0,0.0
-0.12272220345175308,1,0.85,1.0,0.0
0.034517027931154944,1,0.85,1.0,0.0
-0.12272220345175308,1,0.85,1.0,0.0
-0.12272220345175308,1,0.85,1.0,0.0
0.034517027931154944,1,0.85,1.0,0.0
6.241722876332619,1,0.85,1.0,0.0
-0.12272220345175308,1,0.85,1.0,0.0
0.034517027931154944,1,0.85,1.0,0.0
0.034517027931154944,1,0.85,1.0,0.0
0.01954186303754468,1,0.85,1.0,0.0
0.01954186303754468,1,0.85,1.0,0.0
-0.13769736834536336,1,0.85,1.0,0.0
-0.13769736834536336,1,0.85,1.0,0.0
0.01954186303754468,1,0.85,1.0,0.0
0.01954186303754468,1,0.85,1.0,0.0
-0.13769736834536336,1,0.85,1.0,0.0
0.01954186303754468,1,0.85,1.0,0.0
0.01954186303754468,1,0.85,1.0,0.0
-0.13769736834536336,1,0.85,1.0,0.0
-0.017896049196481068,1,0.85,1.0,0.0
-0.13769736834536336,1,0.85,1.0,0.0
-0.13769736834536336,1,0.85,1.0,0.0
0.01954186303754468,1,0.85,1.0,0.0
0.01954186303754468,1,0.85,1.0,0.0
-0.13769736834536336,1,0.85,1.0,0.0
-0.13769736834536336,1,0.85,1.0,0.0
0.01954186303754468,1,0.85,1.0,0.0
0.01954186303754468,1,0.85,1.0,0.0
-0.13769736834536336,1,0.85,1.0,0.0
-0.13769736834536336,1,0.85,1.0,0.0
-0.13769736834536336,1,0.85,1.0,0.0
-0.13769736834536336,1,0.85,1.0,0.0
0.01954186303754468,1,0.85,1.0,0.0
-0.13769736834536336,1,0.85,1.0,0.0
-0.13769736834536336,1,0.85,1.0,0.0
-0.13769736834536336,1,0.85,1.0,0.0
0.01954186303754468,1,0.85,1.0,0.0
-0.13769736834536336,1,0.85,1.0,0.0
-0.13769736834536336,1,0.85,1.0,0.0
0.01954186303754468,1,0.85,1.0,0.0
0.01954186303754468,1,0.85,1.0,0.0
-0.13769736834536336,1,0.85,1.0,0.0
-0.032871214090091354,1,0.85,1.0,0.0
0.01954186303754468,1,0.85,1.0,0.0
0.01954186303754468,1,0.85,1.0,0.0
0.01954186303754468,1,0.85,1.0,0.0
-0.13769736834536336,1,0.85,1.0,0.0
-0.13769736834536336,1,0.85,1.0,0.0
-0.13769736834536336,1,0.85,1.0,0.0
0.01954186303754468,1,0.85,1.0,0.0
0.01954186303754468,1,0.85,1.0,0.0
0.01954186303754468,1,0.85,1.0,0.0
0.01954186303754468,1,0.85,1.0,0.0
0.0045666981439343645,1,0.85,1.0,0.0
-0.13769736834536336,1,0.85,1.0,0.0
0.012054280590739508,1,0.85,1.0,0.0
0.01954186303754468,1,0.85,1.0,0.0
-0.13769736834536336,1,0.85,1.0,0.0
0.01954186303754468,1,0.85,1.0,0.0
0.01954186303754468,1,0.85,1.0,0.0
-0.13769736834536336,1,0.85,1.0,0.0
-0.13769736834536336,1,0.85,1.0,0.0
-0.13769736834536336,1,0.85,1.0,0.0
-0.13769736834536336,1,0.85,1.0,0.0
3.5686559428231828,1,0.85,1.0,0.0
-0.13769736834536336,1,0.85,1.0,0.0
-0.1451849507921685,1,0.85,1.0,0.0
-0.13769736834536336,1,0.85,1.0,0.0
-0.13769736834536336,1,0.85,1.0,0.0
-0.13769736834536336,1,0.85,1.0,0.0
0.01954186303754468,1,0.85,1.0,0.0
0.01954186303754468,1,0.85,1.0,0.0
-0.13769736834536336,1,0.85,1.0,0.0
-0.13769736834536336,1,0.85,1.0,0.0
-0.13769736834536336,1,0.85,1.0,0.0
-0.13769736834536336,1,0.85,1.0,0.0
-0.13769736834536336,1,0.85,1.0,0.0
0.01954186303754468,1,0.85,1.0,0.0
0.01954186303754468,1,0.85,1.0,0.0
-0.1451849507921685,1,0.85,1.0,0.0
-0.1451849507921685,1,0.85,1.0,0.0
-0.1451849507921685,1,0.85,1.0,0.0
-0.1451849507921685,1,0.85,1.0,0.0
-0.1451849507921685,1,0.85,1.0,0.0
-0.1451849507921685,1,0.85,1.0,0.0
-0.1451849507921685,1,0.85,1.0,0.0
-0.1451849507921685,1,0.85,1.0,0.0
-0.1451849507921685,1,0.85,1.0,0.0
-0.1451849507921685,1,0.85,1.0,0.0
-0.1451849507921685,1,0.85,1.0,0.0
-0.1451849507921685,1,0.85,1.0,0.0
-0.1451849507921685,1,0.85,1.0,0.0
-0.1451849507921685,1,0.85,1.0,0.0
-0.1451849507921685,1,0.85,1.0,0.0
-0.1451849507921685,1,0.85,1.0,0.0
-0.1451849507921685,1,0.85,1.0,0.0
-0.1451849507921685,1,0.85,1.0,0.0
-0.1451849507921685,1,0.85,1.0,0.0
-0.1451849507921685,1,0.85,1.0,0.0
-0.1451849507921685,1,0.85,1.0,0.0
-0.1451849507921685,1,0.85,1.0,0.0
-0.1451849507921685,1,0.85,1.0,0.0
-0.1451849507921685,1,0.85,1.0,0.0
-0.1451849507921685,1,0.85,1.0,0.0
-0.1451849507921685,1,0.85,1.0,0.0
-0.1451849507921685,1,0.85,1.0,0.0
-0.1451849507921685,1,0.85,1.0,0.0
-0.1451849507921685,1,0.85,1.0,0.0
-0.1451849507921685,1,0.85,1.0,0.0
-0.1451849507921685,1,0.85,1.0,0.0
-0.1451849507921685,1,0.85,1.0,0.0
-0.1451849507921685,1,0.85,1.0,0.0
-0.1451849507921685,1,0.85,1.0,0.0
-0.1451849507921685,1,0.85,1.0,0.0
-0.1451849507921685,1,0.85,1.0,0.0
-0.1451849507921685,1,0.85,1.0,0.0
-0.1451849507921685,1,0.85,1.0,0.0
-0.1451849507921685,1,0.85,1.0,0.0
-0.1451849507921685,1,0.85,1.0,0.0
-0.1451849507921685,1,0.85,1.0,0.0
-0.1451849507921685,1,0.85,1.0,0.0
-0.1451849507921685,1,0.85,1.0,0.0
-0.1451849507921685,1,0.85,1.0,0.0
-0.1451849507921685,1,0.85,1.0,0.0
-0.1451849507921685,1,0.85,1.0,0.0
-0.1451849507921685,1,0.85,1.0,0.0
-0.1451849507921685,1,0.85,1.0,0.0
-0.1451849507921685,1,0.85,1.0,0.0
-0.1451849507921685,1,0.85,1.0,0.0
-0.1451849507921685,1,0.85,1.0,0.0
-0.1451849507921685,1,0.85,1.0,0.0
-0.1451849507921685,1,0.85,1.0,0.0
-0.1451849507921685,1,0.85,1.0,0.0
-0.1451849507921685,1,0.85,1.0,0.0
-0.1451849507921685,1,0.85,1.0,0.0
-0.1451849507921685,1,0.85,1.0,0.0
-0.1451849507921685,1,0.85,1.0,0.0
-0.1451849507921685,1,0.85,1.0,0.0
-0.1451849507921685,1,0.85,1.0,0.0
-0.1451849507921685,1,0.85,1.0,0.0
-0.1451849507921685,1,0.85,1.0,0.0
-0.1451849507921685,1,0.85,1.0,0.0
-0.1451849507921685,1,0.85,1.0,0.0
-0.1451849507921685,1,0.85,1.0,0.0
-0.1451849507921685,1,0.85,1.0,0.0
-0.1451849507921685,1,0.85,1.0,0.0
-0.1451849507921685,1,0.85,1.0,0.0
-0.1451849507921685,1,0.85,1.0,0.0
-0.1451849507921685,1,0.85,1.0,0.0
-0.1451849507921685,1,0.85,1.0,0.0
-0.1451849507921685,1,0.85,1.0,0.0
-0.1451849507921685,1,0.85,1.0,0.0
-0.1451849507921685,1,0.85,1.0,0.0
-0.1451849507921685,1,0.85,1.0,0.0
-0.1451849507921685,1,0.85,1.0,0.0
-0.1451849507921685,1,0.85,1.0,0.0
-0.1451849507921685,1,0.85,1.0,0.0
-0.1451849507921685,1,0.85,1.0,0.0
-0.1451849507921685,1,0.85,1.0,0.0
-0.1451849507921685,1,0.85,1.0,0.0
-0.1451849507921685,1,0.85,1.0,0.0
-0.1451849507921685,1,0.85,1.0,0.0
-0.1451849507921685,1,0.85,1.0,0.0
-0.1451849507921685,1,0.85,1.0,0.0
-0.1451849507921685,1,0.85,1.0,0.0
-0.1451849507921685,1,0.85,1.0,0.0
-0.1451849507921685,1,0.85,1.0,0.0
-0.1451849507921685,1,0.85,1.0,0.0
-0.1451849507921685,1,0.85,1.0,0.0
-0.1451849507921685,1,0.85,1.0,0.0
-0.1451849507921685,1,0.85,1.0,0.0
-0.1451849507921685,1,0.85,1.0,0.0
-0.1451849507921685,1,0.85,1.0,0.0
-0.1451849507921685,1,0.85,1.0,0.0
-0.1451849507921685,1,0.85,1.0,0.0
-0.1451849507921685,1,0.85,1.0,0.0
-0.1451849507921685,1,0.85,1.0,0.0
-0.1451849507921685,1,0.85,1.0,0.0
-0.1451849507921685,1,0.85,1.0,0.0
-0.1451849507921685,1,0.85,1.0,0.0
-0.1451849507921685,1,0.85,1.0,0.0
-0.1451849507921685,1,0.85,1.0,0.0
-0.1451849507921685,1,0.85,1.0,0.0
-0.1451849507921685,1,0.85,1.0,0.0
-0.1451849507921685,1,0.85,1.0,0.0
-0.1451849507921685,1,0.85,1.0,0.0
-0.1451849507921685,1,0.85,1.0,0.0
-0.1451849507921685,1,0.85,1.0,0.0
-0.1451849507921685,1,0.85,1.0,0.0
-0.1451849507921685,1,0.85,1.0,0.0
-0.1451849507921685,1,0.85,1.0,0.0
-0.1451849507921685,1,0.85,1.0,0.0
-0.1451849507921685,1,0.85,1.0,0.0
-0.1451849507921685,1,0.85,1.0,0.0
-0.1451849507921685,1,0.85,1.0,0.0
-0.1451849507921685,1,0.85,1.0,0.0
-0.1451849507921685,1,0.85,1.0,0.0
-0.1451849507921685,1,0.85,1.0,0.0
-0.1451849507921685,1,0.85,1.0,0.0
-0.1451849507921685,1,0.85,1.0,0.0
-0.1451849507921685,1,0.85,1.0,0.0
-0.1451849507921685,1,0.85,1.0,0.0
-0.1451849507921685,1,0.85,1.0,0.0
-0.1451849507921685,1,0.85,1.0,0.0
-0.1451849507921685,1,0.85,1.0,0.0
-0.1451849507921685,1,0.85,1.0,0.0
-0.1451849507921685,1,0.85,1.0,0.0
-0.1451849507921685,1,0.85,1.0,0.0
-0.1451849507921685,1,0.85,1.0,0.0
-0.1451849507921685,1,0.85,1.0,0.0
-0.1451849507921685,1,0.85,1.0,0.0
-0.1451849507921685,1,0.85,1.0,0.0
-0.1451849507921685,1,0.85,1.0,0.0
-0.1451849507921685,1,0.85,1.0,0.0
-0.1451849507921685,1,0.85,1.0,0.0
-0.1451849507921685,1,0.85,1.0,0.0
-0.1451849507921685,1,0.85,1.0,0.0
-0.1451849507921685,1,0.85,1.0,0.0
-0.1451849507921685,1,0.85,1.0,0.0
-0.1451849507921685,1,0.85,1.0,0.0
-0.1451849507921685,1,0.85,1.0,0.0
-0.1451849507921685,1,0.85,1.0,0.0
-0.1451849507921685,1,0.85,1.0,0.0
-0.1451849507921685,1,0.85,1.0,0.0
-0.1451849507921685,1,0.85,1.0,0.0
-0.1451849507921685,1,0.85,1.0,0.0
-0.1451849507921685,1,0.85,1.0,0.0
-0.1451849507921685,1,0.85,1.0,0.0
-0.1451849507921685,1,0.85,1.0,0.0
-0.1451849507921685,1,0.85,1.0,0.0
-0.1451849507921685,1,0.85,1.0,0.0
-0.1451849507921685,1,0.85,1.0,0.0
-0.1451849507921685,1,0.85,1.0,0.0
-0.1451849507921685,1,0.85,1.0,0.0
-0.1451849507921685,1,0.85,1.0,0.0
-0.1451849507921685,1,0.85,1.0,0.0
-0.1451849507921685,1,0.85,1.0,0.0
-0.1451849507921685,1,0.85,1.0,0.0
-0.1451849507921685,1,0.85,1.0,0.0
-0.1451849507921685,1,0.85,1.0,0.0
-0.1451849507921685,1,0.85,1.0,0.0
-0.1451849507921685,1,0.85,1.0,0.0
-0.1451849507921685,1,0.85,1.0,0.0
-0.1451849507921685,1,0.85,1.0,0.0
-0.1451849507921685,1,0.85,1.0,0.0
-0.1451849507921685,1,0.85,1.0,0.0
-0.1451849507921685,1,0.85,1.0,0.0
-0.1451849507921685,1,0.85,1.0,0.0
-0.1451849507921685,1,0.85,1.0,0.0
-0.1451849507921685,1,0.85,1.0,0.0
-0.1451849507921685,1,0.85,1.0,0.0
-0.1451849507921685,1,0.85,1.0,0.0
-0.1451849507921685,1,0.85,1.0,0.0
-0.1451849507921685,1,0.85,1.0,0.0
-0.1451849507921685,1,0.85,1.0,0.0
-0.1451849507921685,1,0.85,1.0,0.0
-0.1451849507921685,1,0.85,1.0,0.0
-0.1451849507921685,1,0.85,1.0,0.0
-0.1451849507921685,1,0.85,1.0,0.0
-0.1451849507921685,1,0.85,1.0,0.0
-0.1451849507921685,1,0.85,1.0,0.0
-0.1451849507921685,1,0.85,1.0,0.0
-0.1451849507921685,1,0.85,1.0,0.0
-0.1451849507921685,1,0.85,1.0,0.0
-0.1451849507921685,1,0.85,1.0,0.0
-0.1451849507921685,1,0.85,1.0,0.0
-0.1451849507921685,1,0.85,1.0,0.0
-0.1451849507921685,1,0.85,1.0,0.0
-0.1451849507921685,1,0.85,1.0,0.0
-0.1451849507921685,1,0.85,1.0,0.0
-0.1451849507921685,1,0.85,1.0,0.0
-0.1451849507921685,1,0.85,1.0,0.0
-0.1451849507921685,1,0.85,1.0,0.0
-0.1451849507921685,1,0.85,1.0,0.0
-0.1451849507921685,1,0.85,1.0,0.0
-0.1451849507921685,1,0.85,1.0,0.0
-0.1451849507921685,1,0.85,1.0,0.0
-0.1451849507921685,1,0.85,1.0,0.0
-0.1451849507921685,1,0.85,1.0,0.0
-0.1451849507921685,1,0.85,1.0,0.0
-0.1451849507921685,1,0.85,1.0,0.0
-0.1451849507921685,1,0.85,1.0,0.0
-0.1451849507921685,1,0.85,1.0,0.0
-0.1451849507921685,1,0.85,1.0,0.0
-0.1451849507921685,1,0.85,1.0,0.0
-0.1451849507921685,1,0.85,1.0,0.0
-0.1451849507921685,1,0.85,1.0,0.0
-0.1451849507921685,1,0.85,1.0,0.0
-0.1451849507921685,1,0.85,1.0,0.0
-0.1451849507921685,1,0.85,1.0,0.0
-0.1451849507921685,1,0.85,1.0,0.0
-0.1451849507921685,1,0.85,1.0,0.0
-0.1451849507921685,1,0.85,1.0,0.0
-0.1451849507921685,1,0.85,1.0,0.0
-0.1451849507921685,1,0.85,1.0,0.0
-0.1451849507921685,1,0.85,1.0,0.0
-0.1451849507921685,1,0.85,1.0,0.0
-0.1451849507921685,1,0.85,1.0,0.0
-0.1451849507921685,1,0.85,1.0,0.0
-0.1451849507921685,1,0.85,1.0,0.0
-0.1451849507921685,1,0.85,1.0,0.0
-0.1451849507921685,1,0.85,1.0,0.0
-0.1451849507921685,1,0.85,1.0,0.0
-0.1451849507921685,1,0.85,1.0,0.0
-0.1451849507921685,1,0.85,1.0,0.0
-0.1451849507921685,1,0.85,1.0,0.0
-0.1451849507921685,1,0.85,1.0,0.0
-0.1451849507921685,1,0.85,1.0,0.0
-0.1451849507921685,1,0.85,1.0,0.0
-0.1451849507921685,1,0.85,1.0,0.0
-0.1451849507921685,1,0.85,1.0,0.0
-0.1451849507921685,1,0.85,1.0,0.0
-0.1451849507921685,1,0.85,1.0,0.0
-0.1451849507921685,1,0.85,1.0,0.0
-0.1451849507921685,1,0.85,1.0,0.0
-0.1451849507921685,1,0.85,1.0,0.0
-0.1451849507921685,1,0.85,1.0,0.0
-0.1451849507921685,1,0.85,1.0,0.0
-0.1451849507921685,1,0.85,1.0,0.0
-0.1451849507921685,1,0.85,1.0,0.0
-0.1451849507921685,1,0.85,1.0,0.0
-0.1451849507921685,1,0.85,1.0,0.0
-0.1451849507921685,1,0.85,1.0,0.0
-0.1451849507921685,1,0.85,1.0,0.0
-0.1451849507921685,1,0.85,1.0,0.0
-0.1451849507921685,1,0.85,1.0,0.0
-0.1451849507921685,1,0.85,1.0,0.0
-0.1451849507921685,1,0.85,1.0,0.0
-0.1451849507921685,1,0.85,1.0,0.0
-0.1451849507921685,1,0.85,1.0,0.0
-0.1451849507921685,1,0.85,1.0,0.0
-0.1451849507921685,1,0.85,1.0,0.0
-0.1451849507921685,1,0.85,1.0,0.0
-0.1451849507921685,1,0.85,1.0,0.0
-0.1451849507921685,1,0.85,1.0,0.0
-0.1451849507921685,1,0.85,1.0,0.0
-0.1451849507921685,1,0.85,1.0,0.0
-0.1451849507921685,1,0.85,1.0,0.0
-0.1451849507921685,1,0.85,1.0,0.0
-0.1451849507921685,1,0.85,1.0,0.0
-0.1451849507921685,1,0.85,1.0,0.0
-0.1451849507921685,1,0.85,1.0,0.0
-0.1451849507921685,1,0.85,1.0,0.0
-0.1451849507921685,1,0.85,1.0,0.0
-0.1451849507921685,1,0.85,1.0,0.0
-0.1451849507921685,1,0.85,1.0,0.0
-0.1451849507921685,1,0.85,1.0,0.0
-0.1451849507921685,1,0.85,1.0,0.0
-0.1451849507921685,1,0.85,1.0,0.0
-0.1451849507921685,1,0.85,1.0,0.0
-0.1451849507921685,1,0.85,1.0,0.0
-0.1451849507921685,1,0.85,1.0,0.0
-0.1451849507921685,1,0.85,1.0,0.0
-0.1451849507921685,1,0.85,1.0,0.0
-0.1451849507921685,1,0.85,1.0,0.0
-0.1451849507921685,1,0.85,1.0,0.0
-0.1451849507921685,1,0.85,1.0,0.0
-0.1451849507921685,1,0.85,1.0,0.0
-0.1451849507921685,1,0.85,1.0,0.0
-0.1451849507921685,1,0.85,1.0,0.0
-0.1451849507921685,1,0.85,1.0,0.0
-0.1451849507921685,1,0.85,1.0,0.0
-0.1451849507921685,1,0.85,1.0,0.0
-0.1451849507921685,1,0.85,1.0,0.0
-0.1451849507921685,1,0.85,1.0,0.0
-0.1451849507921685,1,0.85,1.0,0.0
-0.1451849507921685,1,0.85,1.0,0.0
-0.1451849507921685,1,0.85,1.0,0.0
-0.1451849507921685,1,0.85,1.0,0.0
-0.1451849507921685,1,0.85,1.0,0.0
-0.1451849507921685,1,0.85,1.0,0.0
-0.1451849507921685,1,0.85,1.0,0.0
-0.1451849507921685,1,0.85,1.0,0.0
-0.1451849507921685,1,0.85,1.0,0.0
-0.1451849507921685,1,0.85,1.0,0.0
-0.1451849507921685,1,0.85,1.0,0.0
-0.1451849507921685,1,0.85,1.0,0.0
-0.1451849507921685,1,0.85,1.0,0.0
-0.1451849507921685,1,0.85,1.0,0.0
-0.1451849507921685,1,0.85,1.0,0.0
-0.1451849507921685,1,0.85,1.0,0.0
-0.1451849507921685,1,0.85,1.0,0.0
-0.1451849507921685,1,0.85,1.0,0.0
-0.1451849507921685,1,0.85,1.0,0.0
-0.1451849507921685,1,0.85,1.0,0.0
-0.1451849507921685,1,0.85,1.0,0.0
-0.1451849507921685,1,0.85,1.0,0.0
-0.1451849507921685,1,0.85,1.0,0.0
-0.1451849507921685,1,0.85,1.0,0.0
-0.1451849507921685,1,0.85,1.0,0.0
-0.1451849507921685,1,0.85,1.0,0.0
-0.1451849507921685,1,0.85,1.0,0.0
-0.1451849507921685,1,0.85,1.0,0.0
-0.1451849507921685,1,0.85,1.0,0.0
-0.1451849507921685,1,0.85,1.0,0.0
-0.1451849507921685,1,0.85,1.0,0.0
-0.1451849507921685,1,0.85,1.0,0.0
-0.1451849507921685,1,0.85,1.0,0.0
-0.1451849507921685,1,0.85,1.0,0.0
-0.1451849507921685,1,0.85,1.0,0.0
-0.1451849507921685,1,0.85,1.0,0.0
-0.1451849507921685,1,0.85,1.0,0.0
-0.1451849507921685,1,0.85,1.0,0.0
-0.1451849507921685,1,0.85,1.0,0.0
-0.1451849507921685,1,0.85,1.0,0.0
-0.1451849507921685,1,0.85,1.0,0.0
-0.1451849507921685,1,0.85,1.0,0.0
-0.1451849507921685,1,0.85,1.0,0.0
-0.1451849507921685,1,0.85,1.0,0.0
-0.1451849507921685,1,0.85,1.0,0.0
-0.1451849507921685,1,0.85,1.0,0.0
-0.1451849507921685,1,0.85,1.0,0.0
-0.1451849507921685,1,0.85,1.0,0.0
-0.1451849507921685,1,0.85,1.0,0.0
-0.1451849507921685,1,0.85,1.0,0.0
-0.1451849507921685,1,0.85,1.0,0.0
-0.1451849507921685,1,0.85,1.0,0.0
-0.1451849507921685,1,0.85,1.0,0.0
-0.1451849507921685,1,0.85,1.0,0.0
-0.1451849507921685,1,0.85,1.0,0.0
-0.1451849507921685,1,0.85,1.0,0.0
-0.1451849507921685,1,0.85,1.0,0.0
-0.1451849507921685,1,0.85,1.0,0.0
-0.1451849507921685,1,0.85,1.0,0.0
-0.1451849507921685,1,0.85,1.0,0.0
-0.1451849507921685,1,0.85,1.0,0.0
-0.1451849507921685,1,0.85,1.0,0.0
-0.1451849507921685,1,0.85,1.0,0.0
-0.1451849507921685,1,0.85,1.0,0.0
-0.1451849507921685,1,0.85,1.0,0.0
-0.1451849507921685,1,0.85,1.0,0.0
-0.1451849507921685,1,0.85,1.0,0.0
-0.1451849507921685,1,0.85,1.0,0.0
-0.1451849507921685,1,0.85,1.0,0.0
-0.1451849507921685,1,0.85,1.0,0.0
-0.1451849507921685,1,0.85,1.0,0.0
-0.1451849507921685,1,0.85,1.0,0.0
-0.1451849507921685,1,0.85,1.0,0.0
-0.1451849507921685,1,0.85,1.0,0.0
-0.1451849507921685,1,0.85,1.0,0.0
-0.1451849507921685,1,0.85,1.0,0.0
-0.1451849507921685,1,0.85,1.0,0.0
-0.1451849507921685,1,0.85,1.0,0.0
-0.1451849507921685,1,0.85,1.0,0.0
-0.1451849507921685,1,0.85,1.0,0.0
-0.1451849507921685,1,0.85,1.0,0.0
-0.1451849507921685,1,0.85,1.0,0.0
-0.1451849507921685,1,0.85,1.0,0.0
-0.1451849507921685,1,0.85,1.0,0.0
-0.1451849507921685,1,0.85,1.0,0.0
-0.1451849507921685,1,0.85,1.0,0.0
-0.1451849507921685,1,0.85,1.0,0.0
-0.1451849507921685,1,0.85,1.0,0.0
-0.1451849507921685,1,0.85,1.0,0.0
-0.1451849507921685,1,0.85,1.0,0.0
-0.1451849507921685,1,0.85,1.0,0.0
-0.1451849507921685,1,0.85,1.0,0.0
-0.1451849507921685,1,0.85,1.0,0.0
-0.1451849507921685,1,0.85,1.0,0.0
-0.1451849507921685,1,0.85,1.0,0.0
-0.1451849507921685,1,0.85,1.0,0.0
-0.1451849507921685,1,0.85,1.0,0.0
-0.1451849507921685,1,0.85,1.0,0.0
-0.1451849507921685,1,0.85,1.0,0.0
-0.1451849507921685,1,0.85,1.0,0.0
-0.1451849507921685,1,0.85,1.0,0.0
-0.1451849507921685,1,0.85,1.0,0.0
-0.1451849507921685,1,0.85,1.0,0.0
-0.1451849507921685,1,0.85,1.0,0.0
-0.1451849507921685,1,0.85,1.0,0.0
-0.1451849507921685,1,0.85,1.0,0.0
-0.1451849507921685,1,0.85,1.0,0.0
-0.1451849507921685,1,0.85,1.0,0.0
-0.1451849507921685,1,0.85,1.0,0.0
-0.1451849507921685,1,0.85,1.0,0.0
-0.1451849507921685,1,0.85,1.0,0.0
-0.1451849507921685,1,0.85,1.0,0.0
-0.1451849507921685,1,0.85,1.0,0.0
-0.1451849507921685,1,0.85,1.0,0.0
-0.1451849507921685,1,0.85,1.0,0.0
-0.1451849507921685,1,0.85,1.0,0.0
-0.1451849507921685,1,0.85,1.0,0.0
-0.1451849507921685,1,0.85,1.0,0.0
-0.1451849507921685,1,0.85,1.0,0.0
-0.1451849507921685,1,0.85,1.0,0.0
-0.1451849507921685,1,0.85,1.0,0.0
-0.1451849507921685,1,0.85,1.0,0.0
-0.1451849507921685,1,0.85,1.0,0.0
-0.1451849507921685,1,0.85,1.0,0.0
-0.1451849507921685,1,0.85,1.0,0.0
-0.1451849507921685,1,0.85,1.0,0.0
-0.1451849507921685,1,0.85,1.0,0.0
-0.1451849507921685,1,0.85,1.0,0.0
-0.1451849507921685,1,0.85,1.0,0.0
-0.1451849507921685,1,0.85,1.0,0.0
-0.1451849507921685,1,0.85,1.0,0.0
-0.1451849507921685,1,0.85,1.0,0.0
-0.1451849507921685,1,0.85,1.0,0.0
-0.1451849507921685,1,0.85,1.0,0.0
-0.1451849507921685,1,0.85,1.0,0.0
-0.1451849507921685,1,0.85,1.0,0.0
-0.1451849507921685,1,0.85,1.0,0.0
-0.1451849507921685,1,0.85,1.0,0.0
-0.1451849507921685,1,0.85,1.0,0.0
-0.1451849507921685,1,0.85,1.0,0.0
-0.1451849507921685,1,0.85,1.0,0.0
-0.1451849507921685,1,0.85,1.0,0.0
-0.1451849507921685,1,0.85,1.0,0.0
-0.1451849507921685,1,0.85,1.0,0.0
-0.1451849507921685,1,0.85,1.0,0.0
-0.1451849507921685,1,0.85,1.0,0.0
-0.1451849507921685,1,0.85,1.0,0.0
-0.1451849507921685,1,0.85,1.0,0.0
-0.1451849507921685,1,0.85,1.0,0.0
-0.1451849507921685,1,0.85,1.0,0.0
-0.1451849507921685,1,0.85,1.0,0.0
-0.1451849507921685,1,0.85,1.0,0.0
-0.1451849507921685,1,0.85,1.0,0.0
-0.1451849507921685,1,0.85,1.0,0.0
-0.1451849507921685,1,0.85,1.0,0.0
-0.1451849507921685,1,0.85,1.0,0.0
-0.1451849507921685,1,0.85,1.0,0.0
-0.1451849507921685,1,0.85,1.0,0.0
-0.1451849507921685,1,0.85,1.0,0.0
-0.1451849507921685,1,0.85,1.0,0.0
-0.1451849507921685,1,0.85,1.0,0.0
-0.1451849507921685,1,0.85,1.0,0.0
-0.1451849507921685,1,0.85,1.0,0.0
-0.1451849507921685,1,0.85,1.0,0.0
-0.1451849507921685,1,0.85,1.0,0.0
-0.1451849507921685,1,0.85,1.0,0.0
-0.1451849507921685,1,0.85,1.0,0.0
-0.1451849507921685,1,0.85,1.0,0.0
-0.1451849507921685,1,0.85,1.0,0.0
-0.1451849507921685,1,0.85,1.0,0.0
-0.1451849507921685,1,0.85,1.0,0.0
-0.1451849507921685,1,0.85,1.0,0.0
-0.1451849507921685,1,0.85,1.0,0.0
-0.1451849507921685,1,0.85,1.0,0.0
-0.1451849507921685,1,0.85,1.0,0.0
-0.1451849507921685,1,0.85,1.0,0.0
-0.1451849507921685,1,0.85,1.0,0.0
-0.1451849507921685,1,0.85,1.0,0.0
-0.1451849507921685,1,0.85,1.0,0.0
-0.1451849507921685,1,0.85,1.0,0.0
-0.1451849507921685,1,0.85,1.0,0.0
-0.1451849507921685,1,0.85,1.0,0.0
-0.1451849507921685,1,0.85,1.0,0.0
-0.1451849507921685,1,0.85,1.0,0.0
-0.1451849507921685,1,0.85,1.0,0.0
-0.1451849507921685,1,0.85,1.0,0.0
-0.1451849507921685,1,0.85,1.0,0.0
-0.1451849507921685,1,0.85,1.0,0.0
-0.1451849507921685,1,0.85,1.0,0.0
-0.1451849507921685,1,0.85,1.0,0.0
-0.1451849507921685,1,0.85,1.0,0.0
-0.1451849507921685,1,0.85,1.0,0.0
-0.1451849507921685,1,0.85,1.0,0.0
-0.1451849507921685,1,0.85,1.0,0.0
-0.1451849507921685,1,0.85,1.0,0.0
-0.1451849507921685,1,0.85,1.0,0.0
-0.1451849507921685,1,0.85,1.0,0.0
-0.1451849507921685,1,0.85,1.0,0.0
-0.1451849507921685,1,0.85,1.0,0.0
-0.1451849507921685,1,0.85,1.0,0.0
-0.1451849507921685,1,0.85,1.0,0.0
-0.1451849507921685,1,0.85,1.0,0.0
-0.1451849507921685,1,0.85,1.0,0.0
-0.1451849507921685,1,0.85,1.0,0.0
-0.1451849507921685,1,0.85,1.0,0.0
-0.1451849507921685,1,0.85,1.0,0.0
-0.1451849507921685,1,0.85,1.0,0.0
-0.1451849507921685,1,0.85,1.0,0.0
-0.1451849507921685,1,0.85,1.0,0.0
-0.1451849507921685,1,0.85,1.0,0.0
-0.1451849507921685,1,0.85,1.0,0.0
-0.1451849507921685,1,0.85,1.0,0.0
-0.1451849507921685,1,0.85,1.0,0.0
-0.1451849507921685,1,0.85,1.0,0.0
-0.1451849507921685,1,0.85,1.0,0.0
-0.1451849507921685,1,0.85,1.0,0.0
-0.1451849507921685,1,0.85,1.0,0.0
-0.1451849507921685,1,0.85,1.0,0.0
-0.1451849507921685,1,0.85,1.0,0.0
-0.1451849507921685,1,0.85,1.0,0.0
-0.1451849507921685,1,0.85,1.0,0.0
-0.1451849507921685,1,0.85,1.0,0.0
-0.1451849507921685,1,0.85,1.0,0.0
-0.1451849507921685,1,0.85,1.0,0.0
-0.1451849507921685,1,0.85,1.0,0.0
-0.1451849507921685,1,0.85,1.0,0.0
-0.1451849507921685,1,0.85,1.0,0.0
-0.1451849507921685,1,0.85,1.0,0.0
-0.1451849507921685,1,0.85,1.0,0.0
-0.1451849507921685,1,0.85,1.0,0.0
-0.1451849507921685,1,0.85,1.0,0.0
-0.1451849507921685,1,0.85,1.0,0.0
-0.1451849507921685,1,0.85,1.0,0.0
-0.1451849507921685,1,0.85,1.0,0.0
-0.1451849507921685,1,0.85,1.0,0.0
-0.1451849507921685,1,0.85,1.0,0.0
-0.1451849507921685,1,0.85,1.0,0.0
-0.1451849507921685,1,0.85,1.0,0.0
-0.1451849507921685,1,0.85,1.0,0.0
-0.1451849507921685,1,0.85,1.0,0.0
-0.1451849507921685,1,0.85,1.0,0.0
-0.1451849507921685,1,0.85,1.0,0.0
-0.1451849507921685,1,0.85,1.0,0.0
-0.1451849507921685,1,0.85,1.0,0.0
-0.1451849507921685,1,0.85,1.0,0.0
-0.1451849507921685,1,0.85,1.0,0.0
-0.1451849507921685,1,0.85,1.0,0.0
-0.1451849507921685,1,0.85,1.0,0.0
-0.1451849507921685,1,0.85,1.0,0.0
-0.1451849507921685,1,0.85,1.0,0.0
-0.1451849507921685,1,0.85,1.0,0.0
-0.1451849507921685,1,0.85,1.0,0.0
-0.1451849507921685,1,0.85,1.0,0.0
-0.1451849507921685,1,0.85,1.0,0.0
-0.1451849507921685,1,0.85,1.0,0.0
-0.1451849507921685,1,0.85,1.0,0.0
-0.1451849507921685,1,0.85,1.0,0.0
-0.1451849507921685,1,0.85,1.0,0.0
-0.1451849507921685,1,0.85,1.0,0.0
-0.1451849507921685,1,0.85,1.0,0.0
-0.1451849507921685,1,0.85,1.0,0.0
-0.1451849507921685,1,0.85,1.0,0.0
-0.1451849507921685,1,0.85,1.0,0.0
-0.1451849507921685,1,0.85,1.0,0.0
-0.1451849507921685,1,0.85,1.0,0.0
-0.1451849507921685,1,0.85,1.0,0.0
-0.1451849507921685,1,0.85,1.0,0.0
-0.1451849507921685,1,0.85,1.0,0.0
-0.1451849507921685,1,0.85,1.0,0.0
-0.1451849507921685,1,0.85,1.0,0.0
-0.1451849507921685,1,0.85,1.0,0.0
-0.1451849507921685,1,0.85,1.0,0.0
-0.1451849507921685,1,0.85,1.0,0.0
-0.1451849507921685,1,0.85,1.0,0.0
-0.1451849507921685,1,0.85,1.0,0.0
-0.1451849507921685,1,0.85,1.0,0.0
-0.1451849507921685,1,0.85,1.0,0.0
-0.1451849507921685,1,0.85,1.0,0.0
-0.1451849507921685,1,0.85,1.0,0.0
-0.1451849507921685,1,0.85,1.0,0.0
-0.1451849507921685,1,0.85,1.0,0.0
-0.1451849507921685,1,0.85,1.0,0.0
-0.1451849507921685,1,0.85,1.0,0.0
-0.1451849507921685,1,0.85,1.0,0.0
-0.1451849507921685,1,0.85,1.0,0.0
-0.1451849507921685,1,0.85,1.0,0.0
-0.1451849507921685,1,0.85,1.0,0.0
-0.1451849507921685,1,0.85,1.0,0.0
-0.1451849507921685,1,0.85,1.0,0.0
-0.1451849507921685,1,0.85,1.0,0.0
-0.1451849507921685,1,0.85,1.0,0.0
-0.1451849507921685,1,0.85,1.0,0.0
-0.1451849507921685,1,0.85,1.0,0.0
-0.1451849507921685,1,0.85,1.0,0.0
-0.1451849507921685,1,0.85,1.0,0.0
-0.1451849507921685,1,0.85,1.0,0.0
-0.1451849507921685,1,0.85,1.0,0.0
-0.1451849507921685,1,0.85,1.0,0.0
-0.1451849507921685,1,0.85,1.0,0.0
-0.1451849507921685,1,0.85,1.0,0.0
-0.1451849507921685,1,0.85,1.0,0.0
-0.1451849507921685,1,0.85,1.0,0.0
-0.1451849507921685,1,0.85,1.0,0.0
-0.1451849507921685,1,0.85,1.0,0.0
-0.1451849507921685,1,0.85,1.0,0.0
-0.1451849507921685,1,0.85,1.0,0.0
-0.1451849507921685,1,0.85,1.0,0.0
-0.1451849507921685,1,0.85,1.0,0.0
-0.1451849507921685,1,0.85,1.0,0.0
-0.1451849507921685,1,0.85,1.0,0.0
-0.1451849507921685,1,0.85,1.0,0.0
-0.1451849507921685,1,0.85,1.0,0.0
-0.1451849507921685,1,0.85,1.0,0.0
-0.1451849507921685,1,0.85,1.0,0.0
-0.1451849507921685,1,0.85,1.0,0.0
-0.1451849507921685,1,0.85,1.0,0.0
-0.1451849507921685,1,0.85,1.0,0.0
-0.1451849507921685,1,0.85,1.0,0.0
-0.1451849507921685,1,0.85,1.0,0.0
-0.1451849507921685,1,0.85,1.0,0.0
-0.1451849507921685,1,0.85,1.0,0.0
-0.1451849507921685,1,0.85,1.0,0.0
-0.1451849507921685,1,0.85,1.0,0.0
-0.1451849507921685,1,0.85,1.0,0.0
-0.1451849507921685,1,0.85,1.0,0.0
-0.1451849507921685,1,0.85,1.0,0.0
-0.1451849507921685,1,0.85,1.0,0.0
-0.1451849507921685,1,0.85,1.0,0.0
-0.1451849507921685,1,0.85,1.0,0.0
-0.1451849507921685,1,0.85,1.0,0.0
-0.1451849507921685,1,0.85,1.0,0.0
-0.1451849507921685,1,0.85,1.0,0.0
-0.1451849507921685,1,0.85,1.0,0.0
-0.1451849507921685,1,0.85,1.0,0.0
-0.1451849507921685,1,0.85,1.0,0.0
-0.1451849507921685,1,0.85,1.0,0.0
-0.1451849507921685,1,0.85,1.0,0.0
-0.1451849507921685,1,0.85,1.0,0.0
-0.1451849507921685,1,0.85,1.0,0.0
-0.1451849507921685,1,0.85,1.0,0.0
-0.1451849507921685,1,0.85,1.0,0.0
-0.1451849507921685,1,0.85,1.0,0.0
-0.1451849507921685,1,0.85,1.0,0.0
-0.1451849507921685,1,0.85,1.0,0.0
-0.1451849507921685,1,0.85,1.0,0.0
-0.1451849507921685,1,0.85,1.0,0.0
-0.1451849507921685,1,0.85,1.0,0.0
-0.1451849507921685,1,0.85,1.0,0.0
-0.1451849507921685,1,0.85,1.0,0.0
-0.1451849507921685,1,0.85,1.0,0.0
-0.1451849507921685,1,0.85,1.0,0.0
-0.1451849507921685,1,0.85,1.0,0.0
-0.1451849507921685,1,0.85,1.0,0.0
-0.1451849507921685,1,0.85,1.0,0.0
-0.1451849507921685,1,0.85,1.0,0.0
-0.1451849507921685,1,0.85,1.0,0.0
-0.1451849507921685,1,0.85,1.0,0.0
-0.1451849507921685,1,0.85,1.0,0.0
-0.1451849507921685,1,0.85,1.0,0.0
-0.1451849507921685,1,0.85,1.0,0.0
-0.1451849507921685,1,0.85,1.0,0.0
-0.1451849507921685,1,0.85,1.0,0.0
-0.1451849507921685,1,0.85,1.0,0.0
-0.1451849507921685,1,0.85,1.0,0.0
-0.1451849507921685,1,0.85,1.0,0.0
-0.1451849507921685,1,0.85,1.0,0.0
-0.1451849507921685,1,0.85,1.0,0.0
-0.1451849507921685,1,0.85,1.0,0.0
-0.1451849507921685,1,0.85,1.0,0.0
-0.1451849507921685,1,0.85,1.0,0.0
-0.1451849507921685,1,0.85,1.0,0.0
-0.1451849507921685,1,0.85,1.0,0.0
-0.1451849507921685,1,0.85,1.0,0.0
-0.1451849507921685,1,0.85,1.0,0.0
-0.1451849507921685,1,0.85,1.0,0.0
-0.1451849507921685,1,0.85,1.0,0.0
-0.1451849507921685,1,0.85,1.0,0.0
-0.1451849507921685,1,0.85,1.0,0.0
-0.1451849507921685,1,0.85,1.0,0.0
-0.1451849507921685,1,0.85,1.0,0.0
-0.1451849507921685,1,0.85,1.0,0.0
-0.1451849507921685,1,0.85,1.0,0.0
-0.1451849507921685,1,0.85,1.0,0.0
-0.1451849507921685,1,0.85,1.0,0.0
-0.1451849507921685,1,0.85,1.0,0.0
-0.1451849507921685,1,0.85,1.0,0.0
-0.1451849507921685,1,0.85,1.0,0.0
-0.1451849507921685,1,0.85,1.0,0.0
-0.1451849507921685,1,0.85,1.0,0.0
-0.1451849507921685,1,0.85,1.0,0.0
-0.1451849507921685,1,0.85,1.0,0.0
-0.1451849507921685,1,0.85,1.0,0.0
-0.1451849507921685,1,0.85,1.0,0.0
-0.1451849507921685,1,0.85,1.0,0.0
-0.1451849507921685,1,0.85,1.0,0.0
-0.1451849507921685,1,0.85,1.0,0.0
-0.1451849507921685,1,0.85,1.0,0.0
-0.1451849507921685,1,0.85,1.0,0.0
-0.1451849507921685,1,0.85,1.0,0.0
-0.1451849507921685,1,0.85,1.0,0.0
-0.1451849507921685,1,0.85,1.0,0.0
-0.1451849507921685,1,0.85,1.0,0.0
-0.1451849507921685,1,0.85,1.0,0.0
-0.1451849507921685,1,0.85,1.0,0.0
-0.1451849507921685,1,0.85,1.0,0.0
-0.1451849507921685,1,0.85,1.0,0.0
-0.1451849507921685,1,0.85,1.0,0.0
-0.1451849507921685,1,0.85,1.0,0.0
-0.1451849507921685,1,0.85,1.0,0.0
-0.1451849507921685,1,0.85,1.0,0.0
-0.1451849507921685,1,0.85,1.0,0.0
-0.1451849507921685,1,0.85,1.0,0.0
-0.1451849507921685,1,0.85,1.0,0.0
-0.1451849507921685,1,0.85,1.0,0.0
-0.1451849507921685,1,0.85,1.0,0.0
-0.1451849507921685,1,0.85,1.0,0.0
-0.1451849507921685,1,0.85,1.0,0.0
-0.1451849507921685,1,0.85,1.0,0.0
-0.1451849507921685,1,0.85,1.0,0.0
-0.1451849507921685,1,0.85,1.0,0.0
-0.1451849507921685,1,0.85,1.0,0.0
-0.1451849507921685,1,0.85,1.0,0.0
-0.1451849507921685,1,0.85,1.0,0.0
-0.1451849507921685,1,0.85,1.0,0.0
-0.1451849507921685,1,0.85,1.0,0.0
-0.1451849507921685,1,0.85,1.0,0.0
-0.1451849507921685,1,0.85,1.0,0.0
-0.1451849507921685,1,0.85,1.0,0.0
-0.1451849507921685,1,0.85,1.0,0.0
-0.1451849507921685,1,0.85,1.0,0.0
-0.1451849507921685,1,0.85,1.0,0.0
-0.1451849507921685,1,0.85,1.0,0.0
-0.1451849507921685,1,0.85,1.0,0.0
-0.1451849507921685,1,0.85,1.0,0.0
-0.1451849507921685,1,0.85,1.0,0.0
-0.1451849507921685,1,0.85,1.0,0.0
-0.1451849507921685,1,0.85,1.0,0.0
-0.1451849507921685,1,0.85,1.0,0.0
-0.1451849507921685,1,0.85,1.0,0.0
-0.1451849507921685,1,0.85,1.0,0.0
-0.1451849507921685,1,0.85,1.0,0.0
-0.1451849507921685,1,0.85,1.0,0.0
-0.1451849507921685,1,0.85,1.0,0.0
-0.1451849507921685,1,0.85,1.0,0.0
-0.1451849507921685,1,0.85,1.0,0.0
-0.1451849507921685,1,0.85,1.0,0.0
-0.1451849507921685,1,0.85,1.0,0.0
-0.1451849507921685,1,0.85,1.0,0.0
-0.1451849507921685,1,0.85,1.0,0.0
-0.1451849507921685,1,0.85,1.0,0.0
-0.1451849507921685,1,0.85,1.0,0.0
-0.1451849507921685,1,0.85,1.0,0.0
-0.1451849507921685,1,0.85,1.0,0.0
-0.1451849507921685,1,0.85,1.0,0.0
-0.1451849507921685,1,0.85,1.0,0.0
-0.1451849507921685,1,0.85,1.0,0.0
-0.1451849507921685,1,0.85,1.0,0.0
-0.1451849507921685,1,0.85,1.0,0.0
-0.1451849507921685,1,0.85,1.0,0.0
-0.1451849507921685,1,0.85,1.0,0.0
-0.1451849507921685,1,0.85,1.0,0.0
-0.1451849507921685,1,0.85,1.0,0.0
-0.1451849507921685,1,0.85,1.0,0.0
-0.1451849507921685,1,0.85,1.0,0.0
-0.1451849507921685,1,0.85,1.0,0.0
-0.1451849507921685,1,0.85,1.0,0.0
-0.1451849507921685,1,0.85,1.0,0.0
-0.1451849507921685,1,0.85,1.0,0.0
-0.1451849507921685,1,0.85,1.0,0.0
-0.1451849507921685,1,0.85,1.0,0.0
-0.1451849507921685,1,0.85,1.0,0.0
-0.1451849507921685,1,0.85,1.0,0.0
-0.1451849507921685,1,0.85,1.0,0.0
-0.1451849507921685,1,0.85,1.0,0.0
-0.1451849507921685,1,0.85,1.0,0.0
-0.1451849507921685,1,0.85,1.0,0.0
-0.1451849507921685,1,0.85,1.0,0.0
-0.1451849507921685,1,0.85,1.0,0.0
-0.1451849507921685,1,0.85,1.0,0.0
-0.1451849507921685,1,0.85,1.0,0.0
-0.1451849507921685,1,0.85,1.0,0.0
-0.1451849507921685,1,0.85,1.0,0.0
-0.1451849507921685,1,0.85,1.0,0.0
-0.1451849507921685,1,0.85,1.0,0.0
-0.1451849507921685,1,0.85,1.0,0.0
-0.1451849507921685,1,0.85,1.0,0.0
-0.1451849507921685,1,0.85,1.0,0.0
-0.1451849507921685,1,0.85,1.0,0.0
-0.1451849507921685,1,0.85,1.0,0.0
-0.1451849507921685,1,0.85,1.0,0.0
-0.1451849507921685,1,0.85,1.0,0.0
-0.1451849507921685,1,0.85,1.0,0.0
-0.1451849507921685,1,0.85,1.0,0.0
-0.1451849507921685,1,0.85,1.0,0.0
-0.1451849507921685,1,0.85,1.0,0.0
-0.1451849507921685,1,0.85,1.0,0.0
-0.1451849507921685,1,0.85,1.0,0.0
-0.1451849507921685,1,0.85,1.0,0.0
-0.1451849507921685,1,0.85,1.0,0.0
-0.1451849507921685,1,0.85,1.0,0.0
-0.1451849507921685,1,0.85,1.0,0.0
-0.1451849507921685,1,0.85,1.0,0.0
-0.1451849507921685,1,0.85,1.0,0.0
-0.1451849507921685,1,0.85,1.0,0.0
-0.1451849507921685,1,0.85,1.0,0.0
-0.1451849507921685,1,0.85,1.0,0.0
-0.1451849507921685,1,0.85,1.0,0.0
-0.1451849507921685,1,0.85,1.0,0.0
-0.1451849507921685,1,0.85,1.0,0.0
-0.1451849507921685,1,0.85,1.0,0.0
-0.1451849507921685,1,0.85,1.0,0.0
-0.1451849507921685,1,0.85,1.0,0.0
-0.1451849507921685,1,0.85,1.0,0.0
-0.1451849507921685,1,0.85,1.0,0.0
-0.1451849507921685,1,0.85,1.0,0.0
-0.1451849507921685,1,0.85,1.0,0.0
-0.1451849507921685,1,0.85,1.0,0.0
-0.1451849507921685,1,0.85,1.0,0.0
-0.1451849507921685,1,0.85,1.0,0.0
-0.1451849507921685,1,0.85,1.0,0.0
-0.1451849507921685,1,0.85,1.0,0.0
-0.1451849507921685,1,0.85,1.0,0.0
-0.1451849507921685,1,0.85,1.0,0.0
-0.1451849507921685,1,0.85,1.0,0.0
-0.1451849507921685,1,0.85,1.0,0.0
-0.1451849507921685,1,0.85,1.0,0.0
-0.1451849507921685,1,0.85,1.0,0.0
-0.1451849507921685,1,0.85,1.0,0.0
-0.1451849507921685,1,0.85,1.0,0.0
-0.1451849507921685,1,0.85,1.0,0.0
-0.1451849507921685,1,0.85,1.0,0.0
-0.1451849507921685,1,0.85,1.0,0.0
-0.1451849507921685,1,0.85,1.0,0.0
-0.1451849507921685,1,0.85,1.0,0.0
-0.1451849507921685,1,0.85,1.0,0.0
-0.1451849507921685,1,0.85,1.0,0.0
-0.1451849507921685,1,0.85,1.0,0.0
-0.1451849507921685,1,0.85,1.0,0.0
-0.1451849507921685,1,0.85,1.0,0.0
-0.1451849507921685,1,0.85,1.0,0.0
-0.1451849507921685,1,0.85,1.0,0.0
-0.1451849507921685,1,0.85,1.0,0.0
-0.1451849507921685,1,0.85,1.0,0.0
-0.1451849507921685,1,0.85,1.0,0.0
-0.1451849507921685,1,0.85,1.0,0.0
-0.1451849507921685,1,0.85,1.0,0.0
-0.1451849507921685,1,0.85,1.0,0.0
-0.1451849507921685,1,0.85,1.0,0.0
-0.1451849507921685,1,0.85,1.0,0.0
-0.1451849507921685,1,0.85,1.0,0.0
-0.1451849507921685,1,0.85,1.0,0.0
-0.1451849507921685,1,0.85,1.0,0.0
-0.1451849507921685,1,0.85,1.0,0.0
-0.1451849507921685,1,0.85,1.0,0.0
-0.1451849507921685,1,0.85,1.0,0.0
-0.1451849507921685,1,0.85,1.0,0.0
-0.1451849507921685,1,0.85,1.0,0.0
-0.1451849507921685,1,0.85,1.0,0.0
-0.1451849507921685,1,0.85,1.0,0.0
-0.1451849507921685,1,0.85,1.0,0.0
-0.1451849507921685,1,0.85,1.0,0.0
-0.1451849507921685,1,0.85,1.0,0.0
-0.1451849507921685,1,0.85,1.0,0.0
-0.1451849507921685,1,0.85,1.0,0.0
-0.1451849507921685,1,0.85,1.0,0.0
-0.1451849507921685,1,0.85,1.0,0.0
-0.1451849507921685,1,0.85,1.0,0.0
-0.1451849507921685,1,0.85,1.0,0.0
-0.1451849507921685,1,0.85,1.0,0.0
-0.1451849507921685,1,0.85,1.0,0.0
-0.1451849507921685,1,0.85,1.0,0.0
-0.1451849507921685,1,0.85,1.0,0.0
-0.1451849507921685,1,0.85,1.0,0.0
-0.1451849507921685,1,0.85,1.0,0.0
-0.1451849507921685,1,0.85,1.0,0.0
-0.1451849507921685,1,0.85,1.0,0.0
-0.1451849507921685,1,0.85,1.0,0.0
-0.1451849507921685,1,0.85,1.0,0.0
-0.1451849507921685,1,0.85,1.0,0.0
-0.1451849507921685,1,0.85,1.0,0.0
-0.1451849507921685,1,0.85,1.0,0.0
-0.1451849507921685,1,0.85,1.0,0.0
-0.1451849507921685,1,0.85,1.0,0.0
-0.1451849507921685,1,0.85,1.0,0.0
-0.1451849507921685,1,0.85,1.0,0.0
-0.1451849507921685,1,0.85,1.0,0.0
-0.1451849507921685,1,0.85,1.0,0.0
-0.1451849507921685,1,0.85,1.0,0.0
-0.1451849507921685,1,0.85,1.0,0.0
-0.1451849507921685,1,0.85,1.0,0.0
-0.1451849507921685,1,0.85,1.0,0.0
-0.1451849507921685,1,0.85,1.0,0.0
-0.1451849507921685,1,0.85,1.0,0.0
-0.1451849507921685,1,0.85,1.0,0.0
-0.1451849507921685,1,0.85,1.0,0.0
-0.1451849507921685,1,0.85,1.0,0.0
-0.1451849507921685,1,0.85,1.0,0.0
-0.1451849507921685,1,0.85,1.0,0.0
-0.1451849507921685,1,0.85,1.0,0.0
-0.1451849507921685,1,0.85,1.0,0.0
-0.1451849507921685,1,0.85,1.0,0.0
-0.1451849507921685,1,0.85,1.0,0.0
-0.1451849507921685,1,0.85,1.0,0.0
-0.1451849507921685,1,0.85,1.0,0.0
-0.1451849507921685,1,0.85,1.0,0.0
-0.1451849507921685,1,0.85,1.0,0.0
-0.1451849507921685,1,0.85,1.0,0.0
-0.1451849507921685,1,0.85,1.0,0.0
-0.1451849507921685,1,0.85,1.0,0.0
-0.1451849507921685,1,0.85,1.0,0.0
-0.1451849507921685,1,0.85,1.0,0.0
-0.1451849507921685,1,0.85,1.0,0.0
-0.1451849507921685,1,0.85,1.0,0.0
-0.1451849507921685,1,0.85,1.0,0.0
-0.1451849507921685,1,0.85,1.0,0.0
-0.1451849507921685,1,0.85,1.0,0.0
-0.1451849507921685,1,0.85,1.0,0.0
-0.1451849507921685,1,0.85,1.0,0.0
-0.1451849507921685,1,0.85,1.0,0.0
-0.1451849507921685,1,0.85,1.0,0.0
-0.1451849507921685,1,0.85,1.0,0.0
-0.1451849507921685,1,0.85,1.0,0.0
-0.1451849507921685,1,0.85,1.0,0.0
-0.1451849507921685,1,0.85,1.0,0.0
-0.1451849507921685,1,0.85,1.0,0.0
-0.1451849507921685,1,0.85,1.0,0.0
-0.1451849507921685,1,0.85,1.0,0.0
-0.1451849507921685,1,0.85,1.0,0.0
-0.1451849507921685,1,0.85,1.0,0.0
-0.1451849507921685,1,0.85,1.0,0.0
-0.1451849507921685,1,0.85,1.0,0.0
-0.1451849507921685,1,0.85,1.0,0.0
-0.1451849507921685,1,0.85,1.0,0.0
-0.1451849507921685,1,0.85,1.0,0.0
-0.1451849507921685,1,0.85,1.0,0.0
-0.1451849507921685,1,0.85,1.0,0.0
-0.1451849507921685,1,0.85,1.0,0.0
-0.1451849507921685,1,0.85,1.0,0.0
-0.1451849507921685,1,0.85,1.0,0.0
-0.1451849507921685,1,0.85,1.0,0.0
-0.1451849507921685,1,0.85,1.0,0.0
-0.1451849507921685,1,0.85,1.0,0.0
-0.1451849507921685,1,0.85,1.0,0.0
-0.1451849507921685,1,0.85,1.0,0.0
-0.1451849507921685,1,0.85,1.0,0.0
-0.1451849507921685,1,0.85,1.0,0.0
-0.1451849507921685,1,0.85,1.0,0.0
-0.1451849507921685,1,0.85,1.0,0.0
-0.1451849507921685,1,0.85,1.0,0.0
-0.1451849507921685,1,0.85,1.0,0.0
-0.1451849507921685,1,0.85,1.0,0.0
-0.1451849507921685,1,0.85,1.0,0.0
-0.1451849507921685,1,0.85,1.0,0.0
-0.1451849507921685,1,0.85,1.0,0.0
-0.1451849507921685,1,0.85,1.0,0.0
-0.1451849507921685,1,0.85,1.0,0.0
-0.1451849507921685,1,0.85,1.0,0.0
-0.1451849507921685,1,0.85,1.0,0.0
-0.1451849507921685,1,0.85,1.0,0.0
-0.1451849507921685,1,0.85,1.0,0.0
-0.1451849507921685,1,0.85,1.0,0.0
-0.1451849507921685,1,0.85,1.0,0.0
-0.1451849507921685,1,0.85,1.0,0.0
-0.1451849507921685,1,0.85,1.0,0.0
-0.1451849507921685,1,0.85,1.0,0.0
-0.1451849507921685,1,0.85,1.0,0.0
-0.1451849507921685,1,0.85,1.0,0.0
-0.1451849507921685,1,0.85,1.0,0.0
-0.1451849507921685,1,0.85,1.0,0.0
-0.1451849507921685,1,0.85,1.0,0.0
-0.1451849507921685,1,0.85,1.0,0.0
-0.1451849507921685,1,0.85,1.0,0.0
-0.1451849507921685,1,0.85,1.0,0.0
-0.1451849507921685,1,0.85,1.0,0.0
-0.1451849507921685,1,0.85,1.0,0.0
-0.1451849507921685,1,0.85,1.0,0.0
-0.1451849507921685,1,0.85,1.0,0.0
-0.1451849507921685,1,0.85,1.0,0.0
-0.1451849507921685,1,0.85,1.0,0.0
-0.1451849507921685,1,0.85,1.0,0.0
-0.1451849507921685,1,0.85,1.0,0.0
-0.1451849507921685,1,0.85,1.0,0.0
-0.1451849507921685,1,0.85,1.0,0.0
-0.1451849507921685,1,0.85,1.0,0.0
-0.1451849507921685,1,0.85,1.0,0.0
-0.1451849507921685,1,0.85,1.0,0.0
-0.1451849507921685,1,0.85,1.0,0.0
-0.1451849507921685,1,0.85,1.0,0.0
-0.1451849507921685,1,0.85,1.0,0.0
-0.1451849507921685,1,0.85,1.0,0.0
-0.1451849507921685,1,0.85,1.0,0.0
-0.1451849507921685,1,0.85,1.0,0.0
-0.1451849507921685,1,0.85,1.0,0.0
-0.1451849507921685,1,0.85,1.0,0.0
-0.1451849507921685,1,0.85,1.0,0.0
-0.1451849507921685,1,0.85,1.0,0.0
-0.1451849507921685,1,0.85,1.0,0.0
-0.1451849507921685,1,0.85,1.0,0.0
-0.1451849507921685,1,0.85,1.0,0.0
-0.1451849507921685,1,0.85,1.0,0.0
-0.1451849507921685,1,0.85,1.0,0.0
-0.1451849507921685,1,0.85,1.0,0.0
-0.1451849507921685,1,0.85,1.0,0.0
-0.1451849507921685,1,0.85,1.0,0.0
-0.1451849507921685,1,0.85,1.0,0.0
-0.1451849507921685,1,0.85,1.0,0.0
-0.1451849507921685,1,0.85,1.0,0.0
-0.1451849507921685,1,0.85,1.0,0.0
-0.1451849507921685,1,0.85,1.0,0.0
-0.1451849507921685,1,0.85,1.0,0.0
-0.1451849507921685,1,0.85,1.0,0.0
-0.1451849507921685,1,0.85,1.0,0.0
-0.1451849507921685,1,0.85,1.0,0.0
-0.1451849507921685,1,0.85,1.0,0.0
-0.1451849507921685,1,0.85,1.0,0.0
-0.1451849507921685,1,0.85,1.0,0.0
-0.1451849507921685,1,0.85,1.0,0.0
-0.1451849507921685,1,0.85,1.0,0.0
-0.1451849507921685,1,0.85,1.0,0.0
-0.1451849507921685,1,0.85,1.0,0.0
-0.1451849507921685,1,0.85,1.0,0.0
-0.1451849507921685,1,0.85,1.0,0.0
-0.1451849507921685,1,0.85,1.0,0.0
-0.1451849507921685,1,0.85,1.0,0.0
-0.1451849507921685,1,0.85,1.0,0.0
-0.1451849507921685,1,0.85,1.0,0.0
-0.1451849507921685,1,0.85,1.0,0.0
-0.1451849507921685,1,0.85,1.0,0.0
-0.1451849507921685,1,0.85,1.0,0.0
-0.1451849507921685,1,0.85,1.0,0.0
-0.1451849507921685,1,0.85,1.0,0.0
-0.1451849507921685,1,0.85,1.0,0.0
-0.1451849507921685,1,0.85,1.0,0.0
-0.1451849507921685,1,0.85,1.0,0.0
-0.1451849507921685,1,0.85,1.0,0.0
-0.1451849507921685,1,0.85,1.0,0.0
-0.1451849507921685,1,0.85,1.0,0.0
-0.1451849507921685,1,0.85,1.0,0.0
-0.1451849507921685,1,0.85,1.0,0.0
-0.1451849507921685,1,0.85,1.0,0.0
-0.1451849507921685,1,0.85,1.0,0.0
-0.1451849507921685,1,0.85,1.0,0.0
-0.1451849507921685,1,0.85,1.0,0.0
-0.1451849507921685,1,0.85,1.0,0.0
-0.1451849507921685,1,0.85,1.0,0.0
-0.1451849507921685,1,0.85,1.0,0.0
-0.1451849507921685,1,0.85,1.0,0.0
-0.1451849507921685,1,0.85,1.0,0.0
-0.1451849507921685,1,0.85,1.0,0.0
-0.1451849507921685,1,0.85,1.0,0.0
-0.1451849507921685,1,0.85,1.0,0.0
-0.1451849507921685,1,0.85,1.0,0.0
-0.1451849507921685,1,0.85,1.0,0.0
-0.1451849507921685,1,0.85,1.0,0.0
-0.1451849507921685,1,0.85,1.0,0.0
-0.1451849507921685,1,0.85,1.0,0.0
-0.1451849507921685,1,0.85,1.0,0.0
-0.1451849507921685,1,0.85,1.0,0.0
-0.1451849507921685,1,0.85,1.0,0.0
-0.1451849507921685,1,0.85,1.0,0.0
-0.1451849507921685,1,0.85,1.0,0.0
-0.1451849507921685,1,0.85,1.0,0.0
-0.1451849507921685,1,0.85,1.0,0.0
-0.1451849507921685,1,0.85,1.0,0.0
-0.1451849507921685,1,0.85,1.0,0.0
-0.1451849507921685,1,0.85,1.0,0.0
-0.1451849507921685,1,0.85,1.0,0.0
-0.1451849507921685,1,0.85,1.0,0.0
-0.1451849507921685,1,0.85,1.0,0.0
-0.1451849507921685,1,0.85,1.0,0.0
-0.1451849507921685,1,0.85,1.0,0.0
-0.1451849507921685,1,0.85,1.0,0.0
-0.1451849507921685,1,0.85,1.0,0.0
-0.1451849507921685,1,0.85,1.0,0.0
-0.1451849507921685,1,0.85,1.0,0.0
-0.1451849507921685,1,0.85,1.0,0.0
-0.1451849507921685,1,0.85,1.0,0.0
-0.1451849507921685,1,0.85,1.0,0.0
-0.1451849507921685,1,0.85,1.0,0.0
-0.1451849507921685,1,0.85,1.0,0.0
-0.1451849507921685,1,0.85,1.0,0.0
-0.1451849507921685,1,0.85,1.0,0.0
-0.1451849507921685,1,0.85,1.0,0.0
-0.1451849507921685,1,0.85,1.0,0.0
-0.1451849507921685,1,0.85,1.0,0.0
-0.1451849507921685,1,0.85,1.0,0.0
-0.1451849507921685,1,0.85,1.0,0.0
-0.1451849507921685,1,0.85,1.0,0.0
-0.1451849507921685,1,0.85,1.0,0.0
-0.1451849507921685,1,0.85,1.0,0.0
-0.1451849507921685,1,0.85,1.0,0.0
-0.1451849507921685,1,0.85,1.0,0.0
-0.1451849507921685,1,0.85,1.0,0.0
-0.1451849507921685,1,0.85,1.0,0.0
-0.1451849507921685,1,0.85,1.0,0.0
-0.1451849507921685,1,0.85,1.0,0.0
-0.1451849507921685,1,0.85,1.0,0.0
-0.1451849507921685,1,0.85,1.0,0.0
-0.1451849507921685,1,0.85,1.0,0.0
-0.1451849507921685,1,0.85,1.0,0.0
-0.1451849507921685,1,0.85,1.0,0.0
-0.1451849507921685,1,0.85,1.0,0.0
-0.1451849507921685,1,0.85,1.0,0.0
-0.1451849507921685,1,0.85,1.0,0.0
-0.1451849507921685,1,0.85,1.0,0.0
-0.1451849507921685,1,0.85,1.0,0.0
-0.1451849507921685,1,0.85,1.0,0.0
-0.1451849507921685,1,0.85,1.0,0.0
-0.1451849507921685,1,0.85,1.0,0.0
-0.1451849507921685,1,0.85,1.0,0.0
-0.1451849507921685,1,0.85,1.0,0.0
-0.1451849507921685,1,0.85,1.0,0.0
-0.1451849507921685,1,0.85,1.0,0.0
-0.1451849507921685,1,0.85,1.0,0.0
-0.1451849507921685,1,0.85,1.0,0.0
-0.1451849507921685,1,0.85,1.0,0.0
-0.1451849507921685,1,0.85,1.0,0.0
-0.1451849507921685,1,0.85,1.0,0.0
-0.1451849507921685,1,0.85,1.0,0.0
-0.1451849507921685,1,0.85,1.0,0.0
-0.1451849507921685,1,0.85,1.0,0.0
-0.1451849507921685,1,0.85,1.0,0.0
-0.1451849507921685,1,0.85,1.0,0.0
-0.1451849507921685,1,0.85,1.0,0.0
-0.1451849507921685,1,0.85,1.0,0.0
-0.1451849507921685,1,0.85,1.0,0.0
-0.1451849507921685,1,0.85,1.0,0.0
-0.1451849507921685,1,0.85,1.0,0.0
-0.1451849507921685,1,0.85,1.0,0.0
-0.1451849507921685,1,0.85,1.0,0.0
-0.1451849507921685,1,0.85,1.0,0.0
-0.1451849507921685,1,0.85,1.0,0.0
-0.1451849507921685,1,0.85,1.0,0.0
-0.1451849507921685,1,0.85,1.0,0.0
-0.1451849507921685,1,0.85,1.0,0.0
-0.1451849507921685,1,0.85,1.0,0.0
-0.1451849507921685,1,0.85,1.0,0.0
-0.1451849507921685,1,0.85,1.0,0.0
-0.1451849507921685,1,0.85,1.0,0.0
-0.1451849507921685,1,0.85,1.0,0.0
-0.1451849507921685,1,0.85,1.0,0.0
-0.1451849507921685,1,0.85,1.0,0.0
-0.1451849507921685,1,0.85,1.0,0.0
-0.1451849507921685,1,0.85,1.0,0.0
-0.1451849507921685,1,0.85,1.0,0.0
-0.1451849507921685,1,0.85,1.0,0.0
-0.1451849507921685,1,0.85,1.0,0.0
-0.1451849507921685,1,0.85,1.0,0.0
-0.1451849507921685,1,0.85,1.0,0.0
-0.1451849507921685,1,0.85,1.0,0.0
-0.1451849507921685,1,0.85,1.0,0.0
-0.1451849507921685,1,0.85,1.0,0.0
-0.1451849507921685,1,0.85,1.0,0.0
-0.1451849507921685,1,0.85,1.0,0.0
-0.1451849507921685,1,0.85,1.0,0.0
-0.1451849507921685,1,0.85,1.0,0.0
-0.1451849507921685,1,0.85,1.0,0.0
-0.1451849507921685,1,0.85,1.0,0.0
-0.1451849507921685,1,0.85,1.0,0.0
-0.1451849507921685,1,0.85,1.0,0.0
-0.1451849507921685,1,0.85,1.0,0.0
-0.1451849507921685,1,0.85,1.0,0.0
-0.1451849507921685,1,0.85,1.0,0.0
-0.1451849507921685,1,0.85,1.0,0.0
-0.1451849507921685,1,0.85,1.0,0.0
-0.1451849507921685,1,0.85,1.0,0.0
-0.1451849507921685,1,0.85,1.0,0.0
-0.1451849507921685,1,0.85,1.0,0.0
-0.1451849507921685,1,0.85,1.0,0.0
-0.1451849507921685,1,0.85,1.0,0.0
-0.1451849507921685,1,0.85,1.0,0.0
-0.1451849507921685,1,0.85,1.0,0.0
-0.1451849507921685,1,0.85,1.0,0.0
-0.1451849507921685,1,0.85,1.0,0.0
-0.1451849507921685,1,0.85,1.0,0.0
-0.1451849507921685,1,0.85,1.0,0.0
-0.1451849507921685,1,0.85,1.0,0.0
-0.1451849507921685,1,0.85,1.0,0.0
-0.1451849507921685,1,0.85,1.0,0.0
-0.1451849507921685,1,0.85,1.0,0.0
-0.1451849507921685,1,0.85,1.0,0.0
-0.1451849507921685,1,0.85,1.0,0.0
-0.1451849507921685,1,0.85,1.0,0.0
-0.1451849507921685,1,0.85,1.0,0.0
-0.1451849507921685,1,0.85,1.0,0.0
-0.1451849507921685,1,0.85,1.0,0.0
-0.1451849507921685,1,0.85,1.0,0.0
-0.1451849507921685,1,0.85,1.0,0.0
-0.1451849507921685,1,0.85,1.0,0.0
-0.1451849507921685,1,0.85,1.0,0.0
-0.1451849507921685,1,0.85,1.0,0.0
-0.1451849507921685,1,0.85,1.0,0.0
-0.1451849507921685,1,0.85,1.0,0.0
-0.1451849507921685,1,0.85,1.0,0.0
-0.1451849507921685,1,0.85,1.0,0.0
-0.1451849507921685,1,0.85,1.0,0.0
-0.1451849507921685,1,0.85,1.0,0.0
-0.1451849507921685,1,0.85,1.0,0.0
-0.1451849507921685,1,0.85,1.0,0.0
-0.1451849507921685,1,0.85,1.0,0.0
-0.1451849507921685,1,0.85,1.0,0.0
-0.1451849507921685,1,0.85,1.0,0.0
-0.1451849507921685,1,0.85,1.0,0.0
-0.1451849507921685,1,0.85,1.0,0.0
-0.1451849507921685,1,0.85,1.0,0.0
-0.1451849507921685,1,0.85,1.0,0.0
-0.1451849507921685,1,0.85,1.0,0.0
-0.1451849507921685,1,0.85,1.0,0.0
-0.1451849507921685,1,0.85,1.0,0.0
-0.1451849507921685,1,0.85,1.0,0.0
-0.1451849507921685,1,0.85,1.0,0.0
-0.1451849507921685,1,0.85,1.0,0.0
-0.1451849507921685,1,0.85,1.0,0.0
-0.1451849507921685,1,0.85,1.0,0.0
-0.1451849507921685,1,0.85,1.0,0.0
-0.1451849507921685,1,0.85,1.0,0.0
-0.1451849507921685,1,0.85,1.0,0.0
-0.1451849507921685,1,0.85,1.0,0.0
-0.1451849507921685,1,0.85,1.0,0.0
-0.1451849507921685,1,0.85,1.0,0.0
-0.1451849507921685,1,0.85,1.0,0.0
-0.1451849507921685,1,0.85,1.0,0.0
-0.1451849507921685,1,0.85,1.0,0.0
-0.1451849507921685,1,0.85,1.0,0.0
-0.1451849507921685,1,0.85,1.0,0.0
-0.1451849507921685,1,0.85,1.0,0.0
-0.1451849507921685,1,0.85,1.0,0.0
-0.1451849507921685,1,0.85,1.0,0.0
-0.1451849507921685,1,0.85,1.0,0.0
-0.1451849507921685,1,0.85,1.0,0.0
-0.1451849507921685,1,0.85,1.0,0.0
-0.1451849507921685,1,0.85,1.0,0.0
-0.1451849507921685,1,0.85,1.0,0.0
-0.1451849507921685,1,0.85,1.0,0.0
-0.1451849507921685,1,0.85,1.0,0.0
-0.1451849507921685,1,0.85,1.0,0.0
-0.1451849507921685,1,0.85,1.0,0.0
-0.1451849507921685,1,0.85,1.0,0.0
-0.1451849507921685,1,0.85,1.0,0.0
-0.1451849507921685,1,0.85,1.0,0.0
-0.1451849507921685,1,0.85,1.0,0.0
-0.1451849507921685,1,0.85,1.0,0.0
-0.1451849507921685,1,0.85,1.0,0.0
-0.1451849507921685,1,0.85,1.0,0.0
-0.1451849507921685,1,0.85,1.0,0.0
-0.1451849507921685,1,0.85,1.0,0.0
-0.1451849507921685,1,0.85,1.0,0.0
-0.1451849507921685,1,0.85,1.0,0.0
-0.1451849507921685,1,0.85,1.0,0.0
-0.1451849507921685,1,0.85,1.0,0.0
-0.1451849507921685,1,0.85,1.0,0.0
-0.1451849507921685,1,0.85,1.0,0.0
-0.1451849507921685,1,0.85,1.0,0.0
-0.1451849507921685,1,0.85,1.0,0.0
-0.1451849507921685,1,0.85,1.0,0.0
-0.1451849507921685,1,0.85,1.0,0.0
-0.1451849507921685,1,0.85,1.0,0.0
-0.1451849507921685,1,0.85,1.0,0.0
-0.1451849507921685,1,0.85,1.0,0.0
-0.1451849507921685,1,0.85,1.0,0.0
-0.1451849507921685,1,0.85,1.0,0.0
-0.1451849507921685,1,0.85,1.0,0.0
-0.1451849507921685,1,0.85,1.0,0.0
-0.1451849507921685,1,0.85,1.0,0.0
-0.1451849507921685,1,0.85,1.0,0.0
-0.1451849507921685,1,0.85,1.0,0.0
-0.1451849507921685,1,0.85,1.0,0.0
-0.1451849507921685,1,0.85,1.0,0.0
-0.1451849507921685,1,0.85,1.0,0.0
-0.1451849507921685,1,0.85,1.0,0.0
-0.1451849507921685,1,0.85,1.0,0.0
-0.1451849507921685,1,0.85,1.0,0.0
-0.1451849507921685,1,0.85,1.0,0.0
-0.1451849507921685,1,0.85,1.0,0.0
-0.1451849507921685,1,0.85,1.0,0.0
-0.1451849507921685,1,0.85,1.0,0.0
-0.1451849507921685,1,0.85,1.0,0.0
-0.1451849507921685,1,0.85,1.0,0.0
-0.1451849507921685,1,0.85,1.0,0.0
-0.1451849507921685,1,0.85,1.0,0.0
-0.1451849507921685,1,0.85,1.0,0.0
-0.1451849507921685,1,0.85,1.0,0.0
-0.1451849507921685,1,0.85,1.0,0.0
-0.1451849507921685,1,0.85,1.0,0.0
-0.1451849507921685,1,0.85,1.0,0.0
-0.1451849507921685,1,0.85,1.0,0.0
-0.1451849507921685,1,0.85,1.0,0.0
-0.1451849507921685,1,0.85,1.0,0.0
-0.1451849507921685,1,0.85,1.0,0.0
-0.1451849507921685,1,0.85,1.0,0.0
-0.1451849507921685,1,0.85,1.0,0.0
-0.1451849507921685,1,0.85,1.0,0.0
-0.1451849507921685,1,0.85,1.0,0.0
-0.1451849507921685,1,0.85,1.0,0.0
-0.1451849507921685,1,0.85,1.0,0.0
-0.1451849507921685,1,0.85,1.0,0.0
-0.1451849507921685,1,0.85,1.0,0.0
-0.1451849507921685,1,0.85,1.0,0.0
-0.1451849507921685,1,0.85,1.0,0.0
-0.1451849507921685,1,0.85,1.0,0.0
-0.1451849507921685,1,0.85,1.0,0.0
-0.1451849507921685,1,0.85,1.0,0.0
-0.1451849507921685,1,0.85,1.0,0.0
-0.1451849507921685,1,0.85,1.0,0.0
-0.1451849507921685,1,0.85,1.0,0.0
-0.1451849507921685,1,0.85,1.0,0.0
-0.1451849507921685,1,0.85,1.0,0.0
-0.1451849507921685,1,0.85,1.0,0.0
-0.1451849507921685,1,0.85,1.0,0.0
-0.1451849507921685,1,0.85,1.0,0.0
-0.1451849507921685,1,0.85,1.0,0.0
-0.1451849507921685,1,0.85,1.0,0.0
-0.1451849507921685,1,0.85,1.0,0.0
-0.1451849507921685,1,0.85,1.0,0.0
-0.1451849507921685,1,0.85,1.0,0.0
-0.1451849507921685,1,0.85,1.0,0.0
-0.1451849507921685,1,0.85,1.0,0.0
-0.1451849507921685,1,0.85,1.0,0.0
-0.1451849507921685,1,0.85,1.0,0.0
-0.1451849507921685,1,0.85,1.0,0.0
-0.1451849507921685,1,0.85,1.0,0.0
-0.1451849507921685,1,0.85,1.0,0.0
-0.1451849507921685,1,0.85,1.0,0.0
-0.1451849507921685,1,0.85,1.0,0.0
-0.1451849507921685,1,0.85,1.0,0.0
-0.1451849507921685,1,0.85,1.0,0.0
-0.1451849507921685,1,0.85,1.0,0.0
-0.1451849507921685,1,0.85,1.0,0.0
-0.1451849507921685,1,0.85,1.0,0.0
-0.1451849507921685,1,0.85,1.0,0.0
-0.1451849507921685,1,0.85,1.0,0.0
-0.1451849507921685,1,0.85,1.0,0.0
-0.1451849507921685,1,0.85,1.0,0.0
-0.1451849507921685,1,0.85,1.0,0.0
-0.1451849507921685,1,0.85,1.0,0.0
-0.1451849507921685,1,0.85,1.0,0.0
-0.1451849507921685,1,0.85,1.0,0.0
-0.1451849507921685,1,0.85,1.0,0.0
-0.1451849507921685,1,0.85,1.0,0.0
-0.1451849507921685,1,0.85,1.0,0.0
-0.1451849507921685,1,0.85,1.0,0.0
-0.1451849507921685,1,0.85,1.0,0.0
-0.1451849507921685,1,0.85,1.0,0.0
-0.1451849507921685,1,0.85,1.0,0.0
-0.1451849507921685,1,0.85,1.0,0.0
-0.1451849507921685,1,0.85,1.0,0.0
-0.1451849507921685,1,0.85,1.0,0.0
-0.1451849507921685,1,0.85,1.0,0.0
-0.1451849507921685,1,0.85,1.0,0.0
-0.1451849507921685,1,0.85,1.0,0.0
-0.1451849507921685,1,0.85,1.0,0.0
-0.1451849507921685,1,0.85,1.0,0.0
-0.1451849507921685,1,0.85,1.0,0.0
-0.1451849507921685,1,0.85,1.0,0.0
-0.1451849507921685,1,0.85,1.0,0.0
-0.1451849507921685,1,0.85,1.0,0.0
-0.1451849507921685,1,0.85,1.0,0.0
-0.1451849507921685,1,0.85,1.0,0.0
-0.1451849507921685,1,0.85,1.0,0.0
-0.1451849507921685,1,0.85,1.0,0.0
-0.1451849507921685,1,0.85,1.0,0.0
-0.1451849507921685,1,0.85,1.0,0.0
-0.1451849507921685,1,0.85,1.0,0.0
-0.1451849507921685,1,0.85,1.0,0.0
-0.1451849507921685,1,0.85,1.0,0.0
-0.1451849507921685,1,0.85,1.0,0.0
-0.1451849507921685,1,0.85,1.0,0.0
-0.1451849507921685,1,0.85,1.0,0.0
-0.1451849507921685,1,0.85,1.0,0.0
-0.1451849507921685,1,0.85,1.0,0.0
-0.1451849507921685,1,0.85,1.0,0.0
-0.1451849507921685,1,0.85,1.0,0.0
-0.1451849507921685,1,0.85,1.0,0.0
-0.1451849507921685,1,0.85,1.0,0.0
-0.1451849507921685,1,0.85,1.0,0.0
-0.1451849507921685,1,0.85,1.0,0.0
-0.1451849507921685,1,0.85,1.0,0.0
-0.1451849507921685,1,0.85,1.0,0.0
-0.1451849507921685,1,0.85,1.0,0.0
-0.1451849507921685,1,0.85,1.0,0.0
-0.1451849507921685,1,0.85,1.0,0.0
-0.1451849507921685,1,0.85,1.0,0.0
-0.1451849507921685,1,0.85,1.0,0.0
-0.1451849507921685,1,0.85,1.0,0.0
-0.1451849507921685,1,0.85,1.0,0.0
-0.1451849507921685,1,0.85,1.0,0.0
-0.1451849507921685,1,0.85,1.0,0.0
-0.1451849507921685,1,0.85,1.0,0.0
-0.1451849507921685,1,0.85,1.0,0.0
-0.1451849507921685,1,0.85,1.0,0.0
-0.1451849507921685,1,0.85,1.0,0.0
-0.1451849507921685,1,0.85,1.0,0.0
-0.1451849507921685,1,0.85,1.0,0.0
-0.1451849507921685,1,0.85,1.0,0.0
-0.1451849507921685,1,0.85,1.0,0.0
-0.1451849507921685,1,0.85,1.0,0.0
-0.1451849507921685,1,0.85,1.0,0.0
-0.1451849507921685,1,0.85,1.0,0.0
-0.1451849507921685,1,0.85,1.0,0.0
-0.1451849507921685,1,0.85,1.0,0.0
-0.1451849507921685,1,0.85,1.0,0.0
-0.1451849507921685,1,0.85,1.0,0.0
-0.1451849507921685,1,0.85,1.0,0.0
-0.1451849507921685,1,0.85,1.0,0.0
-0.1451849507921685,1,0.85,1.0,0.0
-0.1451849507921685,1,0.85,1.0,0.0
-0.1451849507921685,1,0.85,1.0,0.0
-0.1451849507921685,1,0.85,1.0,0.0
-0.1451849507921685,1,0.85,1.0,0.0
-0.1451849507921685,1,0.85,1.0,0.0
-0.1451849507921685,1,0.85,1.0,0.0
-0.1451849507921685,1,0.85,1.0,0.0
-0.1451849507921685,1,0.85,1.0,0.0
-0.1451849507921685,1,0.85,1.0,0.0
-0.1451849507921685,1,0.85,1.0,0.0
-0.1451849507921685,1,0.85,1.0,0.0
-0.1451849507921685,1,0.85,1.0,0.0
-0.1451849507921685,1,0.85,1.0,0.0
-0.1451849507921685,1,0.85,1.0,0.0
-0.1451849507921685,1,0.85,1.0,0.0
-0.1451849507921685,1,0.85,1.0,0.0
-0.1451849507921685,1,0.85,1.0,0.0
-0.1451849507921685,1,0.85,1.0,0.0
-0.1451849507921685,1,0.85,1.0,0.0
-0.1451849507921685,1,0.85,1.0,0.0
-0.1451849507921685,1,0.85,1.0,0.0
-0.1451849507921685,1,0.85,1.0,0.0
-0.1451849507921685,1,0.85,1.0,0.0
-0.1451849507921685,1,0.85,1.0,0.0
-0.1451849507921685,1,0.85,1.0,0.0
-0.1451849507921685,1,0.85,1.0,0.0
-0.1451849507921685,1,0.85,1.0,0.0
-0.1451849507921685,1,0.85,1.0,0.0
-0.1451849507921685,1,0.85,1.0,0.0
-0.1451849507921685,1,0.85,1.0,0.0
-0.1451849507921685,1,0.85,1.0,0.0
-0.1451849507921685,1,0.85,1.0,0.0
-0.1451849507921685,1,0.85,1.0,0.0
-0.1451849507921685,1,0.85,1.0,0.0
-0.1451849507921685,1,0.85,1.0,0.0
-0.1451849507921685,1,0.85,1.0,0.0
-0.1451849507921685,1,0.85,1.0,0.0
-0.1451849507921685,1,0.85,1.0,0.0
-0.1451849507921685,1,0.85,1.0,0.0
-0.1451849507921685,1,0.85,1.0,0.0
-0.1451849507921685,1,0.85,1.0,0.0
-0.1451849507921685,1,0.85,1.0,0.0
-0.1451849507921685,1,0.85,1.0,0.0
-0.1451849507921685,1,0.85,1.0,0.0
-0.1451849507921685,1,0.85,1.0,0.0
-0.1451849507921685,1,0.85,1.0,0.0
-0.1451849507921685,1,0.85,1.0,0.0
-0.1451849507921685,1,0.85,1.0,0.0
-0.1451849507921685,1,0.85,1.0,0.0
-0.1451849507921685,1,0.85,1.0,0.0
-0.1451849507921685,1,0.85,1.0,0.0
-0.1451849507921685,1,0.85,1.0,0.0
-0.1451849507921685,1,0.85,1.0,0.0
-0.1451849507921685,1,0.85,1.0,0.0
-0.1451849507921685,1,0.85,1.0,0.0
-0.1451849507921685,1,0.85,1.0,0.0
-0.1451849507921685,1,0.85,1.0,0.0
-0.1451849507921685,1,0.85,1.0,0.0
-0.1451849507921685,1,0.85,1.0,0.0
-0.1451849507921685,1,0.85,1.0,0.0
-0.1451849507921685,1,0.85,1.0,0.0
-0.1451849507921685,1,0.85,1.0,0.0
-0.1451849507921685,1,0.85,1.0,0.0
-0.1451849507921685,1,0.85,1.0,0.0
-0.1451849507921685,1,0.85,1.0,0.0
-0.1451849507921685,1,0.85,1.0,0.0
-0.1451849507921685,1,0.85,1.0,0.0
-0.1451849507921685,1,0.85,1.0,0.0
-0.1451849507921685,1,0.85,1.0,0.0
-0.1451849507921685,1,0.85,1.0,0.0
-0.1451849507921685,1,0.85,1.0,0.0
-0.1451849507921685,1,0.85,1.0,0.0
-0.1451849507921685,1,0.85,1.0,0.0
-0.1451849507921685,1,0.85,1.0,0.0
-0.1451849507921685,1,0.85,1.0,0.0
-0.1451849507921685,1,0.85,1.0,0.0
-0.1451849507921685,1,0.85,1.0,0.0
-0.1451849507921685,1,0.85,1.0,0.0
-0.1451849507921685,1,0.85,1.0,0.0
-0.1451849507921685,1,0.85,1.0,0.0
-0.1451849507921685,1,0.85,1.0,0.0
-0.1451849507921685,1,0.85,1.0,0.0
-0.1451849507921685,1,0.85,1.0,0.0
-0.1451849507921685,1,0.85,1.0,0.0
-0.1451849507921685,1,0.85,1.0,0.0
-0.1451849507921685,1,0.85,1.0,0.0
-0.1451849507921685,1,0.85,1.0,0.0
-0.1451849507921685,1,0.85,1.0,0.0
-0.1451849507921685,1,0.85,1.0,0.0
-0.1451849507921685,1,0.85,1.0,0.0
-0.1451849507921685,1,0.85,1.0,0.0
-0.1451849507921685,1,0.85,1.0,0.0
-0.1451849507921685,1,0.85,1.0,0.0
-0.1451849507921685,1,0.85,1.0,0.0
-0.1451849507921685,1,0.85,1.0,0.0
-0.1451849507921685,1,0.85,1.0,0.0
-0.1451849507921685,1,0.85,1.0,0.0
-0.1451849507921685,1,0.85,1.0,0.0
-0.1451849507921685,1,0.85,1.0,0.0
-0.1451849507921685,1,0.85,1.0,0.0
-0.1451849507921685,1,0.85,1.0,0.0
-0.1451849507921685,1,0.85,1.0,0.0
-0.1451849507921685,1,0.85,1.0,0.0
-0.1451849507921685,1,0.85,1.0,0.0
-0.1451849507921685,1,0.85,1.0,0.0
-0.1451849507921685,1,0.85,1.0,0.0
-0.1451849507921685,1,0.85,1.0,0.0
-0.1451849507921685,1,0.85,1.0,0.0
-0.1451849507921685,1,0.85,1.0,0.0
-0.1451849507921685,1,0.85,1.0,0.0
-0.1451849507921685,1,0.85,1.0,0.0
-0.1451849507921685,1,0.85,1.0,0.0
-0.1451849507921685,1,0.85,1.0,0.0
-0.1451849507921685,1,0.85,1.0,0.0
-0.1451849507921685,1,0.85,1.0,0.0
-0.1451849507921685,1,0.85,1.0,0.0
-0.1451849507921685,1,0.85,1.0,0.0
-0.1451849507921685,1,0.85,1.0,0.0
-0.1451849507921685,1,0.85,1.0,0.0
-0.1451849507921685,1,0.85,1.0,0.0
-0.1451849507921685,1,0.85,1.0,0.0
-0.1451849507921685,1,0.85,1.0,0.0
-0.1451849507921685,1,0.85,1.0,0.0
-0.1451849507921685,1,0.85,1.0,0.0
-0.1451849507921685,1,0.85,1.0,0.0
-0.1451849507921685,1,0.85,1.0,0.0
-0.1451849507921685,1,0.85,1.0,0.0
-0.1451849507921685,1,0.85,1.0,0.0
-0.1451849507921685,1,0.85,1.0,0.0
-0.1451849507921685,1,0.85,1.0,0.0
-0.1451849507921685,1,0.85,1.0,0.0
-0.1451849507921685,1,0.85,1.0,0.0
-0.1451849507921685,1,0.85,1.0,0.0
-0.1451849507921685,1,0.85,1.0,0.0
-0.1451849507921685,1,0.85,1.0,0.0
-0.1451849507921685,1,0.85,1.0,0.0
-0.1451849507921685,1,0.85,1.0,0.0
-0.1451849507921685,1,0.85,1.0,0.0
-0.1451849507921685,1,0.85,1.0,0.0
-0.1451849507921685,1,0.85,1.0,0.0
-0.1451849507921685,1,0.85,1.0,0.0
-0.1451849507921685,1,0.85,1.0,0.0
-0.1451849507921685,1,0.85,1.0,0.0
-0.1451849507921685,1,0.85,1.0,0.0
-0.1451849507921685,1,0.85,1.0,0.0
-0.1451849507921685,1,0.85,1.0,0.0
-0.1451849507921685,1,0.85,1.0,0.0
-0.1451849507921685,1,0.85,1.0,0.0
-0.1451849507921685,1,0.85,1.0,0.0
-0.1451849507921685,1,0.85,1.0,0.0
-0.1451849507921685,1,0.85,1.0,0.0
-0.1451849507921685,1,0.85,1.0,0.0
-0.1451849507921685,1,0.85,1.0,0.0
-0.1451849507921685,1,0.85,1.0,0.0
-0.1451849507921685,1,0.85,1.0,0.0
-0.1451849507921685,1,0.85,1.0,0.0
-0.1451849507921685,1,0.85,1.0,0.0
-0.1451849507921685,1,0.85,1.0,0.0
-0.1451849507921685,1,0.85,1.0,0.0
-0.1451849507921685,1,0.85,1.0,0.0
-0.1451849507921685,1,0.85,1.0,0.0
-0.1451849507921685,1,0.85,1.0,0.0
-0.1451849507921685,1,0.85,1.0,0.0
-0.1451849507921685,1,0.85,1.0,0.0
-0.1451849507921685,1,0.85,1.0,0.0
-0.1451849507921685,1,0.85,1.0,0.0
-0.1451849507921685,1,0.85,1.0,0.0
-0.1451849507921685,1,0.85,1.0,0.0
-0.1451849507921685,1,0.85,1.0,0.0
-0.1451849507921685,1,0.85,1.0,0.0
-0.1451849507921685,1,0.85,1.0,0.0
-0.1451849507921685,1,0.85,1.0,0.0
-0.1451849507921685,1,0.85,1.0,0.0
-0.1451849507921685,1,0.85,1.0,0.0
-0.1451849507921685,1,0.85,1.0,0.0
-0.1451849507921685,1,0.85,1.0,0.0
-0.1451849507921685,1,0.85,1.0,0.0
-0.1451849507921685,1,0.85,1.0,0.0
-0.1451849507921685,1,0.85,1.0,0.0
-0.1451849507921685,1,0.85,1.0,0.0
-0.1451849507921685,1,0.85,1.0,0.0
-0.1451849507921685,1,0.85,1.0,0.0
-0.1451849507921685,1,0.85,1.0,0.0
-0.1451849507921685,1,0.85,1.0,0.0
-0.1451849507921685,1,0.85,1.0,0.0
-0.1451849507921685,1,0.85,1.0,0.0
-0.1451849507921685,1,0.85,1.0,0.0
-0.1451849507921685,1,0.85,1.0,0.0
-0.1451849507921685,1,0.85,1.0,0.0
-0.1451849507921685,1,0.85,1.0,0.0
-0.1451849507921685,1,0.85,1.0,0.0
-0.1451849507921685,1,0.85,1.0,0.0
-0.1451849507921685,1,0.85,1.0,0.0
-0.1451849507921685,1,0.85,1.0,0.0
-0.1451849507921685,1,0.85,1.0,0.0
-0.1451849507921685,1,0.85,1.0,0.0
-0.1451849507921685,1,0.85,1.0,0.0
-0.1451849507921685,1,0.85,1.0,0.0
-0.1451849507921685,1,0.85,1.0,0.0
-0.1451849507921685,1,0.85,1.0,0.0
-0.1451849507921685,1,0.85,1.0,0.0
-0.1451849507921685,1,0.85,1.0,0.0
-0.1451849507921685,1,0.85,1.0,0.0
-0.1451849507921685,1,0.85,1.0,0.0
-0.1451849507921685,1,0.85,1.0,0.0
-0.1451849507921685,1,0.85,1.0,0.0
-0.1451849507921685,1,0.85,1.0,0.0
-0.1451849507921685,1,0.85,1.0,0.0
-0.1451849507921685,1,0.85,1.0,0.0
-0.1451849507921685,1,0.85,1.0,0.0
-0.1451849507921685,1,0.85,1.0,0.0
-0.1451849507921685,1,0.85,1.0,0.0
-0.1451849507921685,1,0.85,1.0,0.0
-0.1451849507921685,1,0.85,1.0,0.0
-0.1451849507921685,1,0.85,1.0,0.0
-0.1451849507921685,1,0.85,1.0,0.0
-0.1451849507921685,1,0.85,1.0,0.0
-0.1451849507921685,1,0.85,1.0,0.0
-0.1451849507921685,1,0.85,1.0,0.0
-0.1451849507921685,1,0.85,1.0,0.0
-0.1451849507921685,1,0.85,1.0,0.0
-0.1451849507921685,1,0.85,1.0,0.0
-0.1451849507921685,1,0.85,1.0,0.0
-0.1451849507921685,1,0.85,1.0,0.0
-0.1451849507921685,1,0.85,1.0,0.0
-0.1451849507921685,1,0.85,1.0,0.0
-0.1451849507921685,1,0.85,1.0,0.0
-0.1451849507921685,1,0.85,1.0,0.0
-0.1451849507921685,1,0.85,1.0,0.0
-0.1451849507921685,1,0.85,1.0,0.0
-0.1451849507921685,1,0.85,1.0,0.0
-0.1451849507921685,1,0.85,1.0,0.0
-0.1451849507921685,1,0.85,1.0,0.0
-0.1451849507921685,1,0.85,1.0,0.0
-0.1451849507921685,1,0.85,1.0,0.0
-0.1451849507921685,1,0.85,1.0,0.0
-0.1451849507921685,1,0.85,1.0,0.0
-0.1451849507921685,1,0.85,1.0,0.0
-0.1451849507921685,1,0.85,1.0,0.0
-0.1451849507921685,1,0.85,1.0,0.0
-0.1451849507921685,1,0.85,1.0,0.0
-0.1451849507921685,1,0.85,1.0,0.0
-0.1451849507921685,1,0.85,1.0,0.0
-0.1451849507921685,1,0.85,1.0,0.0
-0.1451849507921685,1,0.85,1.0,0.0
-0.1451849507921685,1,0.85,1.0,0.0
-0.1451849507921685,1,0.85,1.0,0.0
-0.1451849507921685,1,0.85,1.0,0.0
-0.1451849507921685,1,0.85,1.0,0.0
-0.1451849507921685,1,0.85,1.0,0.0
-0.1451849507921685,1,0.85,1.0,0.0
-0.1451849507921685,1,0.85,1.0,0.0
-0.1451849507921685,1,0.85,1.0,0.0
-0.1451849507921685,1,0.85,1.0,0.0
-0.1451849507921685,1,0.85,1.0,0.0
-0.1451849507921685,1,0.85,1.0,0.0
-0.1451849507921685,1,0.85,1.0,0.0
-0.1451849507921685,1,0.85,1.0,0.0
-0.1451849507921685,1,0.85,1.0,0.0
-0.1451849507921685,1,0.85,1.0,0.0
-0.1451849507921685,1,0.85,1.0,0.0
-0.1451849507921685,1,0.85,1.0,0.0
-0.1451849507921685,1,0.85,1.0,0.0
-0.1451849507921685,1,0.85,1.0,0.0
-0.1451849507921685,1,0.85,1.0,0.0
-0.1451849507921685,1,0.85,1.0,0.0
-0.1451849507921685,1,0.85,1.0,0.0
-0.1451849507921685,1,0.85,1.0,0.0
-0.1451849507921685,1,0.85,1.0,0.0
-0.1451849507921685,1,0.85,1.0,0.0
-0.1451849507921685,1,0.85,1.0,0.0
-0.1451849507921685,1,0.85,1.0,0.0
-0.1451849507921685,1,0.85,1.0,0.0
-0.1451849507921685,1,0.85,1.0,0.0
-0.1451849507921685,1,0.85,1.0,0.0
-0.1451849507921685,1,0.85,1.0,0.0
-0.1451849507921685,1,0.85,1.0,0.0
-0.1451849507921685,1,0.85,1.0,0.0
-0.1451849507921685,1,0.85,1.0,0.0
-0.1451849507921685,1,0.85,1.0,0.0
-0.1451849507921685,1,0.85,1.0,0.0
-0.1451849507921685,1,0.85,1.0,0.0
-0.1451849507921685,1,0.85,1.0,0.0
-0.1451849507921685,1,0.85,1.0,0.0
-0.1451849507921685,1,0.85,1.0,0.0
-0.1451849507921685,1,0.85,1.0,0.0
-0.1451849507921685,1,0.85,1.0,0.0
-0.1451849507921685,1,0.85,1.0,0.0
-0.1451849507921685,1,0.85,1.0,0.0
-0.1451849507921685,1,0.85,1.0,0.0
-0.1451849507921685,1,0.85,1.0,0.0
-0.1451849507921685,1,0.85,1.0,0.0
-0.1451849507921685,1,0.85,1.0,0.0
-0.1451849507921685,1,0.85,1.0,0.0
-0.1451849507921685,1,0.85,1.0,0.0
-0.1451849507921685,1,0.85,1.0,0.0
-0.1451849507921685,1,0.85,1.0,0.0
-0.1451849507921685,1,0.85,1.0,0.0
-0.1451849507921685,1,0.85,1.0,0.0
-0.1451849507921685,1,0.85,1.0,0.0
-0.1451849507921685,1,0.85,1.0,0.0
-0.1451849507921685,1,0.85,1.0,0.0
-0.1451849507921685,1,0.85,1.0,0.0
-0.1451849507921685,1,0.85,1.0,0.0
-0.1451849507921685,1,0.85,1.0,0.0
-0.1451849507921685,1,0.85,1.0,0.0
-0.1451849507921685,1,0.85,1.0,0.0
-0.1451849507921685,1,0.85,1.0,0.0
-0.1451849507921685,1,0.85,1.0,0.0
-0.1451849507921685,1,0.85,1.0,0.0
-0.1451849507921685,1,0.85,1.0,0.0
-0.1451849507921685,1,0.85,1.0,0.0
-0.1451849507921685,1,0.85,1.0,0.0
-0.1451849507921685,1,0.85,1.0,0.0
-0.1451849507921685,1,0.85,1.0,0.0
-0.1451849507921685,1,0.85,1.0,0.0
-0.1451849507921685,1,0.85,1.0,0.0
-0.1451849507921685,1,0.85,1.0,0.0
-0.1451849507921685,1,0.85,1.0,0.0
-0.1451849507921685,1,0.85,1.0,0.0
-0.1451849507921685,1,0.85,1.0,0.0
-0.1451849507921685,1,0.85,1.0,0.0
-0.1451849507921685,1,0.85,1.0,0.0
-0.1451849507921685,1,0.85,1.0,0.0
-0.1451849507921685,1,0.85,1.0,0.0
-0.1451849507921685,1,0.85,1.0,0.0
-0.1451849507921685,1,0.85,1.0,0.0
-0.1451849507921685,1,0.85,1.0,0.0
-0.1451849507921685,1,0.85,1.0,0.0
-0.1451849507921685,1,0.85,1.0,0.0
-0.1451849507921685,1,0.85,1.0,0.0
-0.1451849507921685,1,0.85,1.0,0.0
-0.1451849507921685,1,0.85,1.0,0.0
-0.1451849507921685,1,0.85,1.0,0.0
-0.1451849507921685,1,0.85,1.0,0.0
-0.1451849507921685,1,0.85,1.0,0.0
-0.1451849507921685,1,0.85,1.0,0.0
-0.1451849507921685,1,0.85,1.0,0.0
-0.1451849507921685,1,0.85,1.0,0.0
-0.1451849507921685,1,0.85,1.0,0.0
-0.1451849507921685,1,0.85,1.0,0.0
-0.1451849507921685,1,0.85,1.0,0.0
-0.1451849507921685,1,0.85,1.0,0.0
-0.1451849507921685,1,0.85,1.0,0.0
-0.1451849507921685,1,0.85,1.0,0.0
-0.1451849507921685,1,0.85,1.0,0.0
-0.1451849507921685,1,0.85,1.0,0.0
-0.1451849507921685,1,0.85,1.0,0.0
-0.1451849507921685,1,0.85,1.0,0.0
-0.1451849507921685,1,0.85,1.0,0.0
-0.1451849507921685,1,0.85,1.0,0.0
-0.1451849507921685,1,0.85,1.0,0.0
-0.1451849507921685,1,0.85,1.0,0.0
-0.1451849507921685,1,0.85,1.0,0.0
-0.1451849507921685,1,0.85,1.0,0.0
-0.1451849507921685,1,0.85,1.0,0.0
-0.1451849507921685,1,0.85,1.0,0.0
-0.1451849507921685,1,0.85,1.0,0.0
-0.1451849507921685,1,0.85,1.0,0.0
-0.1451849507921685,1,0.85,1.0,0.0
-0.1451849507921685,1,0.85,1.0,0.0
-0.1451849507921685,1,0.85,1.0,0.0
-0.1451849507921685,1,0.85,1.0,0.0
-0.1451849507921685,1,0.85,1.0,0.0
-0.1451849507921685,1,0.85,1.0,0.0
-0.1451849507921685,1,0.85,1.0,0.0
-0.1451849507921685,1,0.85,1.0,0.0
-0.1451849507921685,1,0.85,1.0,0.0
-0.1451849507921685,1,0.85,1.0,0.0
-0.1451849507921685,1,0.85,1.0,0.0
-0.1451849507921685,1,0.85,1.0,0.0
-0.1451849507921685,1,0.85,1.0,0.0
-0.1451849507921685,1,0.85,1.0,0.0
-0.1451849507921685,1,0.85,1.0,0.0
-0.1451849507921685,1,0.85,1.0,0.0
-0.1451849507921685,1,0.85,1.0,0.0
-0.1451849507921685,1,0.85,1.0,0.0
-0.1451849507921685,1,0.85,1.0,0.0
-0.1451849507921685,1,0.85,1.0,0.0
-0.1451849507921685,1,0.85,1.0,0.0
-0.1451849507921685,1,0.85,1.0,0.0
-0.1451849507921685,1,0.85,1.0,0.0
-0.1451849507921685,1,0.85,1.0,0.0
-0.1451849507921685,1,0.85,1.0,0.0
-0.1451849507921685,1,0.85,1.0,0.0
-0.1451849507921685,1,0.85,1.0,0.0
-0.1451849507921685,1,0.85,1.0,0.0
-0.1451849507921685,1,0.85,1.0,0.0
-0.1451849507921685,1,0.85,1.0,0.0
-0.1451849507921685,1,0.85,1.0,0.0
-0.1451849507921685,1,0.85,1.0,0.0
-0.1451849507921685,1,0.85,1.0,0.0
-0.1451849507921685,1,0.85,1.0,0.0
-0.1451849507921685,1,0.85,1.0,0.0
-0.1451849507921685,1,0.85,1.0,0.0
-0.1451849507921685,1,0.85,1.0,0.0
-0.1451849507921685,1,0.85,1.0,0.0
-0.1451849507921685,1,0.85,1.0,0.0
-0.1451849507921685,1,0.85,1.0,0.0
-0.1451849507921685,1,0.85,1.0,0.0
-0.1451849507921685,1,0.85,1.0,0.0
-0.1451849507921685,1,0.85,1.0,0.0
-0.1451849507921685,1,0.85,1.0,0.0
-0.1451849507921685,1,0.85,1.0,0.0
-0.1451849507921685,1,0.85,1.0,0.0
-0.1451849507921685,1,0.85,1.0,0.0
-0.1451849507921685,1,0.85,1.0,0.0
-0.1451849507921685,1,0.85,1.0,0.0
-0.1451849507921685,1,0.85,1.0,0.0
-0.1451849507921685,1,0.85,1.0,0.0
-0.1451849507921685,1,0.85,1.0,0.0
-0.1451849507921685,1,0.85,1.0,0.0
-0.1451849507921685,1,0.85,1.0,0.0
-0.1451849507921685,1,0.85,1.0,0.0
-0.1451849507921685,1,0.85,1.0,0.0
-0.1451849507921685,1,0.85,1.0,0.0
-0.1451849507921685,1,0.85,1.0,0.0
-0.1451849507921685,1,0.85,1.0,0.0
-0.1451849507921685,1,0.85,1.0,0.0
-0.1451849507921685,1,0.85,1.0,0.0
-0.1451849507921685,1,0.85,1.0,0.0
-0.1451849507921685,1,0.85,1.0,0.0
-0.1451849507921685,1,0.85,1.0,0.0
-0.1451849507921685,1,0.85,1.0,0.0
-0.1451849507921685,1,0.85,1.0,0.0
-0.1451849507921685,1,0.85,1.0,0.0
-0.1451849507921685,1,0.85,1.0,0.0
-0.1451849507921685,1,0.85,1.0,0.0
-0.1451849507921685,1,0.85,1.0,0.0
-0.1451849507921685,1,0.85,1.0,0.0
-0.1451849507921685,1,0.85,1.0,0.0
-0.1451849507921685,1,0.85,1.0,0.0
-0.1451849507921685,1,0.85,1.0,0.0
-0.1451849507921685,1,0.85,1.0,0.0
-0.1451849507921685,1,0.85,1.0,0.0
-0.1451849507921685,1,0.85,1.0,0.0
-0.1451849507921685,1,0.85,1.0,0.0
-0.1451849507921685,1,0.85,1.0,0.0
-0.1451849507921685,1,0.85,1.0,0.0
-0.1451849507921685,1,0.85,1.0,0.0
-0.1451849507921685,1,0.85,1.0,0.0
-0.1451849507921685,1,0.85,1.0,0.0
-0.1451849507921685,1,0.85,1.0,0.0
-0.1451849507921685,1,0.85,1.0,0.0
-0.1451849507921685,1,0.85,1.0,0.0
-0.1451849507921685,1,0.85,1.0,0.0
-0.1451849507921685,1,0.85,1.0,0.0
-0.1451849507921685,1,0.85,1.0,0.0
-0.1451849507921685,1,0.85,1.0,0.0
-0.1451849507921685,1,0.85,1.0,0.0
-0.1451849507921685,1,0.85,1.0,0.0
-0.1451849507921685,1,0.85,1.0,0.0
-0.1451849507921685,1,0.85,1.0,0.0
-0.1451849507921685,1,0.85,1.0,0.0
-0.1451849507921685,1,0.85,1.0,0.0
-0.1451849507921685,1,0.85,1.0,0.0
-0.1451849507921685,1,0.85,1.0,0.0
-0.1451849507921685,1,0.85,1.0,0.0
-0.1451849507921685,1,0.85,1.0,0.0
-0.1451849507921685,1,0.85,1.0,0.0
-0.1451849507921685,1,0.85,1.0,0.0
-0.1451849507921685,1,0.85,1.0,0.0
-0.1451849507921685,1,0.85,1.0,0.0
-0.1451849507921685,1,0.85,1.0,0.0
-0.1451849507921685,1,0.85,1.0,0.0
-0.1451849507921685,1,0.85,1.0,0.0
-0.1451849507921685,1,0.85,1.0,0.0
-0.1451849507921685,1,0.85,1.0,0.0
-0.1451849507921685,1,0.85,1.0,0.0
-0.1451849507921685,1,0.85,1.0,0.0
-0.1451849507921685,1,0.85,1.0,0.0
-0.1451849507921685,1,0.85,1.0,0.0
-0.1451849507921685,1,0.85,1.0,0.0
-0.1451849507921685,1,0.85,1.0,0.0
-0.1451849507921685,1,0.85,1.0,0.0
-0.1451849507921685,1,0.85,1.0,0.0
-0.1451849507921685,1,0.85,1.0,0.0
-0.1451849507921685,1,0.85,1.0,0.0
-0.1451849507921685,1,0.85,1.0,0.0
-0.1451849507921685,1,0.85,1.0,0.0
-0.1451849507921685,1,0.85,1.0,0.0
-0.1451849507921685,1,0.85,1.0,0.0
-0.1451849507921685,1,0.85,1.0,0.0
-0.1451849507921685,1,0.85,1.0,0.0
-0.1451849507921685,1,0.85,1.0,0.0
-0.1451849507921685,1,0.85,1.0,0.0
-0.1451849507921685,1,0.85,1.0,0.0
-0.1451849507921685,1,0.85,1.0,0.0
-0.1451849507921685,1,0.85,1.0,0.0
-0.1451849507921685,1,0.85,1.0,0.0
-0.1451849507921685,1,0.85,1.0,0.0
-0.1451849507921685,1,0.85,1.0,0.0
-0.1451849507921685,1,0.85,1.0,0.0
-0.1451849507921685,1,0.85,1.0,0.0
-0.1451849507921685,1,0.85,1.0,0.0
-0.1451849507921685,1,0.85,1.0,0.0
-0.1451849507921685,1,0.85,1.0,0.0
-0.1451849507921685,1,0.85,1.0,0.0
-0.1451849507921685,1,0.85,1.0,0.0
-0.1451849507921685,1,0.85,1.0,0.0
-0.1451849507921685,1,0.85,1.0,0.0
-0.1451849507921685,1,0.85,1.0,0.0
-0.1451849507921685,1,0.85,1.0,0.0
-0.1451849507921685,1,0.85,1.0,0.0
-0.1451849507921685,1,0.85,1.0,0.0
-0.1451849507921685,1,0.85,1.0,0.0
-0.1451849507921685,1,0.85,1.0,0.0
-0.1451849507921685,1,0.85,1.0,0.0
-0.1451849507921685,1,0.85,1.0,0.0
-0.1451849507921685,1,0.85,1.0,0.0
-0.1451849507921685,1,0.85,1.0,0.0
-0.1451849507921685,1,0.85,1.0,0.0
-0.1451849507921685,1,0.85,1.0,0.0
-0.1451849507921685,1,0.85,1.0,0.0
-0.1451849507921685,1,0.85,1.0,0.0
-0.1451849507921685,1,0.85,1.0,0.0
-0.1451849507921685,1,0.85,1.0,0.0
-0.1451849507921685,1,0.85,1.0,0.0
-0.1451849507921685,1,0.85,1.0,0.0
-0.1451849507921685,1,0.85,1.0,0.0
-0.1451849507921685,1,0.85,1.0,0.0
-0.1451849507921685,1,0.85,1.0,0.0
-0.1451849507921685,1,0.85,1.0,0.0
-0.1451849507921685,1,0.85,1.0,0.0
-0.1451849507921685,1,0.85,1.0,0.0
-0.1451849507921685,1,0.85,1.0,0.0
-0.1451849507921685,1,0.85,1.0,0.0
-0.1451849507921685,1,0.85,1.0,0.0
-0.1451849507921685,1,0.85,1.0,0.0
-0.1451849507921685,1,0.85,1.0,0.0
-0.1451849507921685,1,0.85,1.0,0.0
-0.1451849507921685,1,0.85,1.0,0.0
-0.1451849507921685,1,0.85,1.0,0.0
-0.1451849507921685,1,0.85,1.0,0.0
-0.1451849507921685,1,0.85,1.0,0.0
-0.1451849507921685,1,0.85,1.0,0.0
-0.1451849507921685,1,0.85,1.0,0.0
-0.1451849507921685,1,0.85,1.0,0.0
-0.1451849507921685,1,0.85,1.0,0.0
-0.1451849507921685,1,0.85,1.0,0.0
-0.1451849507921685,1,0.85,1.0,0.0
-0.1451849507921685,1,0.85,1.0,0.0
-0.1451849507921685,1,0.85,1.0,0.0
-0.1451849507921685,1,0.85,1.0,0.0
-0.1451849507921685,1,0.85,1.0,0.0
-0.1451849507921685,1,0.85,1.0,0.0
-0.1451849507921685,1,0.85,1.0,0.0
-0.1451849507921685,1,0.85,1.0,0.0
-0.1451849507921685,1,0.85,1.0,0.0
-0.1451849507921685,1,0.85,1.0,0.0
-0.1451849507921685,1,0.85,1.0,0.0
-0.1451849507921685,1,0.85,1.0,0.0
-0.1451849507921685,1,0.85,1.0,0.0
-0.1451849507921685,1,0.85,1.0,0.0
-0.1451849507921685,1,0.85,1.0,0.0
-0.1451849507921685,1,0.85,1.0,0.0
-0.1451849507921685,1,0.85,1.0,0.0
-0.1451849507921685,1,0.85,1.0,0.0
-0.1451849507921685,1,0.85,1.0,0.0
-0.1451849507921685,1,0.85,1.0,0.0
-0.1451849507921685,1,0.85,1.0,0.0
-0.1451849507921685,1,0.85,1.0,0.0
-0.1451849507921685,1,0.85,1.0,0.0
-0.1451849507921685,1,0.85,1.0,0.0
-0.1451849507921685,1,0.85,1.0,0.0
-0.1451849507921685,1,0.85,1.0,0.0
-0.1451849507921685,1,0.85,1.0,0.0
-0.1451849507921685,1,0.85,1.0,0.0
-0.1451849507921685,1,0.85,1.0,0.0
-0.1451849507921685,1,0.85,1.0,0.0
-0.1451849507921685,1,0.85,1.0,0.0
-0.1451849507921685,1,0.85,1.0,0.0
-0.1451849507921685,1,0.85,1.0,0.0
-0.1451849507921685,1,0.85,1.0,0.0
-0.1451849507921685,1,0.85,1.0,0.0
-0.1451849507921685,1,0.85,1.0,0.0
-0.1451849507921685,1,0.85,1.0,0.0
-0.1451849507921685,1,0.85,1.0,0.0
-0.1451849507921685,1,0.85,1.0,0.0
-0.1451849507921685,1,0.85,1.0,0.0
-0.1451849507921685,1,0.85,1.0,0.0
-0.1451849507921685,1,0.85,1.0,0.0
-0.1451849507921685,1,0.85,1.0,0.0
-0.1451849507921685,1,0.85,1.0,0.0
-0.1451849507921685,1,0.85,1.0,0.0
-0.1451849507921685,1,0.85,1.0,0.0
-0.1451849507921685,1,0.85,1.0,0.0
-0.1451849507921685,1,0.85,1.0,0.0
-0.1451849507921685,1,0.85,1.0,0.0
-0.1451849507921685,1,0.85,1.0,0.0
-0.1451849507921685,1,0.85,1.0,0.0
-0.1451849507921685,1,0.85,1.0,0.0
-0.1451849507921685,1,0.85,1.0,0.0
-0.1451849507921685,1,0.85,1.0,0.0
-0.1451849507921685,1,0.85,1.0,0.0
-0.1451849507921685,1,0.85,1.0,0.0
-0.1451849507921685,1,0.85,1.0,0.0
-0.1451849507921685,1,0.85,1.0,0.0
-0.1451849507921685,1,0.85,1.0,0.0
-0.1451849507921685,1,0.85,1.0,0.0
-0.1451849507921685,1,0.85,1.0,0.0
-0.1451849507921685,1,0.85,1.0,0.0
-0.1451849507921685,1,0.85,1.0,0.0
-0.1451849507921685,1,0.85,1.0,0.0
-0.1451849507921685,1,0.85,1.0,0.0
-0.1451849507921685,1,0.85,1.0,0.0
-0.1451849507921685,1,0.85,1.0,0.0
-0.1451849507921685,1,0.85,1.0,0.0
-0.1451849507921685,1,0.85,1.0,0.0
-0.1451849507921685,1,0.85,1.0,0.0
-0.1451849507921685,1,0.85,1.0,0.0
-0.1451849507921685,1,0.85,1.0,0.0
-0.1451849507921685,1,0.85,1.0,0.0
-0.1451849507921685,1,0.85,1.0,0.0
-0.1451849507921685,1,0.85,1.0,0.0
-0.1451849507921685,1,0.85,1.0,0.0
-0.1451849507921685,1,0.85,1.0,0.0
-0.1451849507921685,1,0.85,1.0,0.0
-0.1451849507921685,1,0.85,1.0,0.0
-0.1451849507921685,1,0.85,1.0,0.0
-0.1451849507921685,1,0.85,1.0,0.0
-0.1451849507921685,1,0.85,1.0,0.0
-0.1451849507921685,1,0.85,1.0,0.0
-0.1451849507921685,1,0.85,1.0,0.0
-0.1451849507921685,1,0.85,1.0,0.0
-0.1451849507921685,1,0.85,1.0,0.0
-0.1451849507921685,1,0.85,1.0,0.0
-0.1451849507921685,1,0.85,1.0,0.0
-0.1451849507921685,1,0.85,1.0,0.0
-0.1451849507921685,1,0.85,1.0,0.0
-0.1451849507921685,1,0.85,1.0,0.0
-0.1451849507921685,1,0.85,1.0,0.0
-0.1451849507921685,1,0.85,1.0,0.0
-0.1451849507921685,1,0.85,1.0,0.0
-0.1451849507921685,1,0.85,1.0,0.0
-0.1451849507921685,1,0.85,1.0,0.0
-0.1451849507921685,1,0.85,1.0,0.0
-0.1451849507921685,1,0.85,1.0,0.0
-0.1451849507921685,1,0.85,1.0,0.0
-0.1451849507921685,1,0.85,1.0,0.0
-0.1451849507921685,1,0.85,1.0,0.0
-0.1451849507921685,1,0.85,1.0,0.0
-0.1451849507921685,1,0.85,1.0,0.0
-0.1451849507921685,1,0.85,1.0,0.0
-0.1451849507921685,1,0.85,1.0,0.0
-0.1451849507921685,1,0.85,1.0,0.0
-0.1451849507921685,1,0.85,1.0,0.0
-0.1451849507921685,1,0.85,1.0,0.0
-0.1451849507921685,1,0.85,1.0,0.0
-0.1451849507921685,1,0.85,1.0,0.0
-0.1451849507921685,1,0.85,1.0,0.0
-0.1451849507921685,1,0.85,1.0,0.0
-0.1451849507921685,1,0.85,1.0,0.0
-0.1451849507921685,1,0.85,1.0,0.0
-0.1451849507921685,1,0.85,1.0,0.0
-0.1451849507921685,1,0.85,1.0,0.0
-0.1451849507921685,1,0.85,1.0,0.0
-0.1451849507921685,1,0.85,1.0,0.0
-0.1451849507921685,1,0.85,1.0,0.0
-0.1451849507921685,1,0.85,1.0,0.0
-0.1451849507921685,1,0.85,1.0,0.0
-0.1451849507921685,1,0.85,1.0,0.0
-0.1451849507921685,1,0.85,1.0,0.0
-0.1451849507921685,1,0.85,1.0,0.0
-0.1451849507921685,1,0.85,1.0,0.0
-0.1451849507921685,1,0.85,1.0,0.0
-0.1451849507921685,1,0.85,1.0,0.0
-0.1451849507921685,1,0.85,1.0,0.0
-0.1451849507921685,1,0.85,1.0,0.0
-0.1451849507921685,1,0.85,1.0,0.0
-0.1451849507921685,1,0.85,1.0,0.0
-0.1451849507921685,1,0.85,1.0,0.0
-0.1451849507921685,1,0.85,1.0,0.0
-0.1451849507921685,1,0.85,1.0,0.0
-0.1451849507921685,1,0.85,1.0,0.0
-0.1451849507921685,1,0.85,1.0,0.0
-0.1451849507921685,1,0.85,1.0,0.0
-0.1451849507921685,1,0.85,1.0,0.0
-0.1451849507921685,1,0.85,1.0,0.0
-0.1451849507921685,1,0.85,1.0,0.0
-0.1451849507921685,1,0.85,1.0,0.0
-0.1451849507921685,1,0.85,1.0,0.0
-0.1451849507921685,1,0.85,1.0,0.0
-0.1451849507921685,1,0.85,1.0,0.0
-0.1451849507921685,1,0.85,1.0,0.0
-0.1451849507921685,1,0.85,1.0,0.0
-0.1451849507921685,1,0.85,1.0,0.0
-0.1451849507921685,1,0.85,1.0,0.0
-0.1451849507921685,1,0.85,1.0,0.0
-0.1451849507921685,1,0.85,1.0,0.0
-0.1451849507921685,1,0.85,1.0,0.0
-0.1451849507921685,1,0.85,1.0,0.0
-0.1451849507921685,1,0.85,1.0,0.0
-0.1451849507921685,1,0.85,1.0,0.0
-0.1451849507921685,1,0.85,1.0,0.0
-0.1451849507921685,1,0.85,1.0,0.0
-0.1451849507921685,1,0.85,1.0,0.0
-0.1451849507921685,1,0.85,1.0,0.0
-0.1451849507921685,1,0.85,1.0,0.0
-0.1451849507921685,1,0.85,1.0,0.0
-0.1451849507921685,1,0.85,1.0,0.0
-0.1451849507921685,1,0.85,1.0,0.0
-0.1451849507921685,1,0.85,1.0,0.0
-0.1451849507921685,1,0.85,1.0,0.0
-0.1451849507921685,1,0.85,1.0,0.0
-0.1451849507921685,1,0.85,1.0,0.0
-0.1451849507921685,1,0.85,1.0,0.0
-0.1451849507921685,1,0.85,1.0,0.0
-0.1451849507921685,1,0.85,1.0,0.0
-0.1451849507921685,1,0.85,1.0,0.0
-0.1451849507921685,1,0.85,1.0,0.0
-0.1451849507921685,1,0.85,1.0,0.0
-0.1451849507921685,1,0.85,1.0,0.0
-0.1451849507921685,1,0.85,1.0,0.0
-0.1451849507921685,1,0.85,1.0,0.0
-0.1451849507921685,1,0.85,1.0,0.0
-0.1451849507921685,1,0.85,1.0,0.0
-0.1451849507921685,1,0.85,1.0,0.0
-0.1451849507921685,1,0.85,1.0,0.0
-0.1451849507921685,1,0.85,1.0,0.0
-0.1451849507921685,1,0.85,1.0,0.0
-0.1451849507921685,1,0.85,1.0,0.0
-0.1451849507921685,1,0.85,1.0,0.0
-0.1451849507921685,1,0.85,1.0,0.0
-0.1451849507921685,1,0.85,1.0,0.0
-0.1451849507921685,1,0.85,1.0,0.0
-0.1451849507921685,1,0.85,1.0,0.0
-0.1451849507921685,1,0.85,1.0,0.0
-0.1451849507921685,1,0.85,1.0,0.0
-0.1451849507921685,1,0.85,1.0,0.0
-0.1451849507921685,1,0.85,1.0,0.0
-0.1451849507921685,1,0.85,1.0,0.0
-0.1451849507921685,1,0.85,1.0,0.0
-0.1451849507921685,1,0.85,1.0,0.0
-0.1451849507921685,1,0.85,1.0,0.0
-0.1451849507921685,1,0.85,1.0,0.0
-0.1451849507921685,1,0.85,1.0,0.0
-0.1451849507921685,1,0.85,1.0,0.0
-0.1451849507921685,1,0.85,1.0,0.0
-0.1451849507921685,1,0.85,1.0,0.0
-0.1451849507921685,1,0.85,1.0,0.0
-0.1451849507921685,1,0.85,1.0,0.0
-0.1451849507921685,1,0.85,1.0,0.0
-0.1451849507921685,1,0.85,1.0,0.0
-0.1451849507921685,1,0.85,1.0,0.0
-0.1451849507921685,1,0.85,1.0,0.0
-0.1451849507921685,1,0.85,1.0,0.0
-0.1451849507921685,1,0.85,1.0,0.0
-0.1451849507921685,1,0.85,1.0,0.0
-0.1451849507921685,1,0.85,1.0,0.0
-0.1451849507921685,1,0.85,1.0,0.0
-0.1451849507921685,1,0.85,1.0,0.0
-0.1451849507921685,1,0.85,1.0,0.0
-0.1451849507921685,1,0.85,1.0,0.0
-0.1451849507921685,1,0.85,1.0,0.0
-0.1451849507921685,1,0.85,1.0,0.0
-0.1451849507921685,1,0.85,1.0,0.0
-0.1451849507921685,1,0.85,1.0,0.0
-0.1451849507921685,1,0.85,1.0,0.0
-0.1451849507921685,1,0.85,1.0,0.0
-0.1451849507921685,1,0.85,1.0,0.0
-0.1451849507921685,1,0.85,1.0,0.0
-0.1451849507921685,1,0.85,1.0,0.0
-0.1451849507921685,1,0.85,1.0,0.0
-0.1451849507921685,1,0.85,1.0,0.0
-0.1451849507921685,1,0.85,1.0,0.0
-0.1451849507921685,1,0.85,1.0,0.0
-0.1451849507921685,1,0.85,1.0,0.0
-0.1451849507921685,1,0.85,1.0,0.0
-0.1451849507921685,1,0.85,1.0,0.0
-0.1451849507921685,1,0.85,1.0,0.0
-0.1451849507921685,1,0.85,1.0,0.0
-0.1451849507921685,1,0.85,1.0,0.0
-0.1451849507921685,1,0.85,1.0,0.0
-0.1451849507921685,1,0.85,1.0,0.0
-0.1451849507921685,1,0.85,1.0,0.0
-0.1451849507921685,1,0.85,1.0,0.0
-0.1451849507921685,1,0.85,1.0,0.0
-0.1451849507921685,1,0.85,1.0,0.0
-0.1451849507921685,1,0.85,1.0,0.0
-0.1451849507921685,1,0.85,1.0,0.0
-0.1451849507921685,1,0.85,1.0,0.0
-0.1451849507921685,1,0.85,1.0,0.0
-0.1451849507921685,1,0.85,1.0,0.0
-0.1451849507921685,1,0.85,1.0,0.0
-0.1451849507921685,1,0.85,1.0,0.0
-0.1451849507921685,1,0.85,1.0,0.0
-0.1451849507921685,1,0.85,1.0,0.0
-0.1451849507921685,1,0.85,1.0,0.0
-0.1451849507921685,1,0.85,1.0,0.0
-0.1451849507921685,1,0.85,1.0,0.0
-0.1451849507921685,1,0.85,1.0,0.0
-0.1451849507921685,1,0.85,1.0,0.0
-0.1451849507921685,1,0.85,1.0,0.0
-0.1451849507921685,1,0.85,1.0,0.0
-0.1451849507921685,1,0.85,1.0,0.0
-0.1451849507921685,1,0.85,1.0,0.0
-0.1451849507921685,1,0.85,1.0,0.0
-0.1451849507921685,1,0.85,1.0,0.0
-0.1451849507921685,1,0.85,1.0,0.0
-0.1451849507921685,1,0.85,1.0,0.0
-0.1451849507921685,1,0.85,1.0,0.0
-0.1451849507921685,1,0.85,1.0,0.0
-0.1451849507921685,1,0.85,1.0,0.0
-0.1451849507921685,1,0.85,1.0,0.0
-0.1451849507921685,1,0.85,1.0,0.0
-0.1451849507921685,1,0.85,1.0,0.0
-0.1451849507921685,1,0.85,1.0,0.0
-0.1451849507921685,1,0.85,1.0,0.0
-0.1451849507921685,1,0.85,1.0,0.0
-0.1451849507921685,1,0.85,1.0,0.0
-0.1451849507921685,1,0.85,1.0,0.0
-0.1451849507921685,1,0.85,1.0,0.0
-0.1451849507921685,1,0.85,1.0,0.0
-0.1451849507921685,1,0.85,1.0,0.0
-0.1451849507921685,1,0.85,1.0,0.0
-0.1451849507921685,1,0.85,1.0,0.0
-0.1451849507921685,1,0.85,1.0,0.0
-0.1451849507921685,1,0.85,1.0,0.0
-0.1451849507921685,1,0.85,1.0,0.0
-0.1451849507921685,1,0.85,1.0,0.0
-0.1451849507921685,1,0.85,1.0,0.0
-0.1451849507921685,1,0.85,1.0,0.0
-0.1451849507921685,1,0.85,1.0,0.0
-0.1451849507921685,1,0.85,1.0,0.0
-0.1451849507921685,1,0.85,1.0,0.0
-0.1451849507921685,1,0.85,1.0,0.0
-0.1451849507921685,1,0.85,1.0,0.0
-0.1451849507921685,1,0.85,1.0,0.0
-0.1451849507921685,1,0.85,1.0,0.0
-0.1451849507921685,1,0.85,1.0,0.0
-0.1451849507921685,1,0.85,1.0,0.0
-0.1451849507921685,1,0.85,1.0,0.0
-0.1451849507921685,1,0.85,1.0,0.0
-0.1451849507921685,1,0.85,1.0,0.0
-0.1451849507921685,1,0.85,1.0,0.0
-0.1451849507921685,1,0.85,1.0,0.0
-0.1451849507921685,1,0.85,1.0,0.0
-0.1451849507921685,1,0.85,1.0,0.0
-0.1451849507921685,1,0.85,1.0,0.0
-0.1451849507921685,1,0.85,1.0,0.0
-0.1451849507921685,1,0.85,1.0,0.0
-0.1451849507921685,1,0.85,1.0,0.0
-0.1451849507921685,1,0.85,1.0,0.0
-0.1451849507921685,1,0.85,1.0,0.0
-0.1451849507921685,1,0.85,1.0,0.0
-0.1451849507921685,1,0.85,1.0,0.0
-0.1451849507921685,1,0.85,1.0,0.0
-0.1451849507921685,1,0.85,1.0,0.0
-0.1451849507921685,1,0.85,1.0,0.0
-0.1451849507921685,1,0.85,1.0,0.0
-0.1451849507921685,1,0.85,1.0,0.0
-0.1451849507921685,1,0.85,1.0,0.0
-0.1451849507921685,1,0.85,1.0,0.0
-0.1451849507921685,1,0.85,1.0,0.0
-0.1451849507921685,1,0.85,1.0,0.0
-0.1451849507921685,1,0.85,1.0,0.0
-0.1451849507921685,1,0.85,1.0,0.0
-0.1451849507921685,1,0.85,1.0,0.0
-0.1451849507921685,1,0.85,1.0,0.0
-0.1451849507921685,1,0.85,1.0,0.0
-0.1451849507921685,1,0.85,1.0,0.0
-0.1451849507921685,1,0.85,1.0,0.0
-0.1451849507921685,1,0.85,1.0,0.0
-0.1451849507921685,1,0.85,1.0,0.0
-0.1451849507921685,1,0.85,1.0,0.0
-0.1451849507921685,1,0.85,1.0,0.0
-0.1451849507921685,1,0.85,1.0,0.0
-0.1451849507921685,1,0.85,1.0,0.0
-0.1451849507921685,1,0.85,1.0,0.0
-0.1451849507921685,1,0.85,1.0,0.0
-0.1451849507921685,1,0.85,1.0,0.0
-0.1451849507921685,1,0.85,1.0,0.0
-0.1451849507921685,1,0.85,1.0,0.0
-0.1451849507921685,1,0.85,1.0,0.0
-0.1451849507921685,1,0.85,1.0,0.0
-0.1451849507921685,1,0.85,1.0,0.0
-0.1451849507921685,1,0.85,1.0,0.0
-0.1451849507921685,1,0.85,1.0,0.0
-0.1451849507921685,1,0.85,1.0,0.0
-0.1451849507921685,1,0.85,1.0,0.0
-0.1451849507921685,1,0.85,1.0,0.0
-0.1451849507921685,1,0.85,1.0,0.0
-0.1451849507921685,1,0.85,1.0,0.0
-0.1451849507921685,1,0.85,1.0,0.0
-0.1451849507921685,1,0.85,1.0,0.0
-0.1451849507921685,1,0.85,1.0,0.0
-0.1451849507921685,1,0.85,1.0,0.0
-0.1451849507921685,1,0.85,1.0,0.0
-0.1451849507921685,1,0.85,1.0,0.0
-0.1451849507921685,1,0.85,1.0,0.0
-0.1451849507921685,1,0.85,1.0,0.0
-0.1451849507921685,1,0.85,1.0,0.0
-0.1451849507921685,1,0.85,1.0,0.0
-0.1451849507921685,1,0.85,1.0,0.0
-0.1451849507921685,1,0.85,1.0,0.0
-0.1451849507921685,1,0.85,1.0,0.0
-0.1451849507921685,1,0.85,1.0,0.0
-0.1451849507921685,1,0.85,1.0,0.0
-0.1451849507921685,1,0.85,1.0,0.0
-0.1451849507921685,1,0.85,1.0,0.0
-0.1451849507921685,1,0.85,1.0,0.0
-0.1451849507921685,1,0.85,1.0,0.0
-0.1451849507921685,1,0.85,1.0,0.0
-0.1451849507921685,1,0.85,1.0,0.0
-0.1451849507921685,1,0.85,1.0,0.0
-0.1451849507921685,1,0.85,1.0,0.0
-0.1451849507921685,1,0.85,1.0,0.0
-0.1451849507921685,1,0.85,1.0,0.0
-0.1451849507921685,1,0.85,1.0,0.0
-0.1451849507921685,1,0.85,1.0,0.0
-0.1451849507921685,1,0.85,1.0,0.0
-0.1451849507921685,1,0.85,1.0,0.0
-0.1451849507921685,1,0.85,1.0,0.0
-0.1451849507921685,1,0.85,1.0,0.0
-0.1451849507921685,1,0.85,1.0,0.0
-0.1451849507921685,1,0.85,1.0,0.0
-0.1451849507921685,1,0.85,1.0,0.0
-0.1451849507921685,1,0.85,1.0,0.0
-0.1451849507921685,1,0.85,1.0,0.0
-0.1451849507921685,1,0.85,1.0,0.0
-0.1451849507921685,1,0.85,1.0,0.0
-0.1451849507921685,1,0.85,1.0,0.0
-0.1451849507921685,1,0.85,1.0,0.0
-0.1451849507921685,1,0.85,1.0,0.0
-0.1451849507921685,1,0.85,1.0,0.0
-0.1451849507921685,1,0.85,1.0,0.0
-0.1451849507921685,1,0.85,1.0,0.0
-0.1451849507921685,1,0.85,1.0,0.0
-0.1451849507921685,1,0.85,1.0,0.0
-0.1451849507921685,1,0.85,1.0,0.0
-0.1451849507921685,1,0.85,1.0,0.0
-0.1451849507921685,1,0.85,1.0,0.0
-0.1451849507921685,1,0.85,1.0,0.0
-0.1451849507921685,1,0.85,1.0,0.0
-0.1451849507921685,1,0.85,1.0,0.0
-0.1451849507921685,1,0.85,1.0,0.0
-0.1451849507921685,1,0.85,1.0,0.0
-0.1451849507921685,1,0.85,1.0,0.0
-0.1451849507921685,1,0.85,1.0,0.0
-0.1451849507921685,1,0.85,1.0,0.0
-0.1451849507921685,1,0.85,1.0,0.0
-0.1451849507921685,1,0.85,1.0,0.0
-0.1451849507921685,1,0.85,1.0,0.0
-0.1451849507921685,1,0.85,1.0,0.0
-0.1451849507921685,1,0.85,1.0,0.0
-0.1451849507921685,1,0.85,1.0,0.0
-0.1451849507921685,1,0.85,1.0,0.0
-0.1451849507921685,1,0.85,1.0,0.0
-0.1451849507921685,1,0.85,1.0,0.0
-0.1451849507921685,1,0.85,1.0,0.0
-0.1451849507921685,1,0.85,1.0,0.0
-0.1451849507921685,1,0.85,1.0,0.0
-0.1451849507921685,1,0.85,1.0,0.0
-0.1451849507921685,1,0.85,1.0,0.0
-0.1451849507921685,1,0.85,1.0,0.0
-0.1451849507921685,1,0.85,1.0,0.0
-0.1451849507921685,1,0.85,1.0,0.0
-0.1451849507921685,1,0.85,1.0,0.0
-0.1451849507921685,1,0.85,1.0,0.0
-0.1451849507921685,1,0.85,1.0,0.0
-0.1451849507921685,1,0.85,1.0,0.0
-0.1451849507921685,1,0.85,1.0,0.0
-0.1451849507921685,1,0.85,1.0,0.0
-0.1451849507921685,1,0.85,1.0,0.0
-0.1451849507921685,1,0.85,1.0,0.0
-0.1451849507921685,1,0.85,1.0,0.0
-0.1451849507921685,1,0.85,1.0,0.0
-0.1451849507921685,1,0.85,1.0,0.0
-0.1451849507921685,1,0.85,1.0,0.0
-0.1451849507921685,1,0.85,1.0,0.0
-0.1451849507921685,1,0.85,1.0,0.0
-0.1451849507921685,1,0.85,1.0,0.0
-0.1451849507921685,1,0.85,1.0,0.0
-0.1451849507921685,1,0.85,1.0,0.0
-0.1451849507921685,1,0.85,1.0,0.0
-0.1451849507921685,1,0.85,1.0,0.0
-0.1451849507921685,1,0.85,1.0,0.0
-0.1451849507921685,1,0.85,1.0,0.0
-0.1451849507921685,1,0.85,1.0,0.0
-0.1451849507921685,1,0.85,1.0,0.0
-0.1451849507921685,1,0.85,1.0,0.0
-0.1451849507921685,1,0.85,1.0,0.0
-0.1451849507921685,1,0.85,1.0,0.0
-0.1451849507921685,1,0.85,1.0,0.0
-0.1451849507921685,1,0.85,1.0,0.0
-0.1451849507921685,1,0.85,1.0,0.0
-0.1451849507921685,1,0.85,1.0,0.0
-0.1451849507921685,1,0.85,1.0,0.0
-0.1451849507921685,1,0.85,1.0,0.0
-0.1451849507921685,1,0.85,1.0,0.0
-0.1451849507921685,1,0.85,1.0,0.0
-0.1451849507921685,1,0.85,1.0,0.0
-0.1451849507921685,1,0.85,1.0,0.0
-0.1451849507921685,1,0.85,1.0,0.0
-0.1451849507921685,1,0.85,1.0,0.0
-0.1451849507921685,1,0.85,1.0,0.0
-0.1451849507921685,1,0.85,1.0,0.0
-0.1451849507921685,1,0.85,1.0,0.0
-0.1451849507921685,1,0.85,1.0,0.0
-0.1451849507921685,1,0.85,1.0,0.0
-0.1451849507921685,1,0.85,1.0,0.0
-0.1451849507921685,1,0.85,1.0,0.0
-0.1451849507921685,1,0.85,1.0,0.0
-0.1451849507921685,1,0.85,1.0,0.0
-0.1451849507921685,1,0.85,1.0,0.0
-0.1451849507921685,1,0.85,1.0,0.0
-0.1451849507921685,1,0.85,1.0,0.0
-0.1451849507921685,1,0.85,1.0,0.0
-0.1451849507921685,1,0.85,1.0,0.0
-0.1451849507921685,1,0.85,1.0,0.0
-0.1451849507921685,1,0.85,1.0,0.0
-0.1451849507921685,1,0.85,1.0,0.0
-0.1451849507921685,1,0.85,1.0,0.0
-0.1451849507921685,1,0.85,1.0,0.0
-0.1451849507921685,1,0.85,1.0,0.0
-0.1451849507921685,1,0.85,1.0,0.0
-0.1451849507921685,1,0.85,1.0,0.0
-0.1451849507921685,1,0.85,1.0,0.0
-0.1451849507921685,1,0.85,1.0,0.0
-0.1451849507921685,1,0.85,1.0,0.0
-0.1451849507921685,1,0.85,1.0,0.0
-0.1451849507921685,1,0.85,1.0,0.0
-0.1451849507921685,1,0.85,1.0,0.0
-0.1451849507921685,1,0.85,1.0,0.0
-0.1451849507921685,1,0.85,1.0,0.0
-0.1451849507921685,1,0.85,1.0,0.0
-0.1451849507921685,1,0.85,1.0,0.0
-0.1451849507921685,1,0.85,1.0,0.0
-0.1451849507921685,1,0.85,1.0,0.0
-0.1451849507921685,1,0.85,1.0,0.0
-0.1451849507921685,1,0.85,1.0,0.0
-0.1451849507921685,1,0.85,1.0,0.0
-0.1451849507921685,1,0.85,1.0,0.0
-0.1451849507921685,1,0.85,1.0,0.0
-0.1451849507921685,1,0.85,1.0,0.0
-0.1451849507921685,1,0.85,1.0,0.0
-0.1451849507921685,1,0.85,1.0,0.0
-0.1451849507921685,1,0.85,1.0,0.0
-0.1451849507921685,1,0.85,1.0,0.0
-0.1451849507921685,1,0.85,1.0,0.0
-0.1451849507921685,1,0.85,1.0,0.0
-0.1451849507921685,1,0.85,1.0,0.0
-0.1451849507921685,1,0.85,1.0,0.0
-0.1451849507921685,1,0.85,1.0,0.0
-0.1451849507921685,1,0.85,1.0,0.0
-0.1451849507921685,1,0.85,1.0,0.0
-0.1451849507921685,1,0.85,1.0,0.0
-0.1451849507921685,1,0.85,1.0,0.0
-0.1451849507921685,1,0.85,1.0,0.0
-0.1451849507921685,1,0.85,1.0,0.0
-0.1451849507921685,1,0.85,1.0,0.0
-0.1451849507921685,1,0.85,1.0,0.0
-0.1451849507921685,1,0.85,1.0,0.0
-0.1451849507921685,1,0.85,1.0,0.0
-0.1451849507921685,1,0.85,1.0,0.0
-0.1451849507921685,1,0.85,1.0,0.0
-0.1451849507921685,1,0.85,1.0,0.0
-0.1451849507921685,1,0.85,1.0,0.0
-0.1451849507921685,1,0.85,1.0,0.0
-0.1451849507921685,1,0.85,1.0,0.0
-0.1451849507921685,1,0.85,1.0,0.0
-0.1451849507921685,1,0.85,1.0,0.0
-0.1451849507921685,1,0.85,1.0,0.0
-0.1451849507921685,1,0.85,1.0,0.0
-0.1451849507921685,1,0.85,1.0,0.0
-0.1451849507921685,1,0.85,1.0,0.0
-0.1451849507921685,1,0.85,1.0,0.0
-0.1451849507921685,1,0.85,1.0,0.0
-0.1451849507921685,1,0.85,1.0,0.0
-0.1451849507921685,1,0.85,1.0,0.0
-0.1451849507921685,1,0.85,1.0,0.0
-0.1451849507921685,1,0.85,1.0,0.0
-0.1451849507921685,1,0.85,1.0,0.0
-0.1451849507921685,1,0.85,1.0,0.0
-0.1451849507921685,1,0.85,1.0,0.0
-0.1451849507921685,1,0.85,1.0,0.0
-0.1451849507921685,1,0.85,1.0,0.0
-0.1451849507921685,1,0.85,1.0,0.0
-0.1451849507921685,1,0.85,1.0,0.0
-0.1451849507921685,1,0.85,1.0,0.0
-0.1451849507921685,1,0.85,1.0,0.0
-0.1451849507921685,1,0.85,1.0,0.0
-0.1451849507921685,1,0.85,1.0,0.0
-0.1451849507921685,1,0.85,1.0,0.0
-0.1451849507921685,1,0.85,1.0,0.0
-0.1451849507921685,1,0.85,1.0,0.0
-0.1451849507921685,1,0.85,1.0,0.0
-0.1451849507921685,1,0.85,1.0,0.0
-0.1451849507921685,1,0.85,1.0,0.0
-0.1451849507921685,1,0.85,1.0,0.0
-0.1451849507921685,1,0.85,1.0,0.0
-0.1451849507921685,1,0.85,1.0,0.0
-0.1451849507921685,1,0.85,1.0,0.0
-0.1451849507921685,1,0.85,1.0,0.0
-0.1451849507921685,1,0.85,1.0,0.0
-0.1451849507921685,1,0.85,1.0,0.0
-0.1451849507921685,1,0.85,1.0,0.0
-0.1451849507921685,1,0.85,1.0,0.0
-0.1451849507921685,1,0.85,1.0,0.0
-0.1451849507921685,1,0.85,1.0,0.0
-0.1451849507921685,1,0.85,1.0,0.0
-0.1451849507921685,1,0.85,1.0,0.0
-0.1451849507921685,1,0.85,1.0,0.0
-0.1451849507921685,1,0.85,1.0,0.0
-0.1451849507921685,1,0.85,1.0,0.0
-0.1451849507921685,1,0.85,1.0,0.0
-0.1451849507921685,1,0.85,1.0,0.0
-0.1451849507921685,1,0.85,1.0,0.0
-0.1451849507921685,1,0.85,1.0,0.0
-0.1451849507921685,1,0.85,1.0,0.0
-0.1451849507921685,1,0.85,1.0,0.0
-0.1451849507921685,1,0.85,1.0,0.0
-0.1451849507921685,1,0.85,1.0,0.0
-0.1451849507921685,1,0.85,1.0,0.0
-0.1451849507921685,1,0.85,1.0,0.0
-0.1451849507921685,1,0.85,1.0,0.0
-0.1451849507921685,1,0.85,1.0,0.0
-0.1451849507921685,1,0.85,1.0,0.0
-0.1451849507921685,1,0.85,1.0,0.0
-0.1451849507921685,1,0.85,1.0,0.0
-0.1451849507921685,1,0.85,1.0,0.0
-0.1451849507921685,1,0.85,1.0,0.0
-0.1451849507921685,1,0.85,1.0,0.0
-0.1451849507921685,1,0.85,1.0,0.0
-0.1451849507921685,1,0.85,1.0,0.0
-0.1451849507921685,1,0.85,1.0,0.0
-0.1451849507921685,1,0.85,1.0,0.0
-0.1451849507921685,1,0.85,1.0,0.0
-0.1451849507921685,1,0.85,1.0,0.0
-0.1451849507921685,1,0.85,1.0,0.0
-0.1451849507921685,1,0.85,1.0,0.0
-0.1451849507921685,1,0.85,1.0,0.0
-0.1451849507921685,1,0.85,1.0,0.0
-0.1451849507921685,1,0.85,1.0,0.0
-0.1451849507921685,1,0.85,1.0,0.0
-0.1451849507921685,1,0.85,1.0,0.0
-0.1451849507921685,1,0.85,1.0,0.0
-0.1451849507921685,1,0.85,1.0,0.0
-0.1451849507921685,1,0.85,1.0,0.0
-0.1451849507921685,1,0.85,1.0,0.0
-0.1451849507921685,1,0.85,1.0,0.0
-0.1451849507921685,1,0.85,1.0,0.0
-0.1451849507921685,1,0.85,1.0,0.0
-0.1451849507921685,1,0.85,1.0,0.0
-0.1451849507921685,1,0.85,1.0,0.0
-0.1451849507921685,1,0.85,1.0,0.0
-0.1451849507921685,1,0.85,1.0,0.0
-0.1451849507921685,1,0.85,1.0,0.0
-0.1451849507921685,1,0.85,1.0,0.0
-0.1451849507921685,1,0.85,1.0,0.0
-0.1451849507921685,1,0.85,1.0,0.0
-0.1451849507921685,1,0.85,1.0,0.0
-0.1451849507921685,1,0.85,1.0,0.0
-0.1451849507921685,1,0.85,1.0,0.0
-0.1451849507921685,1,0.85,1.0,0.0
-0.1451849507921685,1,0.85,1.0,0.0
-0.1451849507921685,1,0.85,1.0,0.0
-0.1451849507921685,1,0.85,1.0,0.0
-0.1451849507921685,1,0.85,1.0,0.0
-0.1451849507921685,1,0.85,1.0,0.0
-0.1451849507921685,1,0.85,1.0,0.0
-0.1451849507921685,1,0.85,1.0,0.0
-0.1451849507921685,1,0.85,1.0,0.0
-0.1451849507921685,1,0.85,1.0,0.0
-0.1451849507921685,1,0.85,1.0,0.0
-0.1451849507921685,1,0.85,1.0,0.0
-0.1451849507921685,1,0.85,1.0,0.0
-0.1451849507921685,1,0.85,1.0,0.0
-0.1451849507921685,1,0.85,1.0,0.0
-0.1451849507921685,1,0.85,1.0,0.0
-0.1451849507921685,1,0.85,1.0,0.0
-0.1451849507921685,1,0.85,1.0,0.0
-0.1451849507921685,1,0.85,1.0,0.0
-0.1451849507921685,1,0.85,1.0,0.0
-0.1451849507921685,1,0.85,1.0,0.0
-0.1451849507921685,1,0.85,1.0,0.0
-0.1451849507921685,1,0.85,1.0,0.0
-0.1451849507921685,1,0.85,1.0,0.0
-0.1451849507921685,1,0.85,1.0,0.0
-0.1451849507921685,1,0.85,1.0,0.0
-0.1451849507921685,1,0.85,1.0,0.0
-0.1451849507921685,1,0.85,1.0,0.0
-0.1451849507921685,1,0.85,1.0,0.0
-0.1451849507921685,1,0.85,1.0,0.0
-0.1451849507921685,1,0.85,1.0,0.0
-0.1451849507921685,1,0.85,1.0,0.0
-0.1451849507921685,1,0.85,1.0,0.0
-0.1451849507921685,1,0.85,1.0,0.0
-0.1451849507921685,1,0.85,1.0,0.0
-0.1451849507921685,1,0.85,1.0,0.0
-0.1451849507921685,1,0.85,1.0,0.0
-0.1451849507921685,1,0.85,1.0,0.0
-0.1451849507921685,1,0.85,1.0,0.0
-0.1451849507921685,1,0.85,1.0,0.0
-0.1451849507921685,1,0.85,1.0,0.0
-0.1451849507921685,1,0.85,1.0,0.0
-0.1451849507921685,1,0.85,1.0,0.0
-0.1451849507921685,1,0.85,1.0,0.0
-0.1451849507921685,1,0.85,1.0,0.0
-0.1451849507921685,1,0.85,1.0,0.0
-0.1451849507921685,1,0.85,1.0,0.0
-0.1451849507921685,1,0.85,1.0,0.0
-0.1451849507921685,1,0.85,1.0,0.0
-0.1451849507921685,1,0.85,1.0,0.0
-0.1451849507921685,1,0.85,1.0,0.0
-0.1451849507921685,1,0.85,1.0,0.0
-0.1451849507921685,1,0.85,1.0,0.0
-0.1451849507921685,1,0.85,1.0,0.0
-0.1451849507921685,1,0.85,1.0,0.0
-0.1451849507921685,1,0.85,1.0,0.0
-0.1451849507921685,1,0.85,1.0,0.0
-0.1451849507921685,1,0.85,1.0,0.0
-0.1451849507921685,1,0.85,1.0,0.0
-0.1451849507921685,1,0.85,1.0,0.0
-0.1451849507921685,1,0.85,1.0,0.0
-0.1451849507921685,1,0.85,1.0,0.0
-0.1451849507921685,1,0.85,1.0,0.0
-0.1451849507921685,1,0.85,1.0,0.0
-0.1451849507921685,1,0.85,1.0,0.0
-0.1451849507921685,1,0.85,1.0,0.0
-0.1451849507921685,1,0.85,1.0,0.0
-0.1451849507921685,1,0.85,1.0,0.0
-0.1451849507921685,1,0.85,1.0,0.0
-0.1451849507921685,1,0.85,1.0,0.0
-0.1451849507921685,1,0.85,1.0,0.0
-0.1451849507921685,1,0.85,1.0,0.0
-0.1451849507921685,1,0.85,1.0,0.0
-0.1451849507921685,1,0.85,1.0,0.0
-0.1451849507921685,1,0.85,1.0,0.0
-0.1451849507921685,1,0.85,1.0,0.0
-0.1451849507921685,1,0.85,1.0,0.0
-0.1451849507921685,1,0.85,1.0,0.0
-0.1451849507921685,1,0.85,1.0,0.0
-0.1451849507921685,1,0.85,1.0,0.0
-0.1451849507921685,1,0.85,1.0,0.0
-0.1451849507921685,1,0.85,1.0,0.0
-0.1451849507921685,1,0.85,1.0,0.0
-0.1451849507921685,1,0.85,1.0,0.0
-0.1451849507921685,1,0.85,1.0,0.0
-0.1451849507921685,1,0.85,1.0,0.0
-0.1451849507921685,1,0.85,1.0,0.0
-0.1451849507921685,1,0.85,1.0,0.0
-0.1451849507921685,1,0.85,1.0,0.0
-0.1451849507921685,1,0.85,1.0,0.0
-0.1451849507921685,1,0.85,1.0,0.0
-0.1451849507921685,1,0.85,1.0,0.0
-0.1451849507921685,1,0.85,1.0,0.0
-0.1451849507921685,1,0.85,1.0,0.0
-0.1451849507921685,1,0.85,1.0,0.0
-0.1451849507921685,1,0.85,1.0,0.0
-0.1451849507921685,1,0.85,1.0,0.0
-0.1451849507921685,1,0.85,1.0,0.0
-0.1451849507921685,1,0.85,1.0,0.0
-0.1451849507921685,1,0.85,1.0,0.0
-0.1451849507921685,1,0.85,1.0,0.0
-0.1451849507921685,1,0.85,1.0,0.0
-0.1451849507921685,1,0.85,1.0,0.0
-0.1451849507921685,1,0.85,1.0,0.0
-0.1451849507921685,1,0.85,1.0,0.0
-0.1451849507921685,1,0.85,1.0,0.0
-0.1451849507921685,1,0.85,1.0,0.0
-0.1451849507921685,1,0.85,1.0,0.0
-0.1451849507921685,1,0.85,1.0,0.0
-0.1451849507921685,1,0.85,1.0,0.0
-0.1451849507921685,1,0.85,1.0,0.0
-0.1451849507921685,1,0.85,1.0,0.0
-0.1451849507921685,1,0.85,1.0,0.0
-0.1451849507921685,1,0.85,1.0,0.0
-0.1451849507921685,1,0.85,1.0,0.0
-0.1451849507921685,1,0.85,1.0,0.0
-0.1451849507921685,1,0.85,1.0,0.0
-0.1451849507921685,1,0.85,1.0,0.0
-0.1451849507921685,1,0.85,1.0,0.0
-0.1451849507921685,1,0.85,1.0,0.0
-0.1451849507921685,1,0.85,1.0,0.0
-0.1451849507921685,1,0.85,1.0,0.0
-0.1451849507921685,1,0.85,1.0,0.0
-0.1451849507921685,1,0.85,1.0,0.0
-0.1451849507921685,1,0.85,1.0,0.0
-0.1451849507921685,1,0.85,1.0,0.0
-0.1451849507921685,1,0.85,1.0,0.0
-0.1451849507921685,1,0.85,1.0,0.0
-0.1451849507921685,1,0.85,1.0,0.0
-0.1451849507921685,1,0.85,1.0,0.0
-0.1451849507921685,1,0.85,1.0,0.0
-0.1451849507921685,1,0.85,1.0,0.0
-0.1451849507921685,1,0.85,1.0,0.0
-0.1451849507921685,1,0.85,1.0,0.0
-0.1451849507921685,1,0.85,1.0,0.0
-0.1451849507921685,1,0.85,1.0,0.0
-0.1451849507921685,1,0.85,1.0,0.0
-0.1451849507921685,1,0.85,1.0,0.0
-0.1451849507921685,1,0.85,1.0,0.0
-0.1451849507921685,1,0.85,1.0,0.0
-0.1451849507921685,1,0.85,1.0,0.0
-0.1451849507921685,1,0.85,1.0,0.0
-0.1451849507921685,1,0.85,1.0,0.0
-0.1451849507921685,1,0.85,1.0,0.0
-0.1451849507921685,1,0.85,1.0,0.0
-0.1451849507921685,1,0.85,1.0,0.0
-0.1451849507921685,1,0.85,1.0,0.0
-0.1451849507921685,1,0.85,1.0,0.0
-0.1451849507921685,1,0.85,1.0,0.0
-0.1451849507921685,1,0.85,1.0,0.0
-0.1451849507921685,1,0.85,1.0,0.0
-0.1451849507921685,1,0.85,1.0,0.0
-0.1451849507921685,1,0.85,1.0,0.0
-0.1451849507921685,1,0.85,1.0,0.0
-0.1451849507921685,1,0.85,1.0,0.0
-0.1451849507921685,1,0.85,1.0,0.0
-0.1451849507921685,1,0.85,1.0,0.0
-0.1451849507921685,1,0.85,1.0,0.0
-0.1451849507921685,1,0.85,1.0,0.0
-0.1451849507921685,1,0.85,1.0,0.0
-0.1451849507921685,1,0.85,1.0,0.0
-0.1451849507921685,1,0.85,1.0,0.0
-0.1451849507921685,1,0.85,1.0,0.0
-0.1451849507921685,1,0.85,1.0,0.0
-0.1451849507921685,1,0.85,1.0,0.0
-0.1451849507921685,1,0.85,1.0,0.0
-0.1451849507921685,1,0.85,1.0,0.0
-0.1451849507921685,1,0.85,1.0,0.0
-0.1451849507921685,1,0.85,1.0,0.0
-0.1451849507921685,1,0.85,1.0,0.0
-0.1451849507921685,1,0.85,1.0,0.0
-0.1451849507921685,1,0.85,1.0,0.0
-0.1451849507921685,1,0.85,1.0,0.0
-0.1451849507921685,1,0.85,1.0,0.0
-0.1451849507921685,1,0.85,1.0,0.0
-0.1451849507921685,1,0.85,1.0,0.0
-0.1451849507921685,1,0.85,1.0,0.0
-0.1451849507921685,1,0.85,1.0,0.0
-0.1451849507921685,1,0.85,1.0,0.0
-0.1451849507921685,1,0.85,1.0,0.0
-0.1451849507921685,1,0.85,1.0,0.0
-0.1451849507921685,1,0.85,1.0,0.0
-0.1451849507921685,1,0.85,1.0,0.0
-0.1451849507921685,1,0.85,1.0,0.0
-0.1451849507921685,1,0.85,1.0,0.0
-0.1451849507921685,1,0.85,1.0,0.0
-0.1451849507921685,1,0.85,1.0,0.0
-0.1451849507921685,1,0.85,1.0,0.0
-0.1451849507921685,1,0.85,1.0,0.0
-0.1451849507921685,1,0.85,1.0,0.0
-0.1451849507921685,1,0.85,1.0,0.0
-0.1451849507921685,1,0.85,1.0,0.0
-0.1451849507921685,1,0.85,1.0,0.0
-0.1451849507921685,1,0.85,1.0,0.0
-0.1451849507921685,1,0.85,1.0,0.0
-0.1451849507921685,1,0.85,1.0,0.0
-0.1451849507921685,1,0.85,1.0,0.0
-0.1451849507921685,1,0.85,1.0,0.0
-0.1451849507921685,1,0.85,1.0,0.0
-0.1451849507921685,1,0.85,1.0,0.0
-0.1451849507921685,1,0.85,1.0,0.0
-0.1451849507921685,1,0.85,1.0,0.0
-0.1451849507921685,1,0.85,1.0,0.0
-0.1451849507921685,1,0.85,1.0,0.0
-0.1451849507921685,1,0.85,1.0,0.0
-0.1451849507921685,1,0.85,1.0,0.0
-0.1451849507921685,1,0.85,1.0,0.0
-0.1451849507921685,1,0.85,1.0,0.0
-0.1451849507921685,1,0.85,1.0,0.0
-0.1451849507921685,1,0.85,1.0,0.0
-0.1451849507921685,1,0.85,1.0,0.0
-0.1451849507921685,1,0.85,1.0,0.0
-0.1451849507921685,1,0.85,1.0,0.0
-0.1451849507921685,1,0.85,1.0,0.0
-0.1451849507921685,1,0.85,1.0,0.0
-0.1451849507921685,1,0.85,1.0,0.0
-0.1451849507921685,1,0.85,1.0,0.0
-0.1451849507921685,1,0.85,1.0,0.0
-0.1451849507921685,1,0.85,1.0,0.0
-0.1451849507921685,1,0.85,1.0,0.0
-0.1451849507921685,1,0.85,1.0,0.0
-0.1451849507921685,1,0.85,1.0,0.0
-0.1451849507921685,1,0.85,1.0,0.0
-0.1451849507921685,1,0.85,1.0,0.0
-0.1451849507921685,1,0.85,1.0,0.0
-0.1451849507921685,1,0.85,1.0,0.0
-0.1451849507921685,1,0.85,1.0,0.0
-0.1451849507921685,1,0.85,1.0,0.0
-0.1451849507921685,1,0.85,1.0,0.0
-0.1451849507921685,1,0.85,1.0,0.0
-0.1451849507921685,1,0.85,1.0,0.0
-0.1451849507921685,1,0.85,1.0,0.0
-0.1451849507921685,1,0.85,1.0,0.0
-0.1451849507921685,1,0.85,1.0,0.0
-0.1451849507921685,1,0.85,1.0,0.0
-0.1451849507921685,1,0.85,1.0,0.0
-0.1451849507921685,1,0.85,1.0,0.0
-0.1451849507921685,1,0.85,1.0,0.0
-0.1451849507921685,1,0.85,1.0,0.0
-0.1451849507921685,1,0.85,1.0,0.0
-0.1451849507921685,1,0.85,1.0,0.0
-0.1451849507921685,1,0.85,1.0,0.0
-0.1451849507921685,1,0.85,1.0,0.0
-0.1451849507921685,1,0.85,1.0,0.0
-0.1451849507921685,1,0.85,1.0,0.0
-0.1451849507921685,1,0.85,1.0,0.0
-0.1451849507921685,1,0.85,1.0,0.0
-0.1451849507921685,1,0.85,1.0,0.0
-0.1451849507921685,1,0.85,1.0,0.0
-0.1451849507921685,1,0.85,1.0,0.0
-0.1451849507921685,1,0.85,1.0,0.0
-0.1451849507921685,1,0.85,1.0,0.0
-0.1451849507921685,1,0.85,1.0,0.0
-0.1451849507921685,1,0.85,1.0,0.0
-0.1451849507921685,1,0.85,1.0,0.0
-0.1451849507921685,1,0.85,1.0,0.0
-0.1451849507921685,1,0.85,1.0,0.0
-0.1451849507921685,1,0.85,1.0,0.0
-0.1451849507921685,1,0.85,1.0,0.0
-0.1451849507921685,1,0.85,1.0,0.0
-0.1451849507921685,1,0.85,1.0,0.0
-0.1451849507921685,1,0.85,1.0,0.0
-0.1451849507921685,1,0.85,1.0,0.0
-0.1451849507921685,1,0.85,1.0,0.0
-0.1451849507921685,1,0.85,1.0,0.0
-0.1451849507921685,1,0.85,1.0,0.0
-0.1451849507921685,1,0.85,1.0,0.0
-0.1451849507921685,1,0.85,1.0,0.0
-0.1451849507921685,1,0.85,1.0,0.0
-0.1451849507921685,1,0.85,1.0,0.0
-0.1451849507921685,1,0.85,1.0,0.0
-0.1451849507921685,1,0.85,1.0,0.0
-0.1451849507921685,1,0.85,1.0,0.0
-0.1451849507921685,1,0.85,1.0,0.0
-0.1451849507921685,1,0.85,1.0,0.0
-0.1451849507921685,1,0.85,1.0,0.0
-0.1451849507921685,1,0.85,1.0,0.0
-0.1451849507921685,1,0.85,1.0,0.0
-0.1451849507921685,1,0.85,1.0,0.0
-0.1451849507921685,1,0.85,1.0,0.0
-0.1451849507921685,1,0.85,1.0,0.0
-0.1451849507921685,1,0.85,1.0,0.0
-0.1451849507921685,1,0.85,1.0,0.0
-0.1451849507921685,1,0.85,1.0,0.0
-0.1451849507921685,1,0.85,1.0,0.0
-0.1451849507921685,1,0.85,1.0,0.0
-0.1451849507921685,1,0.85,1.0,0.0
-0.1451849507921685,1,0.85,1.0,0.0
-0.1451849507921685,1,0.85,1.0,0.0
-0.1451849507921685,1,0.85,1.0,0.0
-0.1451849507921685,1,0.85,1.0,0.0
-0.1451849507921685,1,0.85,1.0,0.0
-0.1451849507921685,1,0.85,1.0,0.0
-0.1451849507921685,1,0.85,1.0,0.0
-0.1451849507921685,1,0.85,1.0,0.0
-0.1451849507921685,1,0.85,1.0,0.0
-0.1451849507921685,1,0.85,1.0,0.0
-0.1451849507921685,1,0.85,1.0,0.0
-0.1451849507921685,1,0.85,1.0,0.0
-0.1451849507921685,1,0.85,1.0,0.0
-0.1451849507921685,1,0.85,1.0,0.0
-0.1451849507921685,1,0.85,1.0,0.0
-0.1451849507921685,1,0.85,1.0,0.0
-0.1451849507921685,1,0.85,1.0,0.0
-0.1451849507921685,1,0.85,1.0,0.0
-0.1451849507921685,1,0.85,1.0,0.0
-0.1451849507921685,1,0.85,1.0,0.0
-0.1451849507921685,1,0.85,1.0,0.0
-0.1451849507921685,1,0.85,1.0,0.0
-0.1451849507921685,1,0.85,1.0,0.0
-0.1451849507921685,1,0.85,1.0,0.0
-0.1451849507921685,1,0.85,1.0,0.0
-0.1451849507921685,1,0.85,1.0,0.0
-0.1451849507921685,1,0.85,1.0,0.0
-0.1451849507921685,1,0.85,1.0,0.0
-0.1451849507921685,1,0.85,1.0,0.0
-0.1451849507921685,1,0.85,1.0,0.0
-0.1451849507921685,1,0.85,1.0,0.0
-0.1451849507921685,1,0.85,1.0,0.0
-0.1451849507921685,1,0.85,1.0,0.0
-0.1451849507921685,1,0.85,1.0,0.0
-0.1451849507921685,1,0.85,1.0,0.0
-0.1451849507921685,1,0.85,1.0,0.0
-0.1451849507921685,1,0.85,1.0,0.0
-0.1451849507921685,1,0.85,1.0,0.0
-0.1451849507921685,1,0.85,1.0,0.0
-0.1451849507921685,1,0.85,1.0,0.0
-0.1451849507921685,1,0.85,1.0,0.0
-0.1451849507921685,1,0.85,1.0,0.0
-0.1451849507921685,1,0.85,1.0,0.0
-0.1451849507921685,1,0.85,1.0,0.0
-0.1451849507921685,1,0.85,1.0,0.0
-0.1451849507921685,1,0.85,1.0,0.0
-0.1451849507921685,1,0.85,1.0,0.0
-0.1451849507921685,1,0.85,1.0,0.0
-0.1451849507921685,1,0.85,1.0,0.0
-0.1451849507921685,1,0.85,1.0,0.0
-0.1451849507921685,1,0.85,1.0,0.0
-0.1451849507921685,1,0.85,1.0,0.0
-0.1451849507921685,1,0.85,1.0,0.0
-0.1451849507921685,1,0.85,1.0,0.0
-0.1451849507921685,1,0.85,1.0,0.0
-0.1451849507921685,1,0.85,1.0,0.0
-0.1451849507921685,1,0.85,1.0,0.0
-0.1451849507921685,1,0.85,1.0,0.0
-0.1451849507921685,1,0.85,1.0,0.0
-0.1451849507921685,1,0.85,1.0,0.0
-0.1451849507921685,1,0.85,1.0,0.0
-0.1451849507921685,1,0.85,1.0,0.0
-0.1451849507921685,1,0.85,1.0,0.0
-0.1451849507921685,1,0.85,1.0,0.0
-0.1451849507921685,1,0.85,1.0,0.0
-0.1451849507921685,1,0.85,1.0,0.0
-0.1451849507921685,1,0.85,1.0,0.0
-0.1451849507921685,1,0.85,1.0,0.0
-0.1451849507921685,1,0.85,1.0,0.0
-0.1451849507921685,1,0.85,1.0,0.0
-0.1451849507921685,1,0.85,1.0,0.0
-0.1451849507921685,1,0.85,1.0,0.0
-0.1451849507921685,1,0.85,1.0,0.0
-0.1451849507921685,1,0.85,1.0,0.0
-0.1451849507921685,1,0.85,1.0,0.0
-0.1451849507921685,1,0.85,1.0,0.0
-0.1451849507921685,1,0.85,1.0,0.0
-0.1451849507921685,1,0.85,1.0,0.0
-0.1451849507921685,1,0.85,1.0,0.0
-0.1451849507921685,1,0.85,1.0,0.0
-0.1451849507921685,1,0.85,1.0,0.0
-0.1451849507921685,1,0.85,1.0,0.0
-0.1451849507921685,1,0.85,1.0,0.0
-0.1451849507921685,1,0.85,1.0,0.0
-0.1451849507921685,1,0.85,1.0,0.0
-0.1451849507921685,1,0.85,1.0,0.0
-0.1451849507921685,1,0.85,1.0,0.0
-0.1451849507921685,1,0.85,1.0,0.0
-0.1451849507921685,1,0.85,1.0,0.0
-0.1451849507921685,1,0.85,1.0,0.0
-0.1451849507921685,1,0.85,1.0,0.0
-0.1451849507921685,1,0.85,1.0,0.0
-0.1451849507921685,1,0.85,1.0,0.0
-0.1451849507921685,1,0.85,1.0,0.0
-0.1451849507921685,1,0.85,1.0,0.0
-0.1451849507921685,1,0.85,1.0,0.0
-0.1451849507921685,1,0.85,1.0,0.0
-0.1451849507921685,1,0.85,1.0,0.0
-0.1451849507921685,1,0.85,1.0,0.0
-0.1451849507921685,1,0.85,1.0,0.0
-0.1451849507921685,1,0.85,1.0,0.0
-0.1451849507921685,1,0.85,1.0,0.0
-0.1451849507921685,1,0.85,1.0,0.0
-0.1451849507921685,1,0.85,1.0,0.0
-0.1451849507921685,1,0.85,1.0,0.0
-0.1451849507921685,1,0.85,1.0,0.0
-0.1451849507921685,1,0.85,1.0,0.0
-0.1451849507921685,1,0.85,1.0,0.0
-0.1451849507921685,1,0.85,1.0,0.0
-0.1451849507921685,1,0.85,1.0,0.0
-0.1451849507921685,1,0.85,1.0,0.0
-0.1451849507921685,1,0.85,1.0,0.0
-0.1451849507921685,1,0.85,1.0,0.0
-0.1451849507921685,1,0.85,1.0,0.0
-0.1451849507921685,1,0.85,1.0,0.0
-0.1451849507921685,1,0.85,1.0,0.0
-0.1451849507921685,1,0.85,1.0,0.0
-0.1451849507921685,1,0.85,1.0,0.0
-0.1451849507921685,1,0.85,1.0,0.0
-0.1451849507921685,1,0.85,1.0,0.0
-0.1451849507921685,1,0.85,1.0,0.0
-0.1451849507921685,1,0.85,1.0,0.0
-0.1451849507921685,1,0.85,1.0,0.0
-0.1451849507921685,1,0.85,1.0,0.0
-0.1451849507921685,1,0.85,1.0,0.0
-0.1451849507921685,1,0.85,1.0,0.0
-0.1451849507921685,1,0.85,1.0,0.0
-0.1451849507921685,1,0.85,1.0,0.0
-0.1451849507921685,1,0.85,1.0,0.0
-0.1451849507921685,1,0.85,1.0,0.0
-0.1451849507921685,1,0.85,1.0,0.0
-0.1451849507921685,1,0.85,1.0,0.0
-0.1451849507921685,1,0.85,1.0,0.0
-0.1451849507921685,1,0.85,1.0,0.0
-0.1451849507921685,1,0.85,1.0,0.0
-0.1451849507921685,1,0.85,1.0,0.0
-0.1451849507921685,1,0.85,1.0,0.0
-0.1451849507921685,1,0.85,1.0,0.0
-0.1451849507921685,1,0.85,1.0,0.0
-0.1451849507921685,1,0.85,1.0,0.0
-0.1451849507921685,1,0.85,1.0,0.0
-0.1451849507921685,1,0.85,1.0,0.0
-0.1451849507921685,1,0.85,1.0,0.0
-0.1451849507921685,1,0.85,1.0,0.0
-0.1451849507921685,1,0.85,1.0,0.0
-0.1451849507921685,1,0.85,1.0,0.0
-0.1451849507921685,1,0.85,1.0,0.0
-0.1451849507921685,1,0.85,1.0,0.0
-0.1451849507921685,1,0.85,1.0,0.0
-0.1451849507921685,1,0.85,1.0,0.0
-0.1451849507921685,1,0.85,1.0,0.0
-0.1451849507921685,1,0.85,1.0,0.0
-0.1451849507921685,1,0.85,1.0,0.0
-0.1451849507921685,1,0.85,1.0,0.0
-0.1451849507921685,1,0.85,1.0,0.0
-0.1451849507921685,1,0.85,1.0,0.0
-0.1451849507921685,1,0.85,1.0,0.0
-0.1451849507921685,1,0.85,1.0,0.0
-0.1451849507921685,1,0.85,1.0,0.0
-0.1451849507921685,1,0.85,1.0,0.0
-0.1451849507921685,1,0.85,1.0,0.0
-0.1451849507921685,1,0.85,1.0,0.0
-0.1451849507921685,1,0.85,1.0,0.0
-0.1451849507921685,1,0.85,1.0,0.0
-0.1451849507921685,1,0.85,1.0,0.0
-0.1451849507921685,1,0.85,1.0,0.0
-0.1451849507921685,1,0.85,1.0,0.0
-0.1451849507921685,1,0.85,1.0,0.0
-0.1451849507921685,1,0.85,1.0,0.0
-0.1451849507921685,1,0.85,1.0,0.0
-0.1451849507921685,1,0.85,1.0,0.0
-0.1451849507921685,1,0.85,1.0,0.0
-0.1451849507921685,1,0.85,1.0,0.0
-0.1451849507921685,1,0.85,1.0,0.0
-0.1451849507921685,1,0.85,1.0,0.0
-0.1451849507921685,1,0.85,1.0,0.0
-0.1451849507921685,1,0.85,1.0,0.0
-0.1451849507921685,1,0.85,1.0,0.0
-0.1451849507921685,1,0.85,1.0,0.0
-0.1451849507921685,1,0.85,1.0,0.0
-0.1451849507921685,1,0.85,1.0,0.0
-0.1451849507921685,1,0.85,1.0,0.0
-0.1451849507921685,1,0.85,1.0,0.0
-0.1451849507921685,1,0.85,1.0,0.0
-0.1451849507921685,1,0.85,1.0,0.0
-0.1451849507921685,1,0.85,1.0,0.0
-0.1451849507921685,1,0.85,1.0,0.0
-0.1451849507921685,1,0.85,1.0,0.0
-0.1451849507921685,1,0.85,1.0,0.0
-0.1451849507921685,1,0.85,1.0,0.0
-0.1451849507921685,1,0.85,1.0,0.0
-0.1451849507921685,1,0.85,1.0,0.0
-0.1451849507921685,1,0.85,1.0,0.0
-0.1451849507921685,1,0.85,1.0,0.0
-0.1451849507921685,1,0.85,1.0,0.0
-0.1451849507921685,1,0.85,1.0,0.0
-0.1451849507921685,1,0.85,1.0,0.0
-0.1451849507921685,1,0.85,1.0,0.0
-0.1451849507921685,1,0.85,1.0,0.0
-0.1451849507921685,1,0.85,1.0,0.0
-0.1451849507921685,1,0.85,1.0,0.0
-0.1451849507921685,1,0.85,1.0,0.0
-0.1451849507921685,1,0.85,1.0,0.0
-0.1451849507921685,1,0.85,1.0,0.0
-0.1451849507921685,1,0.85,1.0,0.0
-0.1451849507921685,1,0.85,1.0,0.0
-0.1451849507921685,1,0.85,1.0,0.0
-0.1451849507921685,1,0.85,1.0,0.0
-0.1451849507921685,1,0.85,1.0,0.0
-0.1451849507921685,1,0.85,1.0,0.0
-0.1451849507921685,1,0.85,1.0,0.0
-0.1451849507921685,1,0.85,1.0,0.0
-0.1451849507921685,1,0.85,1.0,0.0
-0.1451849507921685,1,0.85,1.0,0.0
-0.1451849507921685,1,0.85,1.0,0.0
-0.1451849507921685,1,0.85,1.0,0.0
-0.1451849507921685,1,0.85,1.0,0.0
-0.1451849507921685,1,0.85,1.0,0.0
-0.1451849507921685,1,0.85,1.0,0.0
-0.1451849507921685,1,0.85,1.0,0.0
-0.1451849507921685,1,0.85,1.0,0.0
-0.1451849507921685,1,0.85,1.0,0.0
-0.1451849507921685,1,0.85,1.0,0.0
-0.1451849507921685,1,0.85,1.0,0.0
-0.1451849507921685,1,0.85,1.0,0.0
-0.1451849507921685,1,0.85,1.0,0.0
-0.1451849507921685,1,0.85,1.0,0.0
-0.1451849507921685,1,0.85,1.0,0.0
-0.1451849507921685,1,0.85,1.0,0.0
-0.1451849507921685,1,0.85,1.0,0.0
-0.1451849507921685,1,0.85,1.0,0.0
-0.1451849507921685,1,0.85,1.0,0.0
-0.1451849507921685,1,0.85,1.0,0.0
-0.1451849507921685,1,0.85,1.0,0.0
-0.1451849507921685,1,0.85,1.0,0.0
-0.1451849507921685,1,0.85,1.0,0.0
-0.1451849507921685,1,0.85,1.0,0.0
-0.1451849507921685,1,0.85,1.0,0.0
-0.1451849507921685,1,0.85,1.0,0.0
-0.1451849507921685,1,0.85,1.0,0.0
-0.1451849507921685,1,0.85,1.0,0.0
-0.1451849507921685,1,0.85,1.0,0.0
-0.1451849507921685,1,0.85,1.0,0.0
-0.1451849507921685,1,0.85,1.0,0.0
-0.1451849507921685,1,0.85,1.0,0.0
-0.1451849507921685,1,0.85,1.0,0.0
-0.1451849507921685,1,0.85,1.0,0.0
-0.1451849507921685,1,0.85,1.0,0.0
-0.1451849507921685,1,0.85,1.0,0.0
-0.1451849507921685,1,0.85,1.0,0.0
-0.1451849507921685,1,0.85,1.0,0.0
-0.1451849507921685,1,0.85,1.0,0.0
-0.1451849507921685,1,0.85,1.0,0.0
-0.1451849507921685,1,0.85,1.0,0.0
-0.1451849507921685,1,0.85,1.0,0.0
-0.1451849507921685,1,0.85,1.0,0.0
-0.1451849507921685,1,0.85,1.0,0.0
-0.1451849507921685,1,0.85,1.0,0.0
-0.1451849507921685,1,0.85,1.0,0.0
-0.1451849507921685,1,0.85,1.0,0.0
-0.1451849507921685,1,0.85,1.0,0.0
-0.1451849507921685,1,0.85,1.0,0.0
-0.1451849507921685,1,0.85,1.0,0.0
-0.1451849507921685,1,0.85,1.0,0.0
-0.1451849507921685,1,0.85,1.0,0.0
-0.1451849507921685,1,0.85,1.0,0.0
-0.1451849507921685,1,0.85,1.0,0.0
-0.1451849507921685,1,0.85,1.0,0.0
-0.1451849507921685,1,0.85,1.0,0.0
-0.1451849507921685,1,0.85,1.0,0.0
-0.1451849507921685,1,0.85,1.0,0.0
-0.1451849507921685,1,0.85,1.0,0.0
-0.1451849507921685,1,0.85,1.0,0.0
-0.1451849507921685,1,0.85,1.0,0.0
-0.1451849507921685,1,0.85,1.0,0.0
-0.1451849507921685,1,0.85,1.0,0.0
-0.1451849507921685,1,0.85,1.0,0.0
-0.1451849507921685,1,0.85,1.0,0.0
-0.1451849507921685,1,0.85,1.0,0.0
-0.1451849507921685,1,0.85,1.0,0.0
-0.1451849507921685,1,0.85,1.0,0.0
-0.1451849507921685,1,0.85,1.0,0.0
-0.1451849507921685,1,0.85,1.0,0.0
16.18523236568985,1,0.85,1.0,0.0
22.87913107313365,1,0.85,1.0,0.0
42.23453169812494,1,0.85,1.0,1751.9999999999998
37.65213124068019,1,0.85,1.0,1751.0
37.65213124068019,1,0.85,1.0,1751.0
23.178634371005856,1,0.85,1.0,0.0
20.625368756645297,1,0.85,1.0,0.0
20.625368756645297,1,0.85,1.0,0.0
20.221039304517824,1,0.85,1.0,0.0
20.265964799198656,1,0.85,1.0,0.0
13.53462817952083,1,0.85,1.0,0.0
14.403187743350227,1,0.85,1.0,0.0
14.403187743350227,1,0.85,1.0,0.0
6.945555626332303,1,0.85,1.0,0.0
0.6934242832500075,1,0.85,1.0,0.0
0.6934242832500075,1,0.85,1.0,0.0
0.723374613037228,1,0.85,1.0,0.0
6.938068043885497,1,0.85,1.0,0.0
0.6934242832500075,1,0.85,1.0,0.0
0.6934242832500075,1,0.85,1.0,0.0
0.6934242832500075,1,0.85,1.0,0.0
0.6934242832500075,1,0.85,1.0,0.0
0.6634739534627871,1,0.85,1.0,0.0
0.6634739534627871,1,0.85,1.0,0.0
2.1310401130365952,1,0.85,1.0,0.0
7.020431450800355,1,0.85,1.0,0.0
2.116064948142985,1,0.85,1.0,0.0
2.116064948142985,1,0.85,1.0,0.0
7.005456285906743,1,0.85,1.0,0.0
0.6634739534627871,1,0.85,1.0,0.0
0.6634739534627871,1,0.85,1.0,0.0
6.938068043885497,1,0.85,1.0,0.0
6.945555626332303,1,0.85,1.0,0.0
7.020431450800355,1,0.85,1.0,0.0
7.020431450800355,1,0.85,1.0,0.0
4.871495288567277,1,0.85,1.0,0.0
0.6634739534627871,1,0.85,1.0,0.0
0.7533249428244487,1,0.85,1.0,0.0
7.522099474736298,1,0.85,1.0,0.0
0.7608125252712539,1,0.85,1.0,0.0
7.020431450800355,1,0.85,1.0,0.0
7.020431450800355,1,0.85,1.0,0.0
0.6634739534627871,1,0.85,1.0,0.0
0.6709615359095922,1,0.85,1.0,0.0
7.417273320481026,1,0.85,1.0,0.0
7.522099474736298,1,0.85,1.0,0.0
1.1651419773987315,1,0.85,1.0,0.0
0.6634739534627871,1,0.85,1.0,0.0
0.6634739534627871,1,0.85,1.0,0.0
0.81322560239889,1,0.85,1.0,0.0
0.8057380199520848,1,0.85,1.0,0.0
1.1501668125051214,1,0.85,1.0,0.0
1.1801171422923418,1,0.85,1.0,0.0
0.6634739534627871,1,0.85,1.0,0.0
0.6634739534627871,1,0.85,1.0,0.0
0.6559863710159819,1,0.85,1.0,0.0
0.81322560239889,1,0.85,1.0,0.0
0.81322560239889,1,0.85,1.0,0.0
1.307406043888029,1,0.85,1.0,0.0
1.1501668125051214,1,0.85,1.0,0.0
0.6484987885691768,1,0.85,1.0,0.0
0.6484987885691768,1,0.85,1.0,0.0
0.7982504375052797,1,0.85,1.0,0.0
0.7982504375052797,1,0.85,1.0,0.0
1.1426792300583162,1,0.85,1.0,0.0
1.2699681316540035,1,0.85,1.0,0.0
1.284943296547614,1,0.85,1.0,0.0
0.6410112061223716,1,0.85,1.0,0.0
1.292430878994419,1,0.85,1.0,0.0
1.292430878994419,1,0.85,1.0,0.0
0.7982504375052797,1,0.85,1.0,0.0
0.7982504375052797,1,0.85,1.0,0.0
0.7982504375052797,1,0.85,1.0,0.0
0.6484987885691768,1,0.85,1.0,0.0
1.172629559845537,1,0.85,1.0,0.0
1.292430878994419,1,0.85,1.0,0.0
1.1426792300583162,1,0.85,1.0,0.0
0.7982504375052797,1,0.85,1.0,0.0
0.7982504375052797,1,0.85,1.0,0.0
0.6484987885691768,1,0.85,1.0,0.0
0.6484987885691768,1,0.85,1.0,0.0
1.2999184614412242,1,0.85,1.0,0.0
1.2999184614412242,1,0.85,1.0,0.0
1.1426792300583162,1,0.85,1.0,0.0
0.7982504375052797,1,0.85,1.0,0.0
0.7982504375052797,1,0.85,1.0,0.0
0.6484987885691768,1,0.85,1.0,0.0
0.6634739534627871,1,0.85,1.0,0.0
0.7907628550584745,1,0.85,1.0,0.0
1.1501668125051214,1,0.85,1.0,0.0
1.135191647611511,1,0.85,1.0,0.0
0.6484987885691768,1,0.85,1.0,0.0
0.6484987885691768,1,0.85,1.0,0.0
0.6484987885691768,1,0.85,1.0,0.0
0.7907628550584745,1,0.85,1.0,0.0
0.7907628550584745,1,0.85,1.0,0.0
0.7907628550584745,1,0.85,1.0,0.0
1.135191647611511,1,0.85,1.0,0.0
1.1426792300583162,1,0.85,1.0,0.0
1.1426792300583162,1,0.85,1.0,0.0
0.6484987885691768,1,0.85,1.0,0.0
0.6484987885691768,1,0.85,1.0,0.0
0.6484987885691768,1,0.85,1.0,0.0
0.6484987885691768,1,0.85,1.0,0.0
0.6484987885691768,1,0.85,1.0,0.0
1.1426792300583162,1,0.85,1.0,0.0
1.1426792300583162,1,0.85,1.0,0.0
0.7982504375052797,1,0.85,1.0,0.0
0.7982504375052797,1,0.85,1.0,0.0
0.6484987885691768,1,0.85,1.0,0.0
0.6484987885691768,1,0.85,1.0,0.0
0.7982504375052797,1,0.85,1.0,0.0
1.1426792300583162,1,0.85,1.0,0.0
1.1426792300583162,1,0.85,1.0,0.0
1.1426792300583162,1,0.85,1.0,0.0
0.8057380199520848,1,0.85,1.0,0.0
0.6484987885691768,1,0.85,1.0,0.0
0.6484987885691768,1,0.85,1.0,0.0
0.7982504375052797,1,0.85,1.0,0.0
1.1501668125051214,1,0.85,1.0,0.0
1.1501668125051214,1,0.85,1.0,0.0
1.307406043888029,1,0.85,1.0,0.0
1.307406043888029,1,0.85,1.0,0.0
1.1501668125051214,1,0.85,1.0,0.0
0.6484987885691768,1,0.85,1.0,0.0
0.8057380199520848,1,0.85,1.0,0.0
0.8057380199520848,1,0.85,1.0,0.0
1.1426792300583162,1,0.85,1.0,0.0
1.2999184614412242,1,0.85,1.0,0.0
1.2999184614412242,1,0.85,1.0,0.0
1.292430878994419,1,0.85,1.0,0.0
1.135191647611511,1,0.85,1.0,0.0
0.6484987885691768,1,0.85,1.0,0.0
0.6484987885691768,1,0.85,1.0,0.0
0.6484987885691768,1,0.85,1.0,0.0
1.292430878994419,1,0.85,1.0,0.0
1.292430878994419,1,0.85,1.0,0.0
1.284943296547614,1,0.85,1.0,0.0
1.135191647611511,1,0.85,1.0,0.0
0.6634739534627871,1,0.85,1.0,0.0
0.6410112061223716,1,0.85,1.0,0.0
0.7009118656968127,1,0.85,1.0,0.0
1.284943296547614,1,0.85,1.0,0.0
1.284943296547614,1,0.85,1.0,0.0
1.1426792300583162,1,0.85,1.0,0.0
1.135191647611511,1,0.85,1.0,0.0
1.292430878994419,1,0.85,1.0,0.0
0.7982504375052797,1,0.85,1.0,0.0
0.6410112061223716,1,0.85,1.0,0.0
1.2999184614412242,1,0.85,1.0,0.0
1.2999184614412242,1,0.85,1.0,0.0
1.1501668125051214,1,0.85,1.0,0.0
1.1426792300583162,1,0.85,1.0,0.0
1.284943296547614,1,0.85,1.0,0.0
0.6410112061223716,1,0.85,1.0,0.0
0.6410112061223716,1,0.85,1.0,0.0
0.6410112061223716,1,0.85,1.0,0.0
0.6410112061223716,1,0.85,1.0,0.0
1.135191647611511,1,0.85,1.0,0.0
1.2699681316540035,1,0.85,1.0,0.0
1.284943296547614,1,0.85,1.0,0.0
1.135191647611511,1,0.85,1.0,0.0
0.6484987885691768,1,0.85,1.0,0.0
0.6484987885691768,1,0.85,1.0,0.0
1.1426792300583162,1,0.85,1.0,0.0
1.284943296547614,1,0.85,1.0,0.0
1.292430878994419,1,0.85,1.0,0.0
1.1426792300583162,1,0.85,1.0,0.0
0.6410112061223716,1,0.85,1.0,0.0
1.6593224188878712,1,0.85,1.0,0.0
1.6593224188878712,1,0.85,1.0,0.0
2.205915937504647,1,0.85,1.0,0.0
2.4080806635683856,1,0.85,1.0,0.0
2.430543410908801,1,0.85,1.0,0.0
1.8390243976111946,1,0.85,1.0,0.0
1.8390243976111946,1,0.85,1.0,0.0
1.8315368151643894,1,0.85,1.0,0.0
1.8315368151643894,1,0.85,1.0,0.0
1.9812884641004929,1,0.85,1.0,0.0
2.325717256653529,1,0.85,1.0,0.0
2.3182296742067234,1,0.85,1.0,0.0
2.310742091759918,1,0.85,1.0,0.0
2.445518575802412,1,0.85,1.0,0.0
1.9438505518664664,1,0.85,1.0,0.0
1.8989250571856358,1,0.85,1.0,0.0
1.8989250571856358,1,0.85,1.0,0.0
2.38561791622797,1,0.85,1.0,0.0
2.205915937504647,1,0.85,1.0,0.0
2.205915937504647,1,0.85,1.0,0.0
2.205915937504647,1,0.85,1.0,0.0
3.2242271502701465,1,0.85,1.0,0.0
1.8090740678239738,1,0.85,1.0,0.0
1.8090740678239738,1,0.85,1.0,0.0
1.2999184614412242,1,0.85,1.0,0.0
1.1501668125051214,1,0.85,1.0,0.0
1.2999184614412242,1,0.85,1.0,0.0
1.307406043888029,1,0.85,1.0,0.0
0.6484987885691768,1,0.85,1.0,0.0
0.6484987885691768,1,0.85,1.0,0.0
0.6484987885691768,1,0.85,1.0,0.0
1.1501668125051214,1,0.85,1.0,0.0
1.1501668125051214,1,0.85,1.0,0.0
1.1501668125051214,1,0.85,1.0,0.0
1.3148936263348345,1,0.85,1.0,0.0
0.8057380199520848,1,0.85,1.0,0.0
0.8057380199520848,1,0.85,1.0,0.0
0.6484987885691768,1,0.85,1.0,0.0
1.1501668125051214,1,0.85,1.0,0.0
1.307406043888029,1,0.85,1.0,0.0
1.292430878994419,1,0.85,1.0,0.0
0.8057380199520848,1,0.85,1.0,0.0
0.8057380199520848,1,0.85,1.0,0.0
0.6484987885691768,1,0.85,1.0,0.0
0.6484987885691768,1,0.85,1.0,0.0
0.7982504375052797,1,0.85,1.0,0.0
1.307406043888029,1,0.85,1.0,0.0
1.1501668125051214,1,0.85,1.0,0.0
0.8057380199520848,1,0.85,1.0,0.0
0.8057380199520848,1,0.85,1.0,0.0
0.6484987885691768,1,0.85,1.0,0.0
0.6484987885691768,1,0.85,1.0,0.0
0.8057380199520848,1,0.85,1.0,0.0
0.8057380199520848,1,0.85,1.0,0.0
1.1501668125051214,1,0.85,1.0,0.0
1.307406043888029,1,0.85,1.0,0.0
1.307406043888029,1,0.85,1.0,0.0
0.6484987885691768,1,0.85,1.0,0.0
0.6484987885691768,1,0.85,1.0,0.0
0.6559863710159819,1,0.85,1.0,0.0
0.6484987885691768,1,0.85,1.0,0.0
0.7083994481436179,1,0.85,1.0,0.0
0.6484987885691768,1,0.85,1.0,0.0
1.307406043888029,1,0.85,1.0,0.0
1.756660990696338,1,0.85,1.0,0.0
1.756660990696338,1,0.85,1.0,0.0
1.8989250571856358,1,0.85,1.0,0.0
1.8839498922920255,1,0.85,1.0,0.0
1.7117354960155071,1,0.85,1.0,0.0
0.6484987885691768,1,0.85,1.0,0.0
1.307406043888029,1,0.85,1.0,0.0
1.1501668125051214,1,0.85,1.0,0.0
1.1501668125051214,1,0.85,1.0,0.0
0.8057380199520848,1,0.85,1.0,0.0
0.8057380199520848,1,0.85,1.0,0.0
0.6484987885691768,1,0.85,1.0,0.0
0.6484987885691768,1,0.85,1.0,0.0
0.6484987885691768,1,0.85,1.0,0.0
1.2999184614412242,1,0.85,1.0,0.0
1.2999184614412242,1,0.85,1.0,0.0
0.7982504375052797,1,0.85,1.0,0.0
0.6484987885691768,1,0.85,1.0,0.0
0.6484987885691768,1,0.85,1.0,0.0
0.7982504375052797,1,0.85,1.0,0.0
1.307406043888029,1,0.85,1.0,0.0
1.307406043888029,1,0.85,1.0,0.0
1.1501668125051214,1,0.85,1.0,0.0
0.6484987885691768,1,0.85,1.0,0.0
0.6484987885691768,1,0.85,1.0,0.0
0.8057380199520848,1,0.85,1.0,0.0
0.8057380199520848,1,0.85,1.0,0.0
1.307406043888029,1,0.85,1.0,0.0
1.307406043888029,1,0.85,1.0,0.0
1.1501668125051214,1,0.85,1.0,0.0
1.1426792300583162,1,0.85,1.0,0.0
0.6484987885691768,1,0.85,1.0,0.0
1.307406043888029,1,0.85,1.0,0.0
1.307406043888029,1,0.85,1.0,0.0
1.1501668125051214,1,0.85,1.0,0.0
1.8689747273984147,1,0.85,1.0,0.0
1.7716361555899482,1,0.85,1.0,0.0
1.7341982433559224,1,0.85,1.0,0.0
0.6484987885691768,1,0.85,1.0,0.0
0.6484987885691768,1,0.85,1.0,0.0
1.1501668125051214,1,0.85,1.0,0.0
1.1576543949519265,1,0.85,1.0,0.0
1.1501668125051214,1,0.85,1.0,0.0
0.6484987885691768,1,0.85,1.0,0.0
0.6484987885691768,1,0.85,1.0,0.0
0.6484987885691768,1,0.85,1.0,0.0
0.6410112061223716,1,0.85,1.0,0.0
0.6410112061223716,1,0.85,1.0,0.0
1.1501668125051214,1,0.85,1.0,0.0
1.1501668125051214,1,0.85,1.0,0.0
1.1501668125051214,1,0.85,1.0,0.0
0.6484987885691768,1,0.85,1.0,0.0
0.6484987885691768,1,0.85,1.0,0.0
0.6484987885691768,1,0.85,1.0,0.0
0.6484987885691768,1,0.85,1.0,0.0
1.1501668125051214,1,0.85,1.0,0.0
1.1501668125051214,1,0.85,1.0,0.0
1.1501668125051214,1,0.85,1.0,0.0
1.1501668125051214,1,0.85,1.0,0.0
0.6484987885691768,1,0.85,1.0,0.0
0.6484987885691768,1,0.85,1.0,0.0
0.6484987885691768,1,0.85,1.0,0.0
1.1501668125051214,1,0.85,1.0,0.0
1.1501668125051214,1,0.85,1.0,0.0
1.1501668125051214,1,0.85,1.0,0.0
1.1501668125051214,1,0.85,1.0,0.0
0.6484987885691768,1,0.85,1.0,0.0
0.6484987885691768,1,0.85,1.0,0.0
0.6484987885691768,1,0.85,1.0,0.0
1.1426792300583162,1,0.85,1.0,0.0
1.1426792300583162,1,0.85,1.0,0.0
1.1501668125051214,1,0.85,1.0,0.0
1.1501668125051214,1,0.85,1.0,0.0
1.1501668125051214,1,0.85,1.0,0.0
1.7940989029303636,1,0.85,1.0,0.0
1.7940989029303636,1,0.85,1.0,0.0
1.7341982433559224,1,0.85,1.0,0.0
1.7267106609091174,1,0.85,1.0,0.0
2.213403519951452,1,0.85,1.0,0.0
1.1501668125051214,1,0.85,1.0,0.0
1.1501668125051214,1,0.85,1.0,0.0
0.6484987885691768,1,0.85,1.0,0.0
0.6484987885691768,1,0.85,1.0,0.0
0.6484987885691768,1,0.85,1.0,0.0
0.6484987885691768,1,0.85,1.0,0.0
0.6410112061223716,1,0.85,1.0,0.0
1.1501668125051214,1,0.85,1.0,0.0
1.135191647611511,1,0.85,1.0,0.0
1.135191647611511,1,0.85,1.0,0.0
0.6484987885691768,1,0.85,1.0,0.0
0.6484987885691768,1,0.85,1.0,0.0
0.6484987885691768,1,0.85,1.0,0.0
0.6410112061223716,1,0.85,1.0,0.0
1.1426792300583162,1,0.85,1.0,0.0
1.1426792300583162,1,0.85,1.0,0.0
0.6410112061223716,1,0.85,1.0,0.0
0.6410112061223716,1,0.85,1.0,0.0
0.6484987885691768,1,0.85,1.0,0.0
0.6484987885691768,1,0.85,1.0,0.0
0.6484987885691768,1,0.85,1.0,0.0
1.1501668125051214,1,0.85,1.0,0.0
1.1501668125051214,1,0.85,1.0,0.0
0.6484987885691768,1,0.85,1.0,0.0
0.6484987885691768,1,0.85,1.0,0.0
0.6484987885691768,1,0.85,1.0,0.0
0.6484987885691768,1,0.85,1.0,0.0
0.6484987885691768,1,0.85,1.0,0.0
0.6484987885691768,1,0.85,1.0,0.0
1.1501668125051214,1,0.85,1.0,0.0
1.1052413178242901,1,0.85,1.0,0.0
1.1052413178242901,1,0.85,1.0,0.0
0.6484987885691768,1,0.85,1.0,0.0
0.6484987885691768,1,0.85,1.0,0.0
0.6484987885691768,1,0.85,1.0,0.0
0.6410112061223716,1,0.85,1.0,0.0
2.340692421547139,1,0.85,1.0,0.0
2.220891102398257,1,0.85,1.0,0.0
2.220891102398257,1,0.85,1.0,0.0
1.7042479135687019,1,0.85,1.0,0.0
0.6484987885691768,1,0.85,1.0,0.0
0.6410112061223716,1,0.85,1.0,0.0
0.6410112061223716,1,0.85,1.0,0.0
1.1426792300583162,1,0.85,1.0,0.0
1.1426792300583162,1,0.85,1.0,0.0
0.6410112061223716,1,0.85,1.0,0.0
0.6410112061223716,1,0.85,1.0,0.0
0.6484987885691768,1,0.85,1.0,0.0
0.6410112061223716,1,0.85,1.0,0.0
0.6410112061223716,1,0.85,1.0,0.0
1.1426792300583162,1,0.85,1.0,0.0
1.1426792300583162,1,0.85,1.0,0.0
1.135191647611511,1,0.85,1.0,0.0
0.6410112061223716,1,0.85,1.0,0.0
0.6410112061223716,1,0.85,1.0,0.0
0.6484987885691768,1,0.85,1.0,0.0
0.6484987885691768,1,0.85,1.0,0.0
1.1426792300583162,1,0.85,1.0,0.0
1.1426792300583162,1,0.85,1.0,0.0
1.1426792300583162,1,0.85,1.0,0.0
0.6484987885691768,1,0.85,1.0,0.0
0.6484987885691768,1,0.85,1.0,0.0
0.6484987885691768,1,0.85,1.0,0.0
0.6410112061223716,1,0.85,1.0,0.0
1.135191647611511,1,0.85,1.0,0.0
1.135191647611511,1,0.85,1.0,0.0
1.1426792300583162,1,0.85,1.0,0.0
1.135191647611511,1,0.85,1.0,0.0
0.6484987885691768,1,0.85,1.0,0.0
0.6484987885691768,1,0.85,1.0,0.0
0.6484987885691768,1,0.85,1.0,0.0
1.1501668125051214,1,0.85,1.0,0.0
1.1501668125051214,1,0.85,1.0,0.0
1.1501668125051214,1,0.85,1.0,0.0
1.1501668125051214,1,0.85,1.0,0.0
1.1501668125051214,1,0.85,1.0,0.0
0.6484987885691768,1,0.85,1.0,0.0
1.8465119800579997,1,0.85,1.0,0.0
1.7192230784623121,1,0.85,1.0,0.0
1.7192230784623121,1,0.85,1.0,0.0
2.205915937504647,1,0.85,1.0,0.0
1.1501668125051214,1,0.85,1.0,0.0
1.1501668125051214,1,0.85,1.0,0.0
1.135191647611511,1,0.85,1.0,0.0
0.6484987885691768,1,0.85,1.0,0.0
0.6484987885691768,1,0.85,1.0,0.0
0.6484987885691768,1,0.85,1.0,0.0
1.1501668125051214,1,0.85,1.0,0.0
1.1501668125051214,1,0.85,1.0,0.0
1.1501668125051214,1,0.85,1.0,0.0
1.1501668125051214,1,0.85,1.0,0.0
1.1501668125051214,1,0.85,1.0,0.0
0.6484987885691768,1,0.85,1.0,0.0
0.6484987885691768,1,0.85,1.0,0.0
1.1501668125051214,1,0.85,1.0,0.0
1.1501668125051214,1,0.85,1.0,0.0
1.1501668125051214,1,0.85,1.0,0.0
1.1501668125051214,1,0.85,1.0,0.0
1.1501668125051214,1,0.85,1.0,0.0
-0.13769736834536336,1,0.85,1.0,0.0
0.6410112061223716,1,0.85,1.0,0.0
0.6484987885691768,1,0.85,1.0,0.0
0.6484987885691768,1,0.85,1.0,0.0
0.6484987885691768,1,0.85,1.0,0.0
1.1426792300583162,1,0.85,1.0,0.0
1.1501668125051214,1,0.85,1.0,0.0
1.1501668125051214,1,0.85,1.0,0.0
0.6484987885691768,1,0.85,1.0,0.0
0.6484987885691768,1,0.85,1.0,0.0
0.6484987885691768,1,0.85,1.0,0.0
0.6484987885691768,1,0.85,1.0,0.0
1.1501668125051214,1,0.85,1.0,0.0
1.1501668125051214,1,0.85,1.0,0.0
0.6484987885691768,1,0.85,1.0,0.0
0.6484987885691768,1,0.85,1.0,0.0
0.6484987885691768,1,0.85,1.0,0.0
0.6484987885691768,1,0.85,1.0,0.0
1.8764623098452202,1,0.85,1.0,0.0
2.2583290146322827,1,0.85,1.0,0.0
2.228378684845062,1,0.85,1.0,0.0
0.6484987885691768,1,0.85,1.0,0.0
0.6484987885691768,1,0.85,1.0,0.0
0.6484987885691768,1,0.85,1.0,0.0
0.6484987885691768,1,0.85,1.0,0.0
0.6484987885691768,1,0.85,1.0,0.0
0.6484987885691768,1,0.85,1.0,0.0
1.1501668125051214,1,0.85,1.0,0.0
1.1501668125051214,1,0.85,1.0,0.0
1.1501668125051214,1,0.85,1.0,0.0
0.6484987885691768,1,0.85,1.0,0.0
0.6484987885691768,1,0.85,1.0,0.0
0.6559863710159819,1,0.85,1.0,0.0
0.6484987885691768,1,0.85,1.0,0.0
0.6484987885691768,1,0.85,1.0,0.0
1.1501668125051214,1,0.85,1.0,0.0
1.1501668125051214,1,0.85,1.0,0.0
1.1501668125051214,1,0.85,1.0,0.0
0.6484987885691768,1,0.85,1.0,0.0
0.6484987885691768,1,0.85,1.0,0.0
0.6484987885691768,1,0.85,1.0,0.0
0.6559863710159819,1,0.85,1.0,0.0
1.1501668125051214,1,0.85,1.0,0.0
1.1501668125051214,1,0.85,1.0,0.0
1.1426792300583162,1,0.85,1.0,0.0
1.1426792300583162,1,0.85,1.0,0.0
0.6484987885691768,1,0.85,1.0,0.0
0.6484987885691768,1,0.85,1.0,0.0
0.6484987885691768,1,0.85,1.0,0.0
0.6484987885691768,1,0.85,1.0,0.0
1.1501668125051214,1,0.85,1.0,0.0
1.1501668125051214,1,0.85,1.0,0.0
1.1501668125051214,1,0.85,1.0,0.0
0.6484987885691768,1,0.85,1.0,0.0
0.6484987885691768,1,0.85,1.0,0.0
0.6484987885691768,1,0.85,1.0,0.0
0.6484987885691768,1,0.85,1.0,0.0
1.1501668125051214,1,0.85,1.0,0.0
1.1501668125051214,1,0.85,1.0,0.0
1.1501668125051214,1,0.85,1.0,0.0
2.2957669268663086,1,0.85,1.0,0.0
1.7267106609091174,1,0.85,1.0,0.0
1.7267106609091174,1,0.85,1.0,0.0
1.7192230784623121,1,0.85,1.0,0.0
1.1501668125051214,1,0.85,1.0,0.0
1.1501668125051214,1,0.85,1.0,0.0
1.1501668125051214,1,0.85,1.0,0.0
1.1426792300583162,1,0.85,1.0,0.0
0.6484987885691768,1,0.85,1.0,0.0
0.6410112061223716,1,0.85,1.0,0.0
0.6484987885691768,1,0.85,1.0,0.0
1.1576543949519265,1,0.85,1.0,0.0
1.1576543949519265,1,0.85,1.0,0.0
1.1501668125051214,1,0.85,1.0,0.0
1.1501668125051214,1,0.85,1.0,0.0
1.1501668125051214,1,0.85,1.0,0.0
0.6484987885691768,1,0.85,1.0,0.0
0.6484987885691768,1,0.85,1.0,0.0
0.6484987885691768,1,0.85,1.0,0.0
0.6484987885691768,1,0.85,1.0,0.0
1.1501668125051214,1,0.85,1.0,0.0
1.1501668125051214,1,0.85,1.0,0.0
1.1501668125051214,1,0.85,1.0,0.0
0.6484987885691768,1,0.85,1.0,0.0
0.6559863710159819,1,0.85,1.0,0.0
0.6559863710159819,1,0.85,1.0,0.0
0.6484987885691768,1,0.85,1.0,0.0
1.1501668125051214,1,0.85,1.0,0.0
1.1501668125051214,1,0.85,1.0,0.0
1.1501668125051214,1,0.85,1.0,0.0
1.1501668125051214,1,0.85,1.0,0.0
0.6484987885691768,1,0.85,1.0,0.0
0.6484987885691768,1,0.85,1.0,0.0
0.6559863710159819,1,0.85,1.0,0.0
0.3639706555905813,1,0.85,1.0,0.0
0.3639706555905813,1,0.85,1.0,0.0
0.3639706555905813,1,0.85,1.0,0.0
-0.13769736834536336,1,0.85,1.0,0.0
-0.13769736834536336,1,0.85,1.0,0.0
-0.13769736834536336,1,0.85,1.0,0.0
0.9629772513349929,1,0.85,1.0,0.0
0.9629772513349929,1,0.85,1.0,0.0
1.457157692824132,1,0.85,1.0,0.0
1.4421825279305218,1,0.85,1.0,0.0
1.4272073630369115,1,0.85,1.0,0.0
0.3639706555905813,1,0.85,1.0,0.0
-0.13769736834536336,1,0.85,1.0,0.0
-0.13769736834536336,1,0.85,1.0,0.0
-0.13769736834536336,1,0.85,1.0,0.0
-0.13769736834536336,1,0.85,1.0,0.0
0.3714582380373864,1,0.85,1.0,0.0
0.3714582380373864,1,0.85,1.0,0.0
0.3639706555905813,1,0.85,1.0,0.0
-0.13769736834536336,1,0.85,1.0,0.0
-0.13769736834536336,1,0.85,1.0,0.0
-0.13769736834536336,1,0.85,1.0,0.0
-0.13769736834536336,1,0.85,1.0,0.0
-0.13769736834536336,1,0.85,1.0,0.0
0.3639706555905813,1,0.85,1.0,0.0
0.3639706555905813,1,0.85,1.0,0.0
-0.13769736834536336,1,0.85,1.0,0.0
-0.13769736834536336,1,0.85,1.0,0.0
-0.13769736834536336,1,0.85,1.0,0.0
-0.13769736834536336,1,0.85,1.0,0.0
-0.13769736834536336,1,0.85,1.0,0.0
0.3714582380373864,1,0.85,1.0,0.0
0.3714582380373864,1,0.85,1.0,0.0
-0.13769736834536336,1,0.85,1.0,0.0
-0.13769736834536336,1,0.85,1.0,0.0
-0.13769736834536336,1,0.85,1.0,0.0
-0.13769736834536336,1,0.85,1.0,0.0
-0.13769736834536336,1,0.85,1.0,0.0
0.3714582380373864,1,0.85,1.0,0.0
0.3639706555905813,1,0.85,1.0,0.0
-0.13769736834536336,1,0.85,1.0,0.0
-0.13769736834536336,1,0.85,1.0,0.0
-0.13769736834536336,1,0.85,1.0,0.0
-0.13769736834536336,1,0.85,1.0,0.0
-0.13769736834536336,1,0.85,1.0,0.0
0.3714582380373864,1,0.85,1.0,0.0
1.5320335172921835,1,0.85,1.0,0.0
1.5320335172921835,1,0.85,1.0,0.0
0.9554896688881876,1,0.85,1.0,0.0
0.9480020864413825,1,0.85,1.0,0.0
0.9330269215477724,1,0.85,1.0,0.0
-0.13769736834536336,1,0.85,1.0,0.0
-0.13769736834536336,1,0.85,1.0,0.0
0.3714582380373864,1,0.85,1.0,0.0
0.3714582380373864,1,0.85,1.0,0.0
0.3714582380373864,1,0.85,1.0,0.0
-0.13769736834536336,1,0.85,1.0,0.0
-0.13769736834536336,1,0.85,1.0,0.0
-0.13769736834536336,1,0.85,1.0,0.0
-0.13769736834536336,1,0.85,1.0,0.0
-0.13769736834536336,1,0.85,1.0,0.0
0.3714582380373864,1,0.85,1.0,0.0
0.3714582380373864,1,0.85,1.0,0.0
-0.13769736834536336,1,0.85,1.0,0.0
-0.13769736834536336,1,0.85,1.0,0.0
-0.13769736834536336,1,0.85,1.0,0.0
-0.13769736834536336,1,0.85,1.0,0.0
-0.13769736834536336,1,0.85,1.0,0.0
0.3639706555905813,1,0.85,1.0,0.0
0.3639706555905813,1,0.85,1.0,0.0
0.3639706555905813,1,0.85,1.0,0.0
-0.13769736834536336,1,0.85,1.0,0.0
-0.13769736834536336,1,0.85,1.0,0.0
-0.13769736834536336,1,0.85,1.0,0.0
-0.13769736834536336,1,0.85,1.0,0.0
0.3714582380373864,1,0.85,1.0,0.0
0.3714582380373864,1,0.85,1.0,0.0
0.3639706555905813,1,0.85,1.0,0.0
-0.13769736834536336,1,0.85,1.0,0.0
-0.13769736834536336,1,0.85,1.0,0.0
-0.13769736834536336,1,0.85,1.0,0.0
-0.13769736834536336,1,0.85,1.0,0.0
0.3714582380373864,1,0.85,1.0,0.0
0.3714582380373864,1,0.85,1.0,0.0
0.3714582380373864,1,0.85,1.0,0.0
-0.13769736834536336,1,0.85,1.0,0.0
-0.13769736834536336,1,0.85,1.0,0.0
-0.13769736834536336,1,0.85,1.0,0.0
1.09026615293068,1,0.85,1.0,0.0
1.449670110377327,1,0.85,1.0,0.0
1.449670110377327,1,0.85,1.0,0.0
1.434694945483717,1,0.85,1.0,0.0
0.3714582380373864,1,0.85,1.0,0.0
-0.13769736834536336,1,0.85,1.0,0.0
-0.13769736834536336,1,0.85,1.0,0.0
-0.13769736834536336,1,0.85,1.0,0.0
0.3714582380373864,1,0.85,1.0,0.0
0.3714582380373864,1,0.85,1.0,0.0
0.3639706555905813,1,0.85,1.0,0.0
0.3639706555905813,1,0.85,1.0,0.0
0.3714582380373864,1,0.85,1.0,0.0
-0.13769736834536336,1,0.85,1.0,0.0
-0.13769736834536336,1,0.85,1.0,0.0
0.3714582380373864,1,0.85,1.0,0.0
0.3714582380373864,1,0.85,1.0,0.0
0.3714582380373864,1,0.85,1.0,0.0
0.3714582380373864,1,0.85,1.0,0.0
0.3714582380373864,1,0.85,1.0,0.0
-0.13769736834536336,1,0.85,1.0,0.0
-0.13769736834536336,1,0.85,1.0,0.0
-0.13769736834536336,1,0.85,1.0,0.0
-0.13769736834536336,1,0.85,1.0,0.0
0.3714582380373864,1,0.85,1.0,0.0
0.3714582380373864,1,0.85,1.0,0.0
0.3714582380373864,1,0.85,1.0,0.0
0.3714582380373864,1,0.85,1.0,0.0
0.3714582380373864,1,0.85,1.0,0.0
-0.13769736834536336,1,0.85,1.0,0.0
-0.13769736834536336,1,0.85,1.0,0.0
-0.13769736834536336,1,0.85,1.0,0.0
0.3714582380373864,1,0.85,1.0,0.0
0.3714582380373864,1,0.85,1.0,0.0
0.3714582380373864,1,0.85,1.0,0.0
0.3639706555905813,1,0.85,1.0,0.0
-0.13769736834536336,1,0.85,1.0,0.0
-0.13769736834536336,1,0.85,1.0,0.0
-0.13769736834536336,1,0.85,1.0,0.0
-0.13769736834536336,1,0.85,1.0,0.0
0.3714582380373864,1,0.85,1.0,0.0
0.3714582380373864,1,0.85,1.0,0.0
0.3714582380373864,1,0.85,1.0,0.0
1.0603158231434595,1,0.85,1.0,0.0
0.9405145039945774,1,0.85,1.0,0.0
0.9405145039945774,1,0.85,1.0,0.0
1.1202164827179004,1,0.85,1.0,0.0
0.3714582380373864,1,0.85,1.0,0.0
0.3714582380373864,1,0.85,1.0,0.0
0.3714582380373864,1,0.85,1.0,0.0
-0.13769736834536336,1,0.85,1.0,0.0
-0.13769736834536336,1,0.85,1.0,0.0
-0.13769736834536336,1,0.85,1.0,0.0
-0.13769736834536336,1,0.85,1.0,0.0
0.37894582048419156,1,0.85,1.0,0.0
0.37894582048419156,1,0.85,1.0,0.0
0.3714582380373864,1,0.85,1.0,0.0
0.3714582380373864,1,0.85,1.0,0.0
-0.13769736834536336,1,0.85,1.0,0.0
-0.13769736834536336,1,0.85,1.0,0.0
-0.13769736834536336,1,0.85,1.0,0.0
0.3714582380373864,1,0.85,1.0,0.0
0.3714582380373864,1,0.85,1.0,0.0
0.3714582380373864,1,0.85,1.0,0.0
-0.13769736834536336,1,0.85,1.0,0.0
-0.13769736834536336,1,0.85,1.0,0.0
-0.13769736834536336,1,0.85,1.0,0.0
-0.13769736834536336,1,0.85,1.0,0.0
0.37894582048419156,1,0.85,1.0,0.0
0.37894582048419156,1,0.85,1.0,0.0
0.3714582380373864,1,0.85,1.0,0.0
-0.13769736834536336,1,0.85,1.0,0.0
-0.13769736834536336,1,0.85,1.0,0.0
-0.13769736834536336,1,0.85,1.0,0.0
-0.13769736834536336,1,0.85,1.0,0.0
0.37894582048419156,1,0.85,1.0,0.0
0.37894582048419156,1,0.85,1.0,0.0
0.37894582048419156,1,0.85,1.0,0.0
-0.13769736834536336,1,0.85,1.0,0.0
-0.13769736834536336,1,0.85,1.0,0.0
-0.13769736834536336,1,0.85,1.0,0.0
-0.13769736834536336,1,0.85,1.0,0.0
-0.13769736834536336,1,0.85,1.0,0.0
1.6069093417602351,1,0.85,1.0,0.0
1.4796204401645476,1,0.85,1.0,0.0
0.9255393391009673,1,0.85,1.0,0.0
0.9255393391009673,1,0.85,1.0,0.0
-0.13769736834536336,1,0.85,1.0,0.0
-0.13769736834536336,1,0.85,1.0,0.0
-0.13769736834536336,1,0.85,1.0,0.0
-0.13769736834536336,1,0.85,1.0,0.0
0.37894582048419156,1,0.85,1.0,0.0
0.37894582048419156,1,0.85,1.0,0.0
0.37894582048419156,1,0.85,1.0,0.0
0.37894582048419156,1,0.85,1.0,0.0
-0.13769736834536336,1,0.85,1.0,0.0
-0.13769736834536336,1,0.85,1.0,0.0
-0.13769736834536336,1,0.85,1.0,0.0
-0.13769736834536336,1,0.85,1.0,0.0
-0.13769736834536336,1,0.85,1.0,0.0
0.37894582048419156,1,0.85,1.0,0.0
-0.13769736834536336,1,0.85,1.0,0.0
-0.13769736834536336,1,0.85,1.0,0.0
-0.13769736834536336,1,0.85,1.0,0.0
-0.13769736834536336,1,0.85,1.0,0.0
-0.13769736834536336,1,0.85,1.0,0.0
-0.13769736834536336,1,0.85,1.0,0.0
0.37894582048419156,1,0.85,1.0,0.0
0.37894582048419156,1,0.85,1.0,0.0
0.37894582048419156,1,0.85,1.0,0.0
-0.13769736834536336,1,0.85,1.0,0.0
-0.13769736834536336,1,0.85,1.0,0.0
-0.13769736834536336,1,0.85,1.0,0.0
-0.13769736834536336,1,0.85,1.0,0.0
0.37894582048419156,1,0.85,1.0,0.0
0.37894582048419156,1,0.85,1.0,0.0
-0.13769736834536336,1,0.85,1.0,0.0
-0.13769736834536336,1,0.85,1.0,0.0
-0.13769736834536336,1,0.85,1.0,0.0
-0.13769736834536336,1,0.85,1.0,0.0
-0.13769736834536336,1,0.85,1.0,0.0
0.37894582048419156,1,0.85,1.0,0.0
0.37894582048419156,1,0.85,1.0,0.0
0.37894582048419156,1,0.85,1.0,0.0
-0.13769736834536336,1,0.85,1.0,0.0
-0.13769736834536336,1,0.85,1.0,0.0
1.09026615293068,1,0.85,1.0,0.0
0.9704648337817978,1,0.85,1.0,0.0
1.457157692824132,1,0.85,1.0,0.0
1.457157692824132,1,0.85,1.0,0.0
0.3639706555905813,1,0.85,1.0,0.0
0.3639706555905813,1,0.85,1.0,0.0
0.3639706555905813,1,0.85,1.0,0.0
-0.13769736834536336,1,0.85,1.0,0.0
-0.13769736834536336,1,0.85,1.0,0.0
-0.13769736834536336,1,0.85,1.0,0.0
0.3639706555905813,1,0.85,1.0,0.0
0.3639706555905813,1,0.85,1.0,0.0
0.3639706555905813,1,0.85,1.0,0.0
0.3639706555905813,1,0.85,1.0,0.0
-0.13769736834536336,1,0.85,1.0,0.0
-0.13769736834536336,1,0.85,1.0,0.0
-0.13769736834536336,1,0.85,1.0,0.0
-0.13769736834536336,1,0.85,1.0,0.0
0.3639706555905813,1,0.85,1.0,0.0
0.3639706555905813,1,0.85,1.0,0.0
0.3639706555905813,1,0.85,1.0,0.0
0.3639706555905813,1,0.85,1.0,0.0
-0.13769736834536336,1,0.85,1.0,0.0
-0.13769736834536336,1,0.85,1.0,0.0
-0.13769736834536336,1,0.85,1.0,0.0
0.3639706555905813,1,0.85,1.0,0.0
0.3639706555905813,1,0.85,1.0,0.0
0.3639706555905813,1,0.85,1.0,0.0
0.3639706555905813,1,0.85,1.0,0.0
-0.13769736834536336,1,0.85,1.0,0.0
-0.13769736834536336,1,0.85,1.0,0.0
0.3714582380373864,1,0.85,1.0,0.0
0.3714582380373864,1,0.85,1.0,0.0
0.3714582380373864,1,0.85,1.0,0.0
0.3639706555905813,1,0.85,1.0,0.0
0.3639706555905813,1,0.85,1.0,0.0
-0.13769736834536336,1,0.85,1.0,0.0
-0.13769736834536336,1,0.85,1.0,0.0
-0.13769736834536336,1,0.85,1.0,0.0
-0.13769736834536336,1,0.85,1.0,0.0
0.3714582380373864,1,0.85,1.0,0.0
0.3639706555905813,1,0.85,1.0,0.0
0.3639706555905813,1,0.85,1.0,0.0
0.9480020864413825,1,0.85,1.0,0.0
0.9480020864413825,1,0.85,1.0,0.0
0.9180517566541619,1,0.85,1.0,0.0
0.9180517566541619,1,0.85,1.0,0.0
-0.13769736834536336,1,0.85,1.0,0.0
0.3639706555905813,1,0.85,1.0,0.0
0.3639706555905813,1,0.85,1.0,0.0
0.3639706555905813,1,0.85,1.0,0.0
-0.13769736834536336,1,0.85,1.0,0.0
-0.13769736834536336,1,0.85,1.0,0.0
-0.13769736834536336,1,0.85,1.0,0.0
-0.13769736834536336,1,0.85,1.0,0.0
0.3714582380373864,1,0.85,1.0,0.0
0.3639706555905813,1,0.85,1.0,0.0
0.3639706555905813,1,0.85,1.0,0.0
-0.13769736834536336,1,0.85,1.0,0.0
-0.13769736834536336,1,0.85,1.0,0.0
-0.13769736834536336,1,0.85,1.0,0.0
-0.13769736834536336,1,0.85,1.0,0.0
0.3714582380373864,1,0.85,1.0,0.0
0.3714582380373864,1,0.85,1.0,0.0
0.3639706555905813,1,0.85,1.0,0.0
-0.13769736834536336,1,0.85,1.0,0.0
-0.13769736834536336,1,0.85,1.0,0.0
0.3639706555905813,1,0.85,1.0,0.0
0.3639706555905813,1,0.85,1.0,0.0
0.3639706555905813,1,0.85,1.0,0.0
0.3639706555905813,1,0.85,1.0,0.0
-0.13769736834536336,1,0.85,1.0,0.0
-0.13769736834536336,1,0.85,1.0,0.0
-0.13769736834536336,1,0.85,1.0,0.0
-0.13769736834536336,1,0.85,1.0,0.0
0.3714582380373864,1,0.85,1.0,0.0
0.3714582380373864,1,0.85,1.0,0.0
0.3639706555905813,1,0.85,1.0,0.0
-0.13769736834536336,1,0.85,1.0,0.0
-0.13769736834536336,1,0.85,1.0,0.0
-0.13769736834536336,1,0.85,1.0,0.0
-0.13769736834536336,1,0.85,1.0,0.0
-0.13769736834536336,1,0.85,1.0,0.0
1.5170583523985735,1,0.85,1.0,0.0
1.5095707699517682,1,0.85,1.0,0.0
0.9255393391009673,1,0.85,1.0,0.0
0.9255393391009673,1,0.85,1.0,0.0
-0.13769736834536336,1,0.85,1.0,0.0
-0.13769736834536336,1,0.85,1.0,0.0
-0.13769736834536336,1,0.85,1.0,0.0
0.3714582380373864,1,0.85,1.0,0.0
0.3714582380373864,1,0.85,1.0,0.0
0.3639706555905813,1,0.85,1.0,0.0
0.3639706555905813,1,0.85,1.0,0.0
-0.13769736834536336,1,0.85,1.0,0.0
-0.13769736834536336,1,0.85,1.0,0.0
-0.13769736834536336,1,0.85,1.0,0.0
-0.13769736834536336,1,0.85,1.0,0.0
0.3714582380373864,1,0.85,1.0,0.0
0.3714582380373864,1,0.85,1.0,0.0
-0.13769736834536336,1,0.85,1.0,0.0
-0.13769736834536336,1,0.85,1.0,0.0
-0.13769736834536336,1,0.85,1.0,0.0
-0.13769736834536336,1,0.85,1.0,0.0
-0.13769736834536336,1,0.85,1.0,0.0
0.3714582380373864,1,0.85,1.0,0.0
0.3714582380373864,1,0.85,1.0,0.0
-0.13769736834536336,1,0.85,1.0,0.0
-0.13769736834536336,1,0.85,1.0,0.0
-0.13769736834536336,1,0.85,1.0,0.0
-0.13769736834536336,1,0.85,1.0,0.0
-0.13769736834536336,1,0.85,1.0,0.0
-0.13769736834536336,1,0.85,1.0,0.0
0.3714582380373864,1,0.85,1.0,0.0
0.3714582380373864,1,0.85,1.0,0.0
0.3639706555905813,1,0.85,1.0,0.0
-0.13769736834536336,1,0.85,1.0,0.0
-0.13769736834536336,1,0.85,1.0,0.0
-0.13769736834536336,1,0.85,1.0,0.0
-0.13769736834536336,1,0.85,1.0,0.0
-0.13769736834536336,1,0.85,1.0,0.0
0.3714582380373864,1,0.85,1.0,0.0
0.3714582380373864,1,0.85,1.0,0.0
-0.13769736834536336,1,0.85,1.0,0.0
-0.13769736834536336,1,0.85,1.0,0.0
-0.13769736834536336,1,0.85,1.0,0.0
0.3714582380373864,1,0.85,1.0,0.0
1.0453406582498492,1,0.85,1.0,0.0
1.4272073630369115,1,0.85,1.0,0.0
1.4272073630369115,1,0.85,1.0,0.0
1.4197197805901065,1,0.85,1.0,0.0
-0.13769736834536336,1,0.85,1.0,0.0
-0.13769736834536336,1,0.85,1.0,0.0
-0.13769736834536336,1,0.85,1.0,0.0
0.3714582380373864,1,0.85,1.0,0.0
0.3714582380373864,1,0.85,1.0,0.0
0.3714582380373864,1,0.85,1.0,0.0
-0.13769736834536336,1,0.85,1.0,0.0
-0.13769736834536336,1,0.85,1.0,0.0
-0.13769736834536336,1,0.85,1.0,0.0
-0.13769736834536336,1,0.85,1.0,0.0
0.3714582380373864,1,0.85,1.0,0.0
0.3714582380373864,1,0.85,1.0,0.0
0.3639706555905813,1,0.85,1.0,0.0
0.3714582380373864,1,0.85,1.0,0.0
-0.13769736834536336,1,0.85,1.0,0.0
-0.13769736834536336,1,0.85,1.0,0.0
-0.13769736834536336,1,0.85,1.0,0.0
0.3714582380373864,1,0.85,1.0,0.0
0.3714582380373864,1,0.85,1.0,0.0
0.3714582380373864,1,0.85,1.0,0.0
0.3714582380373864,1,0.85,1.0,0.0
0.3714582380373864,1,0.85,1.0,0.0
-0.13769736834536336,1,0.85,1.0,0.0
-0.13769736834536336,1,0.85,1.0,0.0
0.3714582380373864,1,0.85,1.0,0.0
0.3714582380373864,1,0.85,1.0,0.0
0.3714582380373864,1,0.85,1.0,0.0
0.3714582380373864,1,0.85,1.0,0.0
-0.13769736834536336,1,0.85,1.0,0.0
-0.13769736834536336,1,0.85,1.0,0.0
-0.13769736834536336,1,0.85,1.0,0.0
-0.13769736834536336,1,0.85,1.0,0.0
-0.13769736834536336,1,0.85,1.0,0.0
0.3714582380373864,1,0.85,1.0,0.0
0.3714582380373864,1,0.85,1.0,0.0
0.3714582380373864,1,0.85,1.0,0.0
0.3714582380373864,1,0.85,1.0,0.0
-0.13769736834536336,1,0.85,1.0,0.0
0.9405145039945774,1,0.85,1.0,0.0
0.9405145039945774,1,0.85,1.0,0.0
0.9255393391009673,1,0.85,1.0,0.0
0.3714582380373864,1,0.85,1.0,0.0
0.3714582380373864,1,0.85,1.0,0.0
0.3714582380373864,1,0.85,1.0,0.0
-0.13769736834536336,1,0.85,1.0,0.0
-0.13769736834536336,1,0.85,1.0,0.0
-0.13769736834536336,1,0.85,1.0,0.0
-0.13769736834536336,1,0.85,1.0,0.0
0.3714582380373864,1,0.85,1.0,0.0
0.3639706555905813,1,0.85,1.0,0.0
0.3639706555905813,1,0.85,1.0,0.0
-0.002920884302870779,1,0.85,1.0,0.0
-0.13769736834536336,1,0.85,1.0,0.0
-0.13769736834536336,1,0.85,1.0,0.0
0.3714582380373864,1,0.85,1.0,0.0
0.3714582380373864,1,0.85,1.0,0.0
0.3714582380373864,1,0.85,1.0,0.0
0.3714582380373864,1,0.85,1.0,0.0
0.3714582380373864,1,0.85,1.0,0.0
-0.13769736834536336,1,0.85,1.0,0.0
-0.13769736834536336,1,0.85,1.0,0.0
-0.13769736834536336,1,0.85,1.0,0.0
0.3714582380373864,1,0.85,1.0,0.0
0.3714582380373864,1,0.85,1.0,0.0
0.3714582380373864,1,0.85,1.0,0.0
0.3714582380373864,1,0.85,1.0,0.0
-0.13769736834536336,1,0.85,1.0,0.0
-0.13769736834536336,1,0.85,1.0,0.0
-0.13769736834536336,1,0.85,1.0,0.0
-0.13769736834536336,1,0.85,1.0,0.0
-0.13769736834536336,1,0.85,1.0,0.0
0.3714582380373864,1,0.85,1.0,0.0
0.3714582380373864,1,0.85,1.0,0.0
0.3714582380373864,1,0.85,1.0,0.0
-0.13769736834536336,1,0.85,1.0,0.0
-0.13769736834536336,1,0.85,1.0,0.0
-0.13769736834536336,1,0.85,1.0,0.0
-0.13769736834536336,1,0.85,1.0,0.0
0.3714582380373864,1,0.85,1.0,0.0
0.3714582380373864,1,0.85,1.0,0.0
0.3714582380373864,1,0.85,1.0,0.0
0.9405145039945774,1,0.85,1.0,0.0
0.9405145039945774,1,0.85,1.0,0.0
0.9330269215477724,1,0.85,1.0,0.0
0.9255393391009673,1,0.85,1.0,0.0
-0.13769736834536336,1,0.85,1.0,0.0
0.3714582380373864,1,0.85,1.0,0.0
0.3714582380373864,1,0.85,1.0,0.0
-0.13769736834536336,1,0.85,1.0,0.0
-0.13769736834536336,1,0.85,1.0,0.0
-0.13769736834536336,1,0.85,1.0,0.0
-0.13769736834536336,1,0.85,1.0,0.0
-0.13769736834536336,1,0.85,1.0,0.0
0.3714582380373864,1,0.85,1.0,0.0
0.3714582380373864,1,0.85,1.0,0.0
-0.13769736834536336,1,0.85,1.0,0.0
-0.13769736834536336,1,0.85,1.0,0.0
-0.13769736834536336,1,0.85,1.0,0.0
-0.13769736834536336,1,0.85,1.0,0.0
-0.13769736834536336,1,0.85,1.0,0.0
0.3714582380373864,1,0.85,1.0,0.0
0.3714582380373864,1,0.85,1.0,0.0
-0.13769736834536336,1,0.85,1.0,0.0
-0.13769736834536336,1,0.85,1.0,0.0
-0.13769736834536336,1,0.85,1.0,0.0
-0.13769736834536336,1,0.85,1.0,0.0
-0.13769736834536336,1,0.85,1.0,0.0
-0.13769736834536336,1,0.85,1.0,0.0
0.3714582380373864,1,0.85,1.0,0.0
0.3714582380373864,1,0.85,1.0,0.0
-0.13769736834536336,1,0.85,1.0,0.0
-0.13769736834536336,1,0.85,1.0,0.0
-0.13769736834536336,1,0.85,1.0,0.0
-0.13769736834536336,1,0.85,1.0,0.0
-0.13769736834536336,1,0.85,1.0,0.0
0.3714582380373864,1,0.85,1.0,0.0
-0.13769736834536336,1,0.85,1.0,0.0
-0.13769736834536336,1,0.85,1.0,0.0
-0.13769736834536336,1,0.85,1.0,0.0
-0.13769736834536336,1,0.85,1.0,0.0
-0.13769736834536336,1,0.85,1.0,0.0
-0.13769736834536336,1,0.85,1.0,0.0
10.562057948139188,1,0.85,1.0,0.0
1.4272073630369115,1,0.85,1.0,0.0
1.4272073630369115,1,0.85,1.0,0.0
0.9180517566541619,1,0.85,1.0,0.0
0.81322560239889,1,0.85,1.0,0.0
-0.13769736834536336,1,0.85,1.0,0.0
-0.13769736834536336,1,0.85,1.0,0.0
-0.13769736834536336,1,0.85,1.0,0.0
0.35648307314377614,1,0.85,1.0,0.0
0.35648307314377614,1,0.85,1.0,0.0
0.35648307314377614,1,0.85,1.0,0.0
-0.13769736834536336,1,0.85,1.0,0.0
-0.13769736834536336,1,0.85,1.0,0.0
-0.13769736834536336,1,0.85,1.0,0.0
-0.13769736834536336,1,0.85,1.0,0.0
0.35648307314377614,1,0.85,1.0,0.0
0.35648307314377614,1,0.85,1.0,0.0
0.35648307314377614,1,0.85,1.0,0.0
-0.13769736834536336,1,0.85,1.0,0.0
-0.13769736834536336,1,0.85,1.0,0.0
-0.13769736834536336,1,0.85,1.0,0.0
0.3639706555905813,1,0.85,1.0,0.0
0.3639706555905813,1,0.85,1.0,0.0
0.35648307314377614,1,0.85,1.0,0.0
0.35648307314377614,1,0.85,1.0,0.0
0.35648307314377614,1,0.85,1.0,0.0
-0.13769736834536336,1,0.85,1.0,0.0
-0.13769736834536336,1,0.85,1.0,0.0
0.3639706555905813,1,0.85,1.0,0.0
0.3639706555905813,1,0.85,1.0,0.0
0.35648307314377614,1,0.85,1.0,0.0
0.35648307314377614,1,0.85,1.0,0.0
0.35648307314377614,1,0.85,1.0,0.0
-0.13769736834536336,1,0.85,1.0,0.0
-0.13769736834536336,1,0.85,1.0,0.0
0.3639706555905813,1,0.85,1.0,0.0
0.3639706555905813,1,0.85,1.0,0.0
0.35648307314377614,1,0.85,1.0,0.0
0.35648307314377614,1,0.85,1.0,0.0
0.35648307314377614,1,0.85,1.0,0.0
-0.13769736834536336,1,0.85,1.0,0.0
-0.13769736834536336,1,0.85,1.0,0.0
-0.13769736834536336,1,0.85,1.0,0.0
1.4421825279305218,1,0.85,1.0,0.0
1.4421825279305218,1,0.85,1.0,0.0
1.4272073630369115,1,0.85,1.0,0.0
1.4197197805901065,1,0.85,1.0,0.0
1.4047446156964962,1,0.85,1.0,0.0
-0.13769736834536336,1,0.85,1.0,0.0
-0.13769736834536336,1,0.85,1.0,0.0
-0.13769736834536336,1,0.85,1.0,0.0
-0.13769736834536336,1,0.85,1.0,0.0
0.35648307314377614,1,0.85,1.0,0.0
0.35648307314377614,1,0.85,1.0,0.0
0.35648307314377614,1,0.85,1.0,0.0
-0.13769736834536336,1,0.85,1.0,0.0
-0.13769736834536336,1,0.85,1.0,0.0
-0.13769736834536336,1,0.85,1.0,0.0
-0.13769736834536336,1,0.85,1.0,0.0
0.35648307314377614,1,0.85,1.0,0.0
0.35648307314377614,1,0.85,1.0,0.0
0.35648307314377614,1,0.85,1.0,0.0
0.35648307314377614,1,0.85,1.0,0.0
-0.13769736834536336,1,0.85,1.0,0.0
-0.13769736834536336,1,0.85,1.0,0.0
-0.13769736834536336,1,0.85,1.0,0.0
0.3639706555905813,1,0.85,1.0,0.0
0.35648307314377614,1,0.85,1.0,0.0
0.35648307314377614,1,0.85,1.0,0.0
-0.13769736834536336,1,0.85,1.0,0.0
-0.13769736834536336,1,0.85,1.0,0.0
-0.13769736834536336,1,0.85,1.0,0.0
-0.13769736834536336,1,0.85,1.0,0.0
-0.13769736834536336,1,0.85,1.0,0.0
0.35648307314377614,1,0.85,1.0,0.0
0.35648307314377614,1,0.85,1.0,0.0
0.35648307314377614,1,0.85,1.0,0.0
-0.13769736834536336,1,0.85,1.0,0.0
-0.13769736834536336,1,0.85,1.0,0.0
-0.13769736834536336,1,0.85,1.0,0.0
-0.13769736834536336,1,0.85,1.0,0.0
0.35648307314377614,1,0.85,1.0,0.0
0.35648307314377614,1,0.85,1.0,0.0
1.0603158231434595,1,0.85,1.0,0.0
1.0603158231434595,1,0.85,1.0,0.0
0.977952416228603,1,0.85,1.0,0.0
0.9330269215477724,1,0.85,1.0,0.0
0.9255393391009673,1,0.85,1.0,0.0
1.4122321981433015,1,0.85,1.0,0.0
0.35648307314377614,1,0.85,1.0,0.0
0.35648307314377614,1,0.85,1.0,0.0
-0.13769736834536336,1,0.85,1.0,0.0
-0.13769736834536336,1,0.85,1.0,0.0
-0.13769736834536336,1,0.85,1.0,0.0
-0.13769736834536336,1,0.85,1.0,0.0
-0.13769736834536336,1,0.85,1.0,0.0
0.35648307314377614,1,0.85,1.0,0.0
0.35648307314377614,1,0.85,1.0,0.0
-0.13769736834536336,1,0.85,1.0,0.0
-0.13769736834536336,1,0.85,1.0,0.0
-0.13769736834536336,1,0.85,1.0,0.0
-0.13769736834536336,1,0.85,1.0,0.0
0.35648307314377614,1,0.85,1.0,0.0
0.35648307314377614,1,0.85,1.0,0.0
0.35648307314377614,1,0.85,1.0,0.0
-0.13769736834536336,1,0.85,1.0,0.0
-0.13769736834536336,1,0.85,1.0,0.0
-0.13769736834536336,1,0.85,1.0,0.0
-0.13769736834536336,1,0.85,1.0,0.0
-0.13769736834536336,1,0.85,1.0,0.0
-0.13769736834536336,1,0.85,1.0,0.0
0.35648307314377614,1,0.85,1.0,0.0
-0.13769736834536336,1,0.85,1.0,0.0
-0.13769736834536336,1,0.85,1.0,0.0
-0.13769736834536336,1,0.85,1.0,0.0
-0.13769736834536336,1,0.85,1.0,0.0
-0.13769736834536336,1,0.85,1.0,0.0
-0.13769736834536336,1,0.85,1.0,0.0
0.35648307314377614,1,0.85,1.0,0.0
0.348995490696971,1,0.85,1.0,0.0
0.348995490696971,1,0.85,1.0,0.0
-0.13769736834536336,1,0.85,1.0,0.0
-0.13769736834536336,1,0.85,1.0,0.0
-0.13769736834536336,1,0.85,1.0,0.0
-0.13769736834536336,1,0.85,1.0,0.0
-0.13769736834536336,1,0.85,1.0,0.0
1.502083187504963,1,0.85,1.0,0.0
1.502083187504963,1,0.85,1.0,0.0
0.9255393391009673,1,0.85,1.0,0.0
0.9255393391009673,1,0.85,1.0,0.0
0.9180517566541619,1,0.85,1.0,0.0
0.9030765917605517,1,0.85,1.0,0.0
-0.13769736834536336,1,0.85,1.0,0.0
0.348995490696971,1,0.85,1.0,0.0
0.348995490696971,1,0.85,1.0,0.0
0.348995490696971,1,0.85,1.0,0.0
-0.13769736834536336,1,0.85,1.0,0.0
-0.13769736834536336,1,0.85,1.0,0.0
-0.13769736834536336,1,0.85,1.0,0.0
-0.13769736834536336,1,0.85,1.0,0.0
0.348995490696971,1,0.85,1.0,0.0
0.348995490696971,1,0.85,1.0,0.0
0.348995490696971,1,0.85,1.0,0.0
0.348995490696971,1,0.85,1.0,0.0
0.348995490696971,1,0.85,1.0,0.0
-0.13769736834536336,1,0.85,1.0,0.0
-0.13769736834536336,1,0.85,1.0,0.0
-0.13769736834536336,1,0.85,1.0,0.0
0.348995490696971,1,0.85,1.0,0.0
0.348995490696971,1,0.85,1.0,0.0
0.348995490696971,1,0.85,1.0,0.0
0.348995490696971,1,0.85,1.0,0.0
-0.13769736834536336,1,0.85,1.0,0.0
-0.13769736834536336,1,0.85,1.0,0.0
-0.13769736834536336,1,0.85,1.0,0.0
0.348995490696971,1,0.85,1.0,0.0
0.348995490696971,1,0.85,1.0,0.0
0.348995490696971,1,0.85,1.0,0.0
0.348995490696971,1,0.85,1.0,0.0
0.348995490696971,1,0.85,1.0,0.0
-0.13769736834536336,1,0.85,1.0,0.0
-0.13769736834536336,1,0.85,1.0,0.0
0.348995490696971,1,0.85,1.0,0.0
0.348995490696971,1,0.85,1.0,0.0
0.348995490696971,1,0.85,1.0,0.0
0.348995490696971,1,0.85,1.0,0.0
0.348995490696971,1,0.85,1.0,0.0
-0.13769736834536336,1,0.85,1.0,0.0
-0.13769736834536336,1,0.85,1.0,0.0
0.348995490696971,1,0.85,1.0,0.0
0.348995490696971,1,0.85,1.0,0.0
1.5395210997389888,1,0.85,1.0,0.0
1.4272073630369115,1,0.85,1.0,0.0
1.4122321981433015,1,0.85,1.0,0.0
0.9180517566541619,1,0.85,1.0,0.0
0.9030765917605517,1,0.85,1.0,0.0
-0.13769736834536336,1,0.85,1.0,0.0
-0.13769736834536336,1,0.85,1.0,0.0
0.348995490696971,1,0.85,1.0,0.0
0.348995490696971,1,0.85,1.0,0.0
0.348995490696971,1,0.85,1.0,0.0
0.34150790825016586,1,0.85,1.0,0.0
-0.13769736834536336,1,0.85,1.0,0.0
-0.13769736834536336,1,0.85,1.0,0.0
-0.13769736834536336,1,0.85,1.0,0.0
0.348995490696971,1,0.85,1.0,0.0
0.34150790825016586,1,0.85,1.0,0.0
0.34150790825016586,1,0.85,1.0,0.0
0.34150790825016586,1,0.85,1.0,0.0
-0.13769736834536336,1,0.85,1.0,0.0
-0.13769736834536336,1,0.85,1.0,0.0
-0.13769736834536336,1,0.85,1.0,0.0
0.348995490696971,1,0.85,1.0,0.0
0.348995490696971,1,0.85,1.0,0.0
0.348995490696971,1,0.85,1.0,0.0
0.348995490696971,1,0.85,1.0,0.0
-0.13769736834536336,1,0.85,1.0,0.0
-0.13769736834536336,1,0.85,1.0,0.0
-0.13769736834536336,1,0.85,1.0,0.0
-0.13769736834536336,1,0.85,1.0,0.0
0.35648307314377614,1,0.85,1.0,0.0
0.35648307314377614,1,0.85,1.0,0.0
0.35648307314377614,1,0.85,1.0,0.0
-0.13769736834536336,1,0.85,1.0,0.0
-0.13769736834536336,1,0.85,1.0,0.0
-0.13769736834536336,1,0.85,1.0,0.0
-0.13769736834536336,1,0.85,1.0,0.0
0.35648307314377614,1,0.85,1.0,0.0
0.35648307314377614,1,0.85,1.0,0.0
0.35648307314377614,1,0.85,1.0,0.0
-0.13769736834536336,1,0.85,1.0,0.0
-0.13769736834536336,1,0.85,1.0,0.0
-0.13769736834536336,1,0.85,1.0,0.0
1.0827785704838748,1,0.85,1.0,0.0
0.9480020864413825,1,0.85,1.0,0.0
1.434694945483717,1,0.85,1.0,0.0
1.4197197805901065,1,0.85,1.0,0.0
1.4047446156964962,1,0.85,1.0,0.0
-0.13769736834536336,1,0.85,1.0,0.0
-0.13769736834536336,1,0.85,1.0,0.0
-0.13769736834536336,1,0.85,1.0,0.0
-0.13769736834536336,1,0.85,1.0,0.0
-0.13769736834536336,1,0.85,1.0,0.0
0.35648307314377614,1,0.85,1.0,0.0
0.35648307314377614,1,0.85,1.0,0.0
-0.13769736834536336,1,0.85,1.0,0.0
-0.13769736834536336,1,0.85,1.0,0.0
-0.13769736834536336,1,0.85,1.0,0.0
-0.13769736834536336,1,0.85,1.0,0.0
-0.13769736834536336,1,0.85,1.0,0.0
0.3639706555905813,1,0.85,1.0,0.0
0.35648307314377614,1,0.85,1.0,0.0
0.35648307314377614,1,0.85,1.0,0.0
0.35648307314377614,1,0.85,1.0,0.0
-0.13769736834536336,1,0.85,1.0,0.0
-0.13769736834536336,1,0.85,1.0,0.0
-0.13769736834536336,1,0.85,1.0,0.0
-0.13769736834536336,1,0.85,1.0,0.0
-0.13769736834536336,1,0.85,1.0,0.0
0.35648307314377614,1,0.85,1.0,0.0
0.35648307314377614,1,0.85,1.0,0.0
-0.13769736834536336,1,0.85,1.0,0.0
-0.13769736834536336,1,0.85,1.0,0.0
-0.13769736834536336,1,0.85,1.0,0.0
-0.13769736834536336,1,0.85,1.0,0.0
0.5661353816543202,1,0.85,1.0,0.0
0.5661353816543202,1,0.85,1.0,0.0
1.1277040651647057,1,0.85,1.0,0.0
1.1277040651647057,1,0.85,1.0,0.0
1.1277040651647057,1,0.85,1.0,0.0
0.6410112061223716,1,0.85,1.0,0.0
0.6484987885691768,1,0.85,1.0,0.0
0.6484987885691768,1,0.85,1.0,0.0
1.135191647611511,1,0.85,1.0,0.0
1.135191647611511,1,0.85,1.0,0.0
1.135191647611511,1,0.85,1.0,0.0
1.135191647611511,1,0.85,1.0,0.0
2.3332048391003344,1,0.85,1.0,0.0
1.7267106609091174,1,0.85,1.0,0.0
1.7117354960155071,1,0.85,1.0,0.0
1.135191647611511,1,0.85,1.0,0.0
1.135191647611511,1,0.85,1.0,0.0
1.135191647611511,1,0.85,1.0,0.0
1.135191647611511,1,0.85,1.0,0.0
1.1277040651647057,1,0.85,1.0,0.0
0.6410112061223716,1,0.85,1.0,0.0
0.6335236236755666,1,0.85,1.0,0.0
0.6410112061223716,1,0.85,1.0,0.0
1.1277040651647057,1,0.85,1.0,0.0
1.1277040651647057,1,0.85,1.0,0.0
1.1277040651647057,1,0.85,1.0,0.0
1.1202164827179004,1,0.85,1.0,0.0
1.1202164827179004,1,0.85,1.0,0.0
0.6335236236755666,1,0.85,1.0,0.0
0.6335236236755666,1,0.85,1.0,0.0
0.6335236236755666,1,0.85,1.0,0.0
1.1202164827179004,1,0.85,1.0,0.0
1.1202164827179004,1,0.85,1.0,0.0
1.1202164827179004,1,0.85,1.0,0.0
1.1202164827179004,1,0.85,1.0,0.0
0.6335236236755666,1,0.85,1.0,0.0
0.6484987885691768,1,0.85,1.0,0.0
0.6484987885691768,1,0.85,1.0,0.0
1.1501668125051214,1,0.85,1.0,0.0
1.1501668125051214,1,0.85,1.0,0.0
1.1501668125051214,1,0.85,1.0,0.0
0.6484987885691768,1,0.85,1.0,0.0
0.6484987885691768,1,0.85,1.0,0.0
0.6484987885691768,1,0.85,1.0,0.0
0.6484987885691768,1,0.85,1.0,0.0
0.6484987885691768,1,0.85,1.0,0.0
1.135191647611511,1,0.85,1.0,0.0
1.1426792300583162,1,0.85,1.0,0.0
1.1501668125051214,1,0.85,1.0,0.0
1.135191647611511,1,0.85,1.0,0.0
0.6484987885691768,1,0.85,1.0,0.0
0.6484987885691768,1,0.85,1.0,0.0
0.6484987885691768,1,0.85,1.0,0.0
2.3706427513343598,1,0.85,1.0,0.0
2.2358662672918674,1,0.85,1.0,0.0
2.2358662672918674,1,0.85,1.0,0.0
2.213403519951452,1,0.85,1.0,0.0
0.6484987885691768,1,0.85,1.0,0.0
0.6484987885691768,1,0.85,1.0,0.0
0.6484987885691768,1,0.85,1.0,0.0
0.6484987885691768,1,0.85,1.0,0.0
1.1426792300583162,1,0.85,1.0,0.0
1.1426792300583162,1,0.85,1.0,0.0
0.6410112061223716,1,0.85,1.0,0.0
0.6410112061223716,1,0.85,1.0,0.0
0.6484987885691768,1,0.85,1.0,0.0
0.6410112061223716,1,0.85,1.0,0.0
1.1426792300583162,1,0.85,1.0,0.0
1.1426792300583162,1,0.85,1.0,0.0
1.1501668125051214,1,0.85,1.0,0.0
1.135191647611511,1,0.85,1.0,0.0
0.6484987885691768,1,0.85,1.0,0.0
0.6484987885691768,1,0.85,1.0,0.0
0.6410112061223716,1,0.85,1.0,0.0
0.6410112061223716,1,0.85,1.0,0.0
0.6410112061223716,1,0.85,1.0,0.0
1.1426792300583162,1,0.85,1.0,0.0
1.135191647611511,1,0.85,1.0,0.0
0.6410112061223716,1,0.85,1.0,0.0
0.6410112061223716,1,0.85,1.0,0.0
0.6410112061223716,1,0.85,1.0,0.0
0.6410112061223716,1,0.85,1.0,0.0
0.6410112061223716,1,0.85,1.0,0.0
1.135191647611511,1,0.85,1.0,0.0
1.135191647611511,1,0.85,1.0,0.0
0.6410112061223716,1,0.85,1.0,0.0
0.6410112061223716,1,0.85,1.0,0.0
0.6410112061223716,1,0.85,1.0,0.0
0.6410112061223716,1,0.85,1.0,0.0
0.6410112061223716,1,0.85,1.0,0.0
1.135191647611511,1,0.85,1.0,0.0
1.1277040651647057,1,0.85,1.0,0.0
1.135191647611511,1,0.85,1.0,0.0
1.135191647611511,1,0.85,1.0,0.0
1.86148714495161,1,0.85,1.0,0.0
1.86148714495161,1,0.85,1.0,0.0
0.6335236236755666,1,0.85,1.0,0.0
0.6410112061223716,1,0.85,1.0,0.0
0.6410112061223716,1,0.85,1.0,0.0
1.1426792300583162,1,0.85,1.0,0.0
0.6335236236755666,1,0.85,1.0,0.0
1.135191647611511,1,0.85,1.0,0.0
1.135191647611511,1,0.85,1.0,0.0
0.6410112061223716,1,0.85,1.0,0.0
1.135191647611511,1,0.85,1.0,0.0
1.135191647611511,1,0.85,1.0,0.0
0.6410112061223716,1,0.85,1.0,0.0
0.6410112061223716,1,0.85,1.0,0.0
0.6410112061223716,1,0.85,1.0,0.0
0.6410112061223716,1,0.85,1.0,0.0
0.6410112061223716,1,0.85,1.0,0.0
1.135191647611511,1,0.85,1.0,0.0
1.135191647611511,1,0.85,1.0,0.0
1.135191647611511,1,0.85,1.0,0.0
0.6410112061223716,1,0.85,1.0,0.0
0.6484987885691768,1,0.85,1.0,0.0
0.6484987885691768,1,0.85,1.0,0.0
0.6410112061223716,1,0.85,1.0,0.0
1.135191647611511,1,0.85,1.0,0.0
1.135191647611511,1,0.85,1.0,0.0
1.135191647611511,1,0.85,1.0,0.0
0.6410112061223716,1,0.85,1.0,0.0
0.6410112061223716,1,0.85,1.0,0.0
0.6484987885691768,1,0.85,1.0,0.0
0.6410112061223716,1,0.85,1.0,0.0
1.135191647611511,1,0.85,1.0,0.0
1.135191647611511,1,0.85,1.0,0.0
1.135191647611511,1,0.85,1.0,0.0
1.135191647611511,1,0.85,1.0,0.0
0.6410112061223716,1,0.85,1.0,0.0
0.6410112061223716,1,0.85,1.0,0.0
1.135191647611511,1,0.85,1.0,0.0
1.135191647611511,1,0.85,1.0,0.0
2.348180003993944,1,0.85,1.0,0.0
2.2433538497386727,1,0.85,1.0,0.0
2.1984283550578416,1,0.85,1.0,0.0
1.7042479135687019,1,0.85,1.0,0.0
1.696760331121897,1,0.85,1.0,0.0
1.1426792300583162,1,0.85,1.0,0.0
1.1426792300583162,1,0.85,1.0,0.0
1.135191647611511,1,0.85,1.0,0.0
1.135191647611511,1,0.85,1.0,0.0
1.135191647611511,1,0.85,1.0,0.0
0.6410112061223716,1,0.85,1.0,0.0
0.6410112061223716,1,0.85,1.0,0.0
0.6410112061223716,1,0.85,1.0,0.0
0.6410112061223716,1,0.85,1.0,0.0
1.1426792300583162,1,0.85,1.0,0.0
1.135191647611511,1,0.85,1.0,0.0
1.135191647611511,1,0.85,1.0,0.0
1.135191647611511,1,0.85,1.0,0.0
0.6410112061223716,1,0.85,1.0,0.0
0.6410112061223716,1,0.85,1.0,0.0
0.6410112061223716,1,0.85,1.0,0.0
0.6410112061223716,1,0.85,1.0,0.0
1.1426792300583162,1,0.85,1.0,0.0
1.135191647611511,1,0.85,1.0,0.0
1.135191647611511,1,0.85,1.0,0.0
1.135191647611511,1,0.85,1.0,0.0
0.6410112061223716,1,0.85,1.0,0.0
0.6410112061223716,1,0.85,1.0,0.0
0.6410112061223716,1,0.85,1.0,0.0
0.6410112061223716,1,0.85,1.0,0.0
1.135191647611511,1,0.85,1.0,0.0
1.135191647611511,1,0.85,1.0,0.0
1.135191647611511,1,0.85,1.0,0.0
0.6410112061223716,1,0.85,1.0,0.0
0.6410112061223716,1,0.85,1.0,0.0
0.6410112061223716,1,0.85,1.0,0.0
1.135191647611511,1,0.85,1.0,0.0
1.135191647611511,1,0.85,1.0,0.0
1.135191647611511,1,0.85,1.0,0.0
1.135191647611511,1,0.85,1.0,0.0
0.6410112061223716,1,0.85,1.0,0.0
0.6410112061223716,1,0.85,1.0,0.0
0.6410112061223716,1,0.85,1.0,0.0
1.8315368151643894,1,0.85,1.0,0.0
2.220891102398257,1,0.85,1.0,0.0
2.205915937504647,1,0.85,1.0,0.0
2.1984283550578416,1,0.85,1.0,0.0
0.6410112061223716,1,0.85,1.0,0.0
0.6410112061223716,1,0.85,1.0,0.0
0.6410112061223716,1,0.85,1.0,0.0
0.6410112061223716,1,0.85,1.0,0.0
0.6410112061223716,1,0.85,1.0,0.0
1.135191647611511,1,0.85,1.0,0.0
1.135191647611511,1,0.85,1.0,0.0
0.6410112061223716,1,0.85,1.0,0.0
0.6410112061223716,1,0.85,1.0,0.0
0.6410112061223716,1,0.85,1.0,0.0
0.6410112061223716,1,0.85,1.0,0.0
0.6410112061223716,1,0.85,1.0,0.0
1.135191647611511,1,0.85,1.0,0.0
1.135191647611511,1,0.85,1.0,0.0
1.135191647611511,1,0.85,1.0,0.0
1.135191647611511,1,0.85,1.0,0.0
0.6484987885691768,1,0.85,1.0,0.0
0.6484987885691768,1,0.85,1.0,0.0
0.6410112061223716,1,0.85,1.0,0.0
0.6484987885691768,1,0.85,1.0,0.0
1.1501668125051214,1,0.85,1.0,0.0
1.1426792300583162,1,0.85,1.0,0.0
0.6410112061223716,1,0.85,1.0,0.0
0.6410112061223716,1,0.85,1.0,0.0
0.6484987885691768,1,0.85,1.0,0.0
0.6410112061223716,1,0.85,1.0,0.0
1.1426792300583162,1,0.85,1.0,0.0
1.1426792300583162,1,0.85,1.0,0.0
0.6484987885691768,1,0.85,1.0,0.0
0.6484987885691768,1,0.85,1.0,0.0
0.6484987885691768,1,0.85,1.0,0.0
0.6410112061223716,1,0.85,1.0,0.0
0.6484987885691768,1,0.85,1.0,0.0
1.1501668125051214,1,0.85,1.0,0.0
1.1501668125051214,1,0.85,1.0,0.0
1.1501668125051214,1,0.85,1.0,0.0
0.6484987885691768,1,0.85,1.0,0.0
1.8090740678239738,1,0.85,1.0,0.0
1.7341982433559224,1,0.85,1.0,0.0
1.7267106609091174,1,0.85,1.0,0.0
1.7117354960155071,1,0.85,1.0,0.0
1.1501668125051214,1,0.85,1.0,0.0
1.1501668125051214,1,0.85,1.0,0.0
0.6484987885691768,1,0.85,1.0,0.0
0.6484987885691768,1,0.85,1.0,0.0
0.6484987885691768,1,0.85,1.0,0.0
0.6484987885691768,1,0.85,1.0,0.0
0.6484987885691768,1,0.85,1.0,0.0
1.1501668125051214,1,0.85,1.0,0.0
1.1501668125051214,1,0.85,1.0,0.0
1.1501668125051214,1,0.85,1.0,0.0
0.6484987885691768,1,0.85,1.0,0.0
0.6410112061223716,1,0.85,1.0,0.0
0.6410112061223716,1,0.85,1.0,0.0
1.1426792300583162,1,0.85,1.0,0.0
1.1426792300583162,1,0.85,1.0,0.0
1.1501668125051214,1,0.85,1.0,0.0
1.1501668125051214,1,0.85,1.0,0.0
0.6410112061223716,1,0.85,1.0,0.0
0.6484987885691768,1,0.85,1.0,0.0
0.6484987885691768,1,0.85,1.0,0.0
0.6484987885691768,1,0.85,1.0,0.0
1.1501668125051214,1,0.85,1.0,0.0
1.1501668125051214,1,0.85,1.0,0.0
1.1501668125051214,1,0.85,1.0,0.0
0.6484987885691768,1,0.85,1.0,0.0
0.6484987885691768,1,0.85,1.0,0.0
0.6484987885691768,1,0.85,1.0,0.0
0.6484987885691768,1,0.85,1.0,0.0
1.1426792300583162,1,0.85,1.0,0.0
1.1426792300583162,1,0.85,1.0,0.0
1.1501668125051214,1,0.85,1.0,0.0
1.1501668125051214,1,0.85,1.0,0.0
0.6484987885691768,1,0.85,1.0,0.0
0.6410112061223716,1,0.85,1.0,0.0
0.6410112061223716,1,0.85,1.0,0.0
2.340692421547139,1,0.85,1.0,0.0
2.340692421547139,1,0.85,1.0,0.0
2.2358662672918674,1,0.85,1.0,0.0
2.220891102398257,1,0.85,1.0,0.0
2.220891102398257,1,0.85,1.0,0.0
1.7042479135687019,1,0.85,1.0,0.0
0.6484987885691768,1,0.85,1.0,0.0
0.6484987885691768,1,0.85,1.0,0.0
0.6484987885691768,1,0.85,1.0,0.0
1.1501668125051214,1,0.85,1.0,0.0
1.1501668125051214,1,0.85,1.0,0.0
1.1501668125051214,1,0.85,1.0,0.0
1.1501668125051214,1,0.85,1.0,0.0
0.6484987885691768,1,0.85,1.0,0.0
0.6484987885691768,1,0.85,1.0,0.0
0.6484987885691768,1,0.85,1.0,0.0
1.1501668125051214,1,0.85,1.0,0.0
1.1501668125051214,1,0.85,1.0,0.0
1.1501668125051214,1,0.85,1.0,0.0
1.1501668125051214,1,0.85,1.0,0.0
0.6484987885691768,1,0.85,1.0,0.0
0.6484987885691768,1,0.85,1.0,0.0
0.6484987885691768,1,0.85,1.0,0.0
1.1501668125051214,1,0.85,1.0,0.0
1.1501668125051214,1,0.85,1.0,0.0
1.1501668125051214,1,0.85,1.0,0.0
1.1501668125051214,1,0.85,1.0,0.0
0.6484987885691768,1,0.85,1.0,0.0
0.6484987885691768,1,0.85,1.0,0.0
0.6484987885691768,1,0.85,1.0,0.0
0.6484987885691768,1,0.85,1.0,0.0
1.1501668125051214,1,0.85,1.0,0.0
1.1501668125051214,1,0.85,1.0,0.0
1.1501668125051214,1,0.85,1.0,0.0
-0.13769736834536336,1,0.85,1.0,0.0
0.6410112061223716,1,0.85,1.0,0.0
0.6484987885691768,1,0.85,1.0,0.0
0.6484987885691768,1,0.85,1.0,0.0
0.6484987885691768,1,0.85,1.0,0.0
1.1576543949519265,1,0.85,1.0,0.0
1.1501668125051214,1,0.85,1.0,0.0
1.1501668125051214,1,0.85,1.0,0.0
1.1501668125051214,1,0.85,1.0,0.0
1.7341982433559224,1,0.85,1.0,0.0
1.7341982433559224,1,0.85,1.0,0.0
1.7267106609091174,1,0.85,1.0,0.0
1.7192230784623121,1,0.85,1.0,0.0
1.1426792300583162,1,0.85,1.0,0.0
1.1501668125051214,1,0.85,1.0,0.0
1.1501668125051214,1,0.85,1.0,0.0
0.6484987885691768,1,0.85,1.0,0.0
0.6484987885691768,1,0.85,1.0,0.0
0.6484987885691768,1,0.85,1.0,0.0
0.6484987885691768,1,0.85,1.0,0.0
1.1426792300583162,1,0.85,1.0,0.0
1.1501668125051214,1,0.85,1.0,0.0
1.1501668125051214,1,0.85,1.0,0.0
0.6484987885691768,1,0.85,1.0,0.0
0.6484987885691768,1,0.85,1.0,0.0
0.6410112061223716,1,0.85,1.0,0.0
0.6484987885691768,1,0.85,1.0,0.0
0.6484987885691768,1,0.85,1.0,0.0
1.1501668125051214,1,0.85,1.0,0.0
1.1501668125051214,1,0.85,1.0,0.0
0.6484987885691768,1,0.85,1.0,0.0
0.6484987885691768,1,0.85,1.0,0.0
0.6484987885691768,1,0.85,1.0,0.0
0.6484987885691768,1,0.85,1.0,0.0
0.6484987885691768,1,0.85,1.0,0.0
1.1426792300583162,1,0.85,1.0,0.0
1.135191647611511,1,0.85,1.0,0.0
1.135191647611511,1,0.85,1.0,0.0
0.6410112061223716,1,0.85,1.0,0.0
0.6410112061223716,1,0.85,1.0,0.0
0.6410112061223716,1,0.85,1.0,0.0
0.6410112061223716,1,0.85,1.0,0.0
1.1426792300583162,1,0.85,1.0,0.0
1.135191647611511,1,0.85,1.0,0.0
1.135191647611511,1,0.85,1.0,0.0
0.6410112061223716,1,0.85,1.0,0.0
0.6484987885691768,1,0.85,1.0,0.0
0.6410112061223716,1,0.85,1.0,0.0
2.213403519951452,1,0.85,1.0,0.0
2.213403519951452,1,0.85,1.0,0.0
2.1984283550578416,1,0.85,1.0,0.0
0.6410112061223716,1,0.85,1.0,0.0
0.6484987885691768,1,0.85,1.0,0.0
0.6484987885691768,1,0.85,1.0,0.0
0.6410112061223716,1,0.85,1.0,0.0
1.1501668125051214,1,0.85,1.0,0.0
1.1501668125051214,1,0.85,1.0,0.0
1.1501668125051214,1,0.85,1.0,0.0
0.6484987885691768,1,0.85,1.0,0.0
0.6484987885691768,1,0.85,1.0,0.0
0.6484987885691768,1,0.85,1.0,0.0
0.6484987885691768,1,0.85,1.0,0.0
1.1501668125051214,1,0.85,1.0,0.0
1.1501668125051214,1,0.85,1.0,0.0
1.1501668125051214,1,0.85,1.0,0.0
1.1501668125051214,1,0.85,1.0,0.0
0.6484987885691768,1,0.85,1.0,0.0
0.6484987885691768,1,0.85,1.0,0.0
0.6484987885691768,1,0.85,1.0,0.0
1.1426792300583162,1,0.85,1.0,0.0
1.1426792300583162,1,0.85,1.0,0.0
1.1426792300583162,1,0.85,1.0,0.0
0.6410112061223716,1,0.85,1.0,0.0
0.6410112061223716,1,0.85,1.0,0.0
0.6484987885691768,1,0.85,1.0,0.0
0.6410112061223716,1,0.85,1.0,0.0
1.1501668125051214,1,0.85,1.0,0.0
1.1501668125051214,1,0.85,1.0,0.0
1.1426792300583162,1,0.85,1.0,0.0
1.1426792300583162,1,0.85,1.0,0.0
1.1501668125051214,1,0.85,1.0,0.0
0.6410112061223716,1,0.85,1.0,0.0
0.6410112061223716,1,0.85,1.0,0.0
0.6410112061223716,1,0.85,1.0,0.0
0.6410112061223716,1,0.85,1.0,0.0
1.1426792300583162,1,0.85,1.0,0.0
1.1426792300583162,1,0.85,1.0,0.0
2.1909407726110364,1,0.85,1.0,0.0
2.2957669268663086,1,0.85,1.0,0.0
1.7267106609091174,1,0.85,1.0,0.0
0.6335236236755666,1,0.85,1.0,0.0
0.6335236236755666,1,0.85,1.0,0.0
1.1426792300583162,1,0.85,1.0,0.0
1.1426792300583162,1,0.85,1.0,0.0
1.1426792300583162,1,0.85,1.0,0.0
1.135191647611511,1,0.85,1.0,0.0
0.6410112061223716,1,0.85,1.0,0.0
0.6410112061223716,1,0.85,1.0,0.0
0.6410112061223716,1,0.85,1.0,0.0
0.6410112061223716,1,0.85,1.0,0.0
0.6410112061223716,1,0.85,1.0,0.0
1.1426792300583162,1,0.85,1.0,0.0
1.135191647611511,1,0.85,1.0,0.0
1.1426792300583162,1,0.85,1.0,0.0
1.1426792300583162,1,0.85,1.0,0.0
0.6410112061223716,1,0.85,1.0,0.0
0.6484987885691768,1,0.85,1.0,0.0
0.6484987885691768,1,0.85,1.0,0.0
0.6410112061223716,1,0.85,1.0,0.0
0.6410112061223716,1,0.85,1.0,0.0
1.1426792300583162,1,0.85,1.0,0.0
1.1426792300583162,1,0.85,1.0,0.0
1.135191647611511,1,0.85,1.0,0.0
0.6410112061223716,1,0.85,1.0,0.0
0.6410112061223716,1,0.85,1.0,0.0
0.6410112061223716,1,0.85,1.0,0.0
0.6410112061223716,1,0.85,1.0,0.0
1.1426792300583162,1,0.85,1.0,0.0
1.1426792300583162,1,0.85,1.0,0.0
1.135191647611511,1,0.85,1.0,0.0
0.6410112061223716,1,0.85,1.0,0.0
0.6410112061223716,1,0.85,1.0,0.0
0.6410112061223716,1,0.85,1.0,0.0
0.6410112061223716,1,0.85,1.0,0.0
0.6410112061223716,1,0.85,1.0,0.0
1.1426792300583162,1,0.85,1.0,0.0
1.1426792300583162,1,0.85,1.0,0.0
0.6410112061223716,1,0.85,1.0,0.0
0.6410112061223716,1,0.85,1.0,0.0
0.6410112061223716,1,0.85,1.0,0.0
1.816561650270779,1,0.85,1.0,0.0
1.7341982433559224,1,0.85,1.0,0.0
1.7192230784623121,1,0.85,1.0,0.0
2.213403519951452,1,0.85,1.0,0.0
0.6410112061223716,1,0.85,1.0,0.0
0.6410112061223716,1,0.85,1.0,0.0
0.6410112061223716,1,0.85,1.0,0.0
0.6410112061223716,1,0.85,1.0,0.0
0.6410112061223716,1,0.85,1.0,0.0
0.6410112061223716,1,0.85,1.0,0.0
0.6410112061223716,1,0.85,1.0,0.0
0.6410112061223716,1,0.85,1.0,0.0
0.6410112061223716,1,0.85,1.0,0.0
0.6410112061223716,1,0.85,1.0,0.0
0.6410112061223716,1,0.85,1.0,0.0
1.135191647611511,1,0.85,1.0,0.0
1.135191647611511,1,0.85,1.0,0.0
0.6410112061223716,1,0.85,1.0,0.0
0.6410112061223716,1,0.85,1.0,0.0
0.6410112061223716,1,0.85,1.0,0.0
0.6410112061223716,1,0.85,1.0,0.0
0.6410112061223716,1,0.85,1.0,0.0
1.1426792300583162,1,0.85,1.0,0.0
1.1426792300583162,1,0.85,1.0,0.0
1.135191647611511,1,0.85,1.0,0.0
0.6410112061223716,1,0.85,1.0,0.0
0.6484987885691768,1,0.85,1.0,0.0
0.6410112061223716,1,0.85,1.0,0.0
0.6410112061223716,1,0.85,1.0,0.0
1.1501668125051214,1,0.85,1.0,0.0
1.1501668125051214,1,0.85,1.0,0.0
1.1426792300583162,1,0.85,1.0,0.0
0.6410112061223716,1,0.85,1.0,0.0
0.6410112061223716,1,0.85,1.0,0.0
0.6410112061223716,1,0.85,1.0,0.0
0.6484987885691768,1,0.85,1.0,0.0
2.348180003993944,1,0.85,1.0,0.0
2.348180003993944,1,0.85,1.0,0.0
2.2433538497386727,1,0.85,1.0,0.0
2.220891102398257,1,0.85,1.0,0.0
1.7117354960155071,1,0.85,1.0,0.0
1.696760331121897,1,0.85,1.0,0.0
0.6410112061223716,1,0.85,1.0,0.0
1.1426792300583162,1,0.85,1.0,0.0
1.1426792300583162,1,0.85,1.0,0.0
1.1052413178242901,1,0.85,1.0,0.0
1.1052413178242901,1,0.85,1.0,0.0
0.6410112061223716,1,0.85,1.0,0.0
0.6484987885691768,1,0.85,1.0,0.0
0.6410112061223716,1,0.85,1.0,0.0
1.1501668125051214,1,0.85,1.0,0.0
1.1501668125051214,1,0.85,1.0,0.0
1.1501668125051214,1,0.85,1.0,0.0
1.1426792300583162,1,0.85,1.0,0.0
0.6410112061223716,1,0.85,1.0,0.0
0.6410112061223716,1,0.85,1.0,0.0
0.6484987885691768,1,0.85,1.0,0.0
0.6410112061223716,1,0.85,1.0,0.0
0.6410112061223716,1,0.85,1.0,0.0
1.1426792300583162,1,0.85,1.0,0.0
1.1426792300583162,1,0.85,1.0,0.0
1.1426792300583162,1,0.85,1.0,0.0
0.6410112061223716,1,0.85,1.0,0.0
0.6410112061223716,1,0.85,1.0,0.0
0.6410112061223716,1,0.85,1.0,0.0
1.1501668125051214,1,0.85,1.0,0.0
1.1501668125051214,1,0.85,1.0,0.0
1.1501668125051214,1,0.85,1.0,0.0
1.1426792300583162,1,0.85,1.0,0.0
1.1501668125051214,1,0.85,1.0,0.0
0.6484987885691768,1,0.85,1.0,0.0
0.6410112061223716,1,0.85,1.0,0.0
0.6410112061223716,1,0.85,1.0,0.0
0.6410112061223716,1,0.85,1.0,0.0
0.6410112061223716,1,0.85,1.0,0.0
0.6410112061223716,1,0.85,1.0,0.0
0.6410112061223716,1,0.85,1.0,0.0
0.6410112061223716,1,0.85,1.0,0.0
1.7267106609091174,1,0.85,1.0,0.0
1.7267106609091174,1,0.85,1.0,0.0
1.7192230784623121,1,0.85,1.0,0.0
1.7042479135687019,1,0.85,1.0,0.0
0.6410112061223716,1,0.85,1.0,0.0
0.6410112061223716,1,0.85,1.0,0.0
0.6410112061223716,1,0.85,1.0,0.0
0.6410112061223716,1,0.85,1.0,0.0
0.6410112061223716,1,0.85,1.0,0.0
0.6410112061223716,1,0.85,1.0,0.0
0.6410112061223716,1,0.85,1.0,0.0
0.6410112061223716,1,0.85,1.0,0.0
0.6410112061223716,1,0.85,1.0,0.0
0.6410112061223716,1,0.85,1.0,0.0
0.6410112061223716,1,0.85,1.0,0.0
0.6410112061223716,1,0.85,1.0,0.0
0.6410112061223716,1,0.85,1.0,0.0
0.6410112061223716,1,0.85,1.0,0.0
0.6410112061223716,1,0.85,1.0,0.0
0.6410112061223716,1,0.85,1.0,0.0
0.6410112061223716,1,0.85,1.0,0.0
0.6410112061223716,1,0.85,1.0,0.0
0.6410112061223716,1,0.85,1.0,0.0
0.6410112061223716,1,0.85,1.0,0.0
0.6410112061223716,1,0.85,1.0,0.0
0.6410112061223716,1,0.85,1.0,0.0
0.6410112061223716,1,0.85,1.0,0.0
0.6410112061223716,1,0.85,1.0,0.0
0.6410112061223716,1,0.85,1.0,0.0
0.6410112061223716,1,0.85,1.0,0.0
0.6410112061223716,1,0.85,1.0,0.0
0.6410112061223716,1,0.85,1.0,0.0
0.6410112061223716,1,0.85,1.0,0.0
0.6410112061223716,1,0.85,1.0,0.0
0.6484987885691768,1,0.85,1.0,0.0
0.6484987885691768,1,0.85,1.0,0.0
0.6410112061223716,1,0.85,1.0,0.0
0.6410112061223716,1,0.85,1.0,0.0
1.8764623098452202,1,0.85,1.0,0.0
1.7491734082495327,1,0.85,1.0,0.0
1.7267106609091174,1,0.85,1.0,0.0
-0.1451849507921685,1,0.85,1.0,0.0
-0.1451849507921685,1,0.85,1.0,0.0
-0.1451849507921685,1,0.85,1.0,0.0
-0.1451849507921685,1,0.85,1.0,0.0
-0.1451849507921685,1,0.85,1.0,0.0
-0.1451849507921685,1,0.85,1.0,0.0
-0.1451849507921685,1,0.85,1.0,0.0
-0.1451849507921685,1,0.85,1.0,0.0
-0.1451849507921685,1,0.85,1.0,0.0
-0.1451849507921685,1,0.85,1.0,0.0
-0.1451849507921685,1,0.85,1.0,0.0
-0.1451849507921685,1,0.85,1.0,0.0
-0.1451849507921685,1,0.85,1.0,0.0
-0.1451849507921685,1,0.85,1.0,0.0
-0.1451849507921685,1,0.85,1.0,0.0
-0.1451849507921685,1,0.85,1.0,0.0
-0.1451849507921685,1,0.85,1.0,0.0
-0.1451849507921685,1,0.85,1.0,0.0
-0.1451849507921685,1,0.85,1.0,0.0
-0.1451849507921685,1,0.85,1.0,0.0
-0.1451849507921685,1,0.85,1.0,0.0
-0.1451849507921685,1,0.85,1.0,0.0
-0.1451849507921685,1,0.85,1.0,0.0
-0.1451849507921685,1,0.85,1.0,0.0
-0.1451849507921685,1,0.85,1.0,0.0
-0.1451849507921685,1,0.85,1.0,0.0
-0.1451849507921685,1,0.85,1.0,0.0
-0.1451849507921685,1,0.85,1.0,0.0
-0.1451849507921685,1,0.85,1.0,0.0
-0.1451849507921685,1,0.85,1.0,0.0
-0.1451849507921685,1,0.85,1.0,0.0
-0.1451849507921685,1,0.85,1.0,0.0
-0.1451849507921685,1,0.85,1.0,0.0
-0.1451849507921685,1,0.85,1.0,0.0
-0.1451849507921685,1,0.85,1.0,0.0
-0.1451849507921685,1,0.85,1.0,0.0
-0.1451849507921685,1,0.85,1.0,0.0
-0.1451849507921685,1,0.85,1.0,0.0
1.0453406582498492,1,0.85,1.0,0.0
0.9480020864413825,1,0.85,1.0,0.0
0.9330269215477724,1,0.85,1.0,0.0
0.9255393391009673,1,0.85,1.0,0.0
-0.1451849507921685,1,0.85,1.0,0.0
-0.1451849507921685,1,0.85,1.0,0.0
-0.1451849507921685,1,0.85,1.0,0.0
-0.1451849507921685,1,0.85,1.0,0.0
-0.1451849507921685,1,0.85,1.0,0.0
-0.1451849507921685,1,0.85,1.0,0.0
-0.1451849507921685,1,0.85,1.0,0.0
-0.1451849507921685,1,0.85,1.0,0.0
-0.1451849507921685,1,0.85,1.0,0.0
-0.1451849507921685,1,0.85,1.0,0.0
-0.1451849507921685,1,0.85,1.0,0.0
-0.1451849507921685,1,0.85,1.0,0.0
-0.1451849507921685,1,0.85,1.0,0.0
-0.1451849507921685,1,0.85,1.0,0.0
-0.1451849507921685,1,0.85,1.0,0.0
-0.1451849507921685,1,0.85,1.0,0.0
-0.1451849507921685,1,0.85,1.0,0.0
-0.1451849507921685,1,0.85,1.0,0.0
-0.1451849507921685,1,0.85,1.0,0.0
-0.1451849507921685,1,0.85,1.0,0.0
-0.1451849507921685,1,0.85,1.0,0.0
-0.1451849507921685,1,0.85,1.0,0.0
-0.1451849507921685,1,0.85,1.0,0.0
-0.1451849507921685,1,0.85,1.0,0.0
-0.1451849507921685,1,0.85,1.0,0.0
-0.1451849507921685,1,0.85,1.0,0.0
-0.1451849507921685,1,0.85,1.0,0.0
-0.1451849507921685,1,0.85,1.0,0.0
-0.1451849507921685,1,0.85,1.0,0.0
-0.1451849507921685,1,0.85,1.0,0.0
-0.1451849507921685,1,0.85,1.0,0.0
-0.1451849507921685,1,0.85,1.0,0.0
-0.1451849507921685,1,0.85,1.0,0.0
-0.1451849507921685,1,0.85,1.0,0.0
-0.1451849507921685,1,0.85,1.0,0.0
-0.1451849507921685,1,0.85,1.0,0.0
-0.1451849507921685,1,0.85,1.0,0.0
-0.1451849507921685,1,0.85,1.0,0.0
1.0603158231434595,1,0.85,1.0,0.0
0.9480020864413825,1,0.85,1.0,0.0
0.9330269215477724,1,0.85,1.0,0.0
0.9255393391009673,1,0.85,1.0,0.0
-0.1451849507921685,1,0.85,1.0,0.0
-0.1451849507921685,1,0.85,1.0,0.0
-0.1451849507921685,1,0.85,1.0,0.0
-0.1451849507921685,1,0.85,1.0,0.0
-0.1451849507921685,1,0.85,1.0,0.0
-0.1451849507921685,1,0.85,1.0,0.0
-0.1451849507921685,1,0.85,1.0,0.0
-0.1451849507921685,1,0.85,1.0,0.0
-0.1451849507921685,1,0.85,1.0,0.0
-0.1451849507921685,1,0.85,1.0,0.0
-0.1451849507921685,1,0.85,1.0,0.0
-0.1451849507921685,1,0.85,1.0,0.0
-0.1451849507921685,1,0.85,1.0,0.0
-0.1451849507921685,1,0.85,1.0,0.0
-0.1451849507921685,1,0.85,1.0,0.0
-0.1451849507921685,1,0.85,1.0,0.0
-0.1451849507921685,1,0.85,1.0,0.0
-0.1451849507921685,1,0.85,1.0,0.0
-0.1451849507921685,1,0.85,1.0,0.0
-0.1451849507921685,1,0.85,1.0,0.0
-0.1451849507921685,1,0.85,1.0,0.0
-0.1451849507921685,1,0.85,1.0,0.0
-0.1451849507921685,1,0.85,1.0,0.0
-0.1451849507921685,1,0.85,1.0,0.0
-0.1451849507921685,1,0.85,1.0,0.0
-0.1451849507921685,1,0.85,1.0,0.0
-0.1451849507921685,1,0.85,1.0,0.0
-0.1451849507921685,1,0.85,1.0,0.0
-0.1451849507921685,1,0.85,1.0,0.0
-0.1451849507921685,1,0.85,1.0,0.0
-0.1451849507921685,1,0.85,1.0,0.0
-0.1451849507921685,1,0.85,1.0,0.0
-0.1451849507921685,1,0.85,1.0,0.0
-0.1451849507921685,1,0.85,1.0,0.0
-0.1451849507921685,1,0.85,1.0,0.0
-0.1451849507921685,1,0.85,1.0,0.0
1.0752909880370698,1,0.85,1.0,0.0
0.9330269215477724,1,0.85,1.0,0.0
0.9330269215477724,1,0.85,1.0,0.0
0.9330269215477724,1,0.85,1.0,0.0
0.9180517566541619,1,0.85,1.0,0.0
-0.1451849507921685,1,0.85,1.0,0.0
-0.1451849507921685,1,0.85,1.0,0.0
-0.1451849507921685,1,0.85,1.0,0.0
-0.1451849507921685,1,0.85,1.0,0.0
-0.1451849507921685,1,0.85,1.0,0.0
-0.1451849507921685,1,0.85,1.0,0.0
-0.1451849507921685,1,0.85,1.0,0.0
-0.1451849507921685,1,0.85,1.0,0.0
-0.1451849507921685,1,0.85,1.0,0.0
-0.1451849507921685,1,0.85,1.0,0.0
-0.1451849507921685,1,0.85,1.0,0.0
-0.1451849507921685,1,0.85,1.0,0.0
-0.1451849507921685,1,0.85,1.0,0.0
-0.1451849507921685,1,0.85,1.0,0.0
-0.1451849507921685,1,0.85,1.0,0.0
-0.1451849507921685,1,0.85,1.0,0.0
-0.1451849507921685,1,0.85,1.0,0.0
-0.1451849507921685,1,0.85,1.0,0.0
-0.1451849507921685,1,0.85,1.0,0.0
-0.1451849507921685,1,0.85,1.0,0.0
-0.1451849507921685,1,0.85,1.0,0.0
-0.1451849507921685,1,0.85,1.0,0.0
-0.1451849507921685,1,0.85,1.0,0.0
-0.1451849507921685,1,0.85,1.0,0.0
-0.1451849507921685,1,0.85,1.0,0.0
-0.1451849507921685,1,0.85,1.0,0.0
-0.1451849507921685,1,0.85,1.0,0.0
-0.1451849507921685,1,0.85,1.0,0.0
-0.1451849507921685,1,0.85,1.0,0.0
-0.1451849507921685,1,0.85,1.0,0.0
-0.1451849507921685,1,0.85,1.0,0.0
-0.1451849507921685,1,0.85,1.0,0.0
-0.1451849507921685,1,0.85,1.0,0.0
-0.1451849507921685,1,0.85,1.0,0.0
-0.1451849507921685,1,0.85,1.0,0.0
-0.1451849507921685,1,0.85,1.0,0.0
-0.1451849507921685,1,0.85,1.0,0.0
-0.1451849507921685,1,0.85,1.0,0.0
-0.1451849507921685,1,0.85,1.0,0.0
1.0752909880370698,1,0.85,1.0,0.0
0.9704648337817978,1,0.85,1.0,0.0
0.9405145039945774,1,0.85,1.0,0.0
0.9330269215477724,1,0.85,1.0,0.0
0.9255393391009673,1,0.85,1.0,0.0
-0.1451849507921685,1,0.85,1.0,0.0
-0.1451849507921685,1,0.85,1.0,0.0
-0.1451849507921685,1,0.85,1.0,0.0
-0.1451849507921685,1,0.85,1.0,0.0
-0.1451849507921685,1,0.85,1.0,0.0
-0.1451849507921685,1,0.85,1.0,0.0
-0.1451849507921685,1,0.85,1.0,0.0
-0.1451849507921685,1,0.85,1.0,0.0
-0.1451849507921685,1,0.85,1.0,0.0
-0.1451849507921685,1,0.85,1.0,0.0
-0.1451849507921685,1,0.85,1.0,0.0
-0.1451849507921685,1,0.85,1.0,0.0
-0.1451849507921685,1,0.85,1.0,0.0
-0.1451849507921685,1,0.85,1.0,0.0
-0.1451849507921685,1,0.85,1.0,0.0
-0.1451849507921685,1,0.85,1.0,0.0
-0.1451849507921685,1,0.85,1.0,0.0
-0.1451849507921685,1,0.85,1.0,0.0
-0.1451849507921685,1,0.85,1.0,0.0
-0.1451849507921685,1,0.85,1.0,0.0
-0.1451849507921685,1,0.85,1.0,0.0
-0.1451849507921685,1,0.85,1.0,0.0
-0.1451849507921685,1,0.85,1.0,0.0
-0.1451849507921685,1,0.85,1.0,0.0
-0.1451849507921685,1,0.85,1.0,0.0
-0.1451849507921685,1,0.85,1.0,0.0
-0.1451849507921685,1,0.85,1.0,0.0
-0.1451849507921685,1,0.85,1.0,0.0
-0.1451849507921685,1,0.85,1.0,0.0
-0.1451849507921685,1,0.85,1.0,0.0
-0.1451849507921685,1,0.85,1.0,0.0
-0.1451849507921685,1,0.85,1.0,0.0
-0.1451849507921685,1,0.85,1.0,0.0
-0.1451849507921685,1,0.85,1.0,0.0
-0.1451849507921685,1,0.85,1.0,0.0
-0.1451849507921685,1,0.85,1.0,0.0
1.0528282406966545,1,0.85,1.0,0.0
0.9480020864413825,1,0.85,1.0,0.0
0.9330269215477724,1,0.85,1.0,0.0
0.9330269215477724,1,0.85,1.0,0.0
-0.1451849507921685,1,0.85,1.0,0.0
-0.1451849507921685,1,0.85,1.0,0.0
-0.1451849507921685,1,0.85,1.0,0.0
-0.1451849507921685,1,0.85,1.0,0.0
-0.1451849507921685,1,0.85,1.0,0.0
-0.1451849507921685,1,0.85,1.0,0.0
-0.1451849507921685,1,0.85,1.0,0.0
-0.1451849507921685,1,0.85,1.0,0.0
-0.1451849507921685,1,0.85,1.0,0.0
-0.1451849507921685,1,0.85,1.0,0.0
-0.1451849507921685,1,0.85,1.0,0.0
-0.1451849507921685,1,0.85,1.0,0.0
-0.1451849507921685,1,0.85,1.0,0.0
-0.1451849507921685,1,0.85,1.0,0.0
-0.1451849507921685,1,0.85,1.0,0.0
-0.1451849507921685,1,0.85,1.0,0.0
-0.1451849507921685,1,0.85,1.0,0.0
-0.1451849507921685,1,0.85,1.0,0.0
-0.1451849507921685,1,0.85,1.0,0.0
-0.1451849507921685,1,0.85,1.0,0.0
-0.1451849507921685,1,0.85,1.0,0.0
-0.1451849507921685,1,0.85,1.0,0.0
-0.1451849507921685,1,0.85,1.0,0.0
-0.1451849507921685,1,0.85,1.0,0.0
-0.1451849507921685,1,0.85,1.0,0.0
-0.1451849507921685,1,0.85,1.0,0.0
-0.1451849507921685,1,0.85,1.0,0.0
-0.1451849507921685,1,0.85,1.0,0.0
-0.1451849507921685,1,0.85,1.0,0.0
-0.1451849507921685,1,0.85,1.0,0.0
-0.1451849507921685,1,0.85,1.0,0.0
-0.1451849507921685,1,0.85,1.0,0.0
-0.1451849507921685,1,0.85,1.0,0.0
-0.1451849507921685,1,0.85,1.0,0.0
-0.1451849507921685,1,0.85,1.0,0.0
-0.1451849507921685,1,0.85,1.0,0.0
-0.1451849507921685,1,0.85,1.0,0.0
-0.1451849507921685,1,0.85,1.0,0.0
-0.1451849507921685,1,0.85,1.0,0.0
1.0752909880370698,1,0.85,1.0,0.0
0.977952416228603,1,0.85,1.0,0.0
0.9330269215477724,1,0.85,1.0,0.0
0.9330269215477724,1,0.85,1.0,0.0
-0.1451849507921685,1,0.85,1.0,0.0
-0.1451849507921685,1,0.85,1.0,0.0
-0.1451849507921685,1,0.85,1.0,0.0
-0.1451849507921685,1,0.85,1.0,0.0
-0.1451849507921685,1,0.85,1.0,0.0
-0.1451849507921685,1,0.85,1.0,0.0
-0.1451849507921685,1,0.85,1.0,0.0
-0.1451849507921685,1,0.85,1.0,0.0
-0.1451849507921685,1,0.85,1.0,0.0
-0.1451849507921685,1,0.85,1.0,0.0
-0.1451849507921685,1,0.85,1.0,0.0
-0.1451849507921685,1,0.85,1.0,0.0
-0.1451849507921685,1,0.85,1.0,0.0
-0.1451849507921685,1,0.85,1.0,0.0
-0.1451849507921685,1,0.85,1.0,0.0
-0.1451849507921685,1,0.85,1.0,0.0
-0.1451849507921685,1,0.85,1.0,0.0
-0.1451849507921685,1,0.85,1.0,0.0
-0.1451849507921685,1,0.85,1.0,0.0
-0.1451849507921685,1,0.85,1.0,0.0
-0.1451849507921685,1,0.85,1.0,0.0
-0.1451849507921685,1,0.85,1.0,0.0
-0.1451849507921685,1,0.85,1.0,0.0
-0.1451849507921685,1,0.85,1.0,0.0
-0.1451849507921685,1,0.85,1.0,0.0
-0.1451849507921685,1,0.85,1.0,0.0
-0.1451849507921685,1,0.85,1.0,0.0
-0.1451849507921685,1,0.85,1.0,0.0
-0.1451849507921685,1,0.85,1.0,0.0
-0.1451849507921685,1,0.85,1.0,0.0
-0.1451849507921685,1,0.85,1.0,0.0
-0.1451849507921685,1,0.85,1.0,0.0
-0.1451849507921685,1,0.85,1.0,0.0
-0.1451849507921685,1,0.85,1.0,0.0
-0.1451849507921685,1,0.85,1.0,0.0
-0.1451849507921685,1,0.85,1.0,0.0
1.030365493356239,1,0.85,1.0,0.0
0.9330269215477724,1,0.85,1.0,0.0
0.9330269215477724,1,0.85,1.0,0.0
-0.1451849507921685,1,0.85,1.0,0.0
-0.1451849507921685,1,0.85,1.0,0.0
-0.1451849507921685,1,0.85,1.0,0.0
-0.1451849507921685,1,0.85,1.0,0.0
-0.1451849507921685,1,0.85,1.0,0.0
-0.1451849507921685,1,0.85,1.0,0.0
-0.1451849507921685,1,0.85,1.0,0.0
-0.1451849507921685,1,0.85,1.0,0.0
-0.1451849507921685,1,0.85,1.0,0.0
-0.1451849507921685,1,0.85,1.0,0.0
-0.1451849507921685,1,0.85,1.0,0.0
-0.1451849507921685,1,0.85,1.0,0.0
-0.1451849507921685,1,0.85,1.0,0.0
-0.1451849507921685,1,0.85,1.0,0.0
-0.1451849507921685,1,0.85,1.0,0.0
-0.1451849507921685,1,0.85,1.0,0.0
-0.1451849507921685,1,0.85,1.0,0.0
-0.1451849507921685,1,0.85,1.0,0.0
-0.1451849507921685,1,0.85,1.0,0.0
-0.1451849507921685,1,0.85,1.0,0.0
-0.1451849507921685,1,0.85,1.0,0.0
-0.1451849507921685,1,0.85,1.0,0.0
-0.1451849507921685,1,0.85,1.0,0.0
-0.1451849507921685,1,0.85,1.0,0.0
-0.1451849507921685,1,0.85,1.0,0.0
-0.1451849507921685,1,0.85,1.0,0.0
-0.1451849507921685,1,0.85,1.0,0.0
-0.1451849507921685,1,0.85,1.0,0.0
-0.1451849507921685,1,0.85,1.0,0.0
-0.1451849507921685,1,0.85,1.0,0.0
-0.1451849507921685,1,0.85,1.0,0.0
-0.1451849507921685,1,0.85,1.0,0.0
-0.1451849507921685,1,0.85,1.0,0.0
-0.1451849507921685,1,0.85,1.0,0.0
-0.1451849507921685,1,0.85,1.0,0.0
-0.1451849507921685,1,0.85,1.0,0.0
-0.1451849507921685,1,0.85,1.0,0.0
-0.1451849507921685,1,0.85,1.0,0.0
-0.1451849507921685,1,0.85,1.0,0.0
-0.1451849507921685,1,0.85,1.0,0.0
-0.1451849507921685,1,0.85,1.0,0.0
1.0079027460158236,1,0.85,1.0,0.0
0.9330269215477724,1,0.85,1.0,0.0
-0.1451849507921685,1,0.85,1.0,0.0
-0.1451849507921685,1,0.85,1.0,0.0
-0.1451849507921685,1,0.85,1.0,0.0
-0.1451849507921685,1,0.85,1.0,0.0
-0.1451849507921685,1,0.85,1.0,0.0
-0.1451849507921685,1,0.85,1.0,0.0
-0.1451849507921685,1,0.85,1.0,0.0
-0.1451849507921685,1,0.85,1.0,0.0
-0.1451849507921685,1,0.85,1.0,0.0
-0.1451849507921685,1,0.85,1.0,0.0
-0.1451849507921685,1,0.85,1.0,0.0
-0.1451849507921685,1,0.85,1.0,0.0
-0.1451849507921685,1,0.85,1.0,0.0
-0.1451849507921685,1,0.85,1.0,0.0
-0.1451849507921685,1,0.85,1.0,0.0
-0.1451849507921685,1,0.85,1.0,0.0
-0.1451849507921685,1,0.85,1.0,0.0
-0.1451849507921685,1,0.85,1.0,0.0
-0.1451849507921685,1,0.85,1.0,0.0
-0.1451849507921685,1,0.85,1.0,0.0
-0.1451849507921685,1,0.85,1.0,0.0
-0.1451849507921685,1,0.85,1.0,0.0
-0.1451849507921685,1,0.85,1.0,0.0
-0.1451849507921685,1,0.85,1.0,0.0
-0.1451849507921685,1,0.85,1.0,0.0
-0.1451849507921685,1,0.85,1.0,0.0
-0.1451849507921685,1,0.85,1.0,0.0
-0.1451849507921685,1,0.85,1.0,0.0
-0.1451849507921685,1,0.85,1.0,0.0
-0.1451849507921685,1,0.85,1.0,0.0
-0.1451849507921685,1,0.85,1.0,0.0
-0.1451849507921685,1,0.85,1.0,0.0
-0.1451849507921685,1,0.85,1.0,0.0
-0.1451849507921685,1,0.85,1.0,0.0
-0.1451849507921685,1,0.85,1.0,0.0
-0.1451849507921685,1,0.85,1.0,0.0
-0.1451849507921685,1,0.85,1.0,0.0
-0.1451849507921685,1,0.85,1.0,0.0
-0.1451849507921685,1,0.85,1.0,0.0
-0.1451849507921685,1,0.85,1.0,0.0
9.453895746012025,1,0.85,1.0,0.0
0.9929275811222132,1,0.85,1.0,0.0
0.9255393391009673,1,0.85,1.0,0.0
0.8955890093137465,1,0.85,1.0,0.0
0.8955890093137465,1,0.85,1.0,0.0
-0.1451849507921685,1,0.85,1.0,0.0
-0.1451849507921685,1,0.85,1.0,0.0
-0.1451849507921685,1,0.85,1.0,0.0
-0.1451849507921685,1,0.85,1.0,0.0
-0.1451849507921685,1,0.85,1.0,0.0
-0.1451849507921685,1,0.85,1.0,0.0
-0.1451849507921685,1,0.85,1.0,0.0
-0.1451849507921685,1,0.85,1.0,0.0
-0.1451849507921685,1,0.85,1.0,0.0
-0.1451849507921685,1,0.85,1.0,0.0
-0.1451849507921685,1,0.85,1.0,0.0
-0.1451849507921685,1,0.85,1.0,0.0
-0.1451849507921685,1,0.85,1.0,0.0
-0.1451849507921685,1,0.85,1.0,0.0
-0.1451849507921685,1,0.85,1.0,0.0
-0.1451849507921685,1,0.85,1.0,0.0
-0.1451849507921685,1,0.85,1.0,0.0
-0.1451849507921685,1,0.85,1.0,0.0
-0.1451849507921685,1,0.85,1.0,0.0
-0.1451849507921685,1,0.85,1.0,0.0
-0.1451849507921685,1,0.85,1.0,0.0
-0.1451849507921685,1,0.85,1.0,0.0
-0.1451849507921685,1,0.85,1.0,0.0
-0.1451849507921685,1,0.85,1.0,0.0
-0.1451849507921685,1,0.85,1.0,0.0
-0.1451849507921685,1,0.85,1.0,0.0
-0.1451849507921685,1,0.85,1.0,0.0
-0.1451849507921685,1,0.85,1.0,0.0
-0.1451849507921685,1,0.85,1.0,0.0
-0.1451849507921685,1,0.85,1.0,0.0
-0.1451849507921685,1,0.85,1.0,0.0
-0.1451849507921685,1,0.85,1.0,0.0
-0.1451849507921685,1,0.85,1.0,0.0
-0.1451849507921685,1,0.85,1.0,0.0
-0.1451849507921685,1,0.85,1.0,0.0
-0.0927718736645325,1,0.85,1.0,0.0
0.9929275811222132,1,0.85,1.0,0.0
0.9105641742073568,1,0.85,1.0,0.0
0.9105641742073568,1,0.85,1.0,0.0
0.8955890093137465,1,0.85,1.0,0.0
-0.1451849507921685,1,0.85,1.0,0.0
-0.1451849507921685,1,0.85,1.0,0.0
-0.1451849507921685,1,0.85,1.0,0.0
-0.1451849507921685,1,0.85,1.0,0.0
-0.1451849507921685,1,0.85,1.0,0.0
-0.1451849507921685,1,0.85,1.0,0.0
-0.1451849507921685,1,0.85,1.0,0.0
-0.1451849507921685,1,0.85,1.0,0.0
-0.1451849507921685,1,0.85,1.0,0.0
-0.1451849507921685,1,0.85,1.0,0.0
-0.1451849507921685,1,0.85,1.0,0.0
-0.1451849507921685,1,0.85,1.0,0.0
-0.1451849507921685,1,0.85,1.0,0.0
-0.1451849507921685,1,0.85,1.0,0.0
-0.1451849507921685,1,0.85,1.0,0.0
-0.1451849507921685,1,0.85,1.0,0.0
-0.1451849507921685,1,0.85,1.0,0.0
-0.1451849507921685,1,0.85,1.0,0.0
-0.1451849507921685,1,0.85,1.0,0.0
-0.1451849507921685,1,0.85,1.0,0.0
-0.1451849507921685,1,0.85,1.0,0.0
-0.1451849507921685,1,0.85,1.0,0.0
-0.1451849507921685,1,0.85,1.0,0.0
-0.1451849507921685,1,0.85,1.0,0.0
-0.1451849507921685,1,0.85,1.0,0.0
-0.1451849507921685,1,0.85,1.0,0.0
-0.1451849507921685,1,0.85,1.0,0.0
-0.1451849507921685,1,0.85,1.0,0.0
-0.1451849507921685,1,0.85,1.0,0.0
-0.1451849507921685,1,0.85,1.0,0.0
-0.1451849507921685,1,0.85,1.0,0.0
-0.1451849507921685,1,0.85,1.0,0.0
-0.1451849507921685,1,0.85,1.0,0.0
-0.1451849507921685,1,0.85,1.0,0.0
-0.1451849507921685,1,0.85,1.0,0.0
-0.1451849507921685,1,0.85,1.0,0.0
-0.1451849507921685,1,0.85,1.0,0.0
-0.1451849507921685,1,0.85,1.0,0.0
-0.1451849507921685,1,0.85,1.0,0.0
-0.1451849507921685,1,0.85,1.0,0.0
0.9105641742073568,1,0.85,1.0,0.0
0.9105641742073568,1,0.85,1.0,0.0
0.8955890093137465,1,0.85,1.0,0.0
-0.1451849507921685,1,0.85,1.0,0.0
-0.1451849507921685,1,0.85,1.0,0.0
-0.1451849507921685,1,0.85,1.0,0.0
-0.1451849507921685,1,0.85,1.0,0.0
-0.1451849507921685,1,0.85,1.0,0.0
-0.1451849507921685,1,0.85,1.0,0.0
-0.1451849507921685,1,0.85,1.0,0.0
-0.1451849507921685,1,0.85,1.0,0.0
-0.1451849507921685,1,0.85,1.0,0.0
-0.1451849507921685,1,0.85,1.0,0.0
-0.1451849507921685,1,0.85,1.0,0.0
-0.1451849507921685,1,0.85,1.0,0.0
-0.1451849507921685,1,0.85,1.0,0.0
-0.1451849507921685,1,0.85,1.0,0.0
-0.1451849507921685,1,0.85,1.0,0.0
-0.1451849507921685,1,0.85,1.0,0.0
-0.1451849507921685,1,0.85,1.0,0.0
-0.1451849507921685,1,0.85,1.0,0.0
-0.1451849507921685,1,0.85,1.0,0.0
-0.1451849507921685,1,0.85,1.0,0.0
-0.1451849507921685,1,0.85,1.0,0.0
-0.1451849507921685,1,0.85,1.0,0.0
-0.1451849507921685,1,0.85,1.0,0.0
-0.1451849507921685,1,0.85,1.0,0.0
-0.1451849507921685,1,0.85,1.0,0.0
-0.1451849507921685,1,0.85,1.0,0.0
-0.1451849507921685,1,0.85,1.0,0.0
-0.1451849507921685,1,0.85,1.0,0.0
-0.1451849507921685,1,0.85,1.0,0.0
-0.1451849507921685,1,0.85,1.0,0.0
-0.1451849507921685,1,0.85,1.0,0.0
-0.1451849507921685,1,0.85,1.0,0.0
-0.1451849507921685,1,0.85,1.0,0.0
-0.1451849507921685,1,0.85,1.0,0.0
-0.1451849507921685,1,0.85,1.0,0.0
-0.1451849507921685,1,0.85,1.0,0.0
-0.1451849507921685,1,0.85,1.0,0.0
-0.1451849507921685,1,0.85,1.0,0.0
0.9180517566541619,1,0.85,1.0,0.0
0.9180517566541619,1,0.85,1.0,0.0
0.9180517566541619,1,0.85,1.0,0.0
0.9030765917605517,1,0.85,1.0,0.0
-0.1451849507921685,1,0.85,1.0,0.0
-0.1451849507921685,1,0.85,1.0,0.0
-0.1451849507921685,1,0.85,1.0,0.0
-0.1451849507921685,1,0.85,1.0,0.0
-0.1451849507921685,1,0.85,1.0,0.0
-0.1451849507921685,1,0.85,1.0,0.0
-0.1451849507921685,1,0.85,1.0,0.0
-0.1451849507921685,1,0.85,1.0,0.0
-0.1451849507921685,1,0.85,1.0,0.0
-0.1451849507921685,1,0.85,1.0,0.0
-0.1451849507921685,1,0.85,1.0,0.0
-0.1451849507921685,1,0.85,1.0,0.0
-0.1451849507921685,1,0.85,1.0,0.0
-0.1451849507921685,1,0.85,1.0,0.0
-0.1451849507921685,1,0.85,1.0,0.0
-0.1451849507921685,1,0.85,1.0,0.0
-0.1451849507921685,1,0.85,1.0,0.0
-0.1451849507921685,1,0.85,1.0,0.0
-0.1451849507921685,1,0.85,1.0,0.0
-0.1451849507921685,1,0.85,1.0,0.0
-0.1451849507921685,1,0.85,1.0,0.0
-0.1451849507921685,1,0.85,1.0,0.0
-0.1451849507921685,1,0.85,1.0,0.0
-0.1451849507921685,1,0.85,1.0,0.0
-0.1451849507921685,1,0.85,1.0,0.0
-0.1451849507921685,1,0.85,1.0,0.0
-0.1451849507921685,1,0.85,1.0,0.0
-0.1451849507921685,1,0.85,1.0,0.0
-0.1451849507921685,1,0.85,1.0,0.0
-0.1451849507921685,1,0.85,1.0,0.0
-0.1451849507921685,1,0.85,1.0,0.0
-0.1451849507921685,1,0.85,1.0,0.0
-0.1451849507921685,1,0.85,1.0,0.0
-0.1451849507921685,1,0.85,1.0,0.0
-0.1451849507921685,1,0.85,1.0,0.0
-0.1451849507921685,1,0.85,1.0,0.0
-0.1451849507921685,1,0.85,1.0,0.0
-0.1451849507921685,1,0.85,1.0,0.0
-0.1451849507921685,1,0.85,1.0,0.0
1.0603158231434595,1,0.85,1.0,0.0
1.0603158231434595,1,0.85,1.0,0.0
0.9330269215477724,1,0.85,1.0,0.0
0.9180517566541619,1,0.85,1.0,0.0
0.9105641742073568,1,0.85,1.0,0.0
0.8955890093137465,1,0.85,1.0,0.0
-0.1451849507921685,1,0.85,1.0,0.0
-0.1451849507921685,1,0.85,1.0,0.0
-0.1451849507921685,1,0.85,1.0,0.0
-0.1451849507921685,1,0.85,1.0,0.0
-0.1451849507921685,1,0.85,1.0,0.0
-0.1451849507921685,1,0.85,1.0,0.0
-0.1451849507921685,1,0.85,1.0,0.0
-0.1451849507921685,1,0.85,1.0,0.0
-0.1451849507921685,1,0.85,1.0,0.0
-0.1451849507921685,1,0.85,1.0,0.0
-0.1451849507921685,1,0.85,1.0,0.0
-0.1451849507921685,1,0.85,1.0,0.0
-0.1451849507921685,1,0.85,1.0,0.0
-0.1451849507921685,1,0.85,1.0,0.0
-0.1451849507921685,1,0.85,1.0,0.0
-0.1451849507921685,1,0.85,1.0,0.0
-0.1451849507921685,1,0.85,1.0,0.0
-0.1451849507921685,1,0.85,1.0,0.0
-0.1451849507921685,1,0.85,1.0,0.0
-0.1451849507921685,1,0.85,1.0,0.0
-0.1451849507921685,1,0.85,1.0,0.0
-0.1451849507921685,1,0.85,1.0,0.0
-0.1451849507921685,1,0.85,1.0,0.0
-0.1451849507921685,1,0.85,1.0,0.0
-0.1451849507921685,1,0.85,1.0,0.0
-0.1451849507921685,1,0.85,1.0,0.0
-0.1451849507921685,1,0.85,1.0,0.0
-0.1451849507921685,1,0.85,1.0,0.0
-0.1451849507921685,1,0.85,1.0,0.0
-0.1451849507921685,1,0.85,1.0,0.0
-0.1451849507921685,1,0.85,1.0,0.0
-0.1451849507921685,1,0.85,1.0,0.0
-0.1451849507921685,1,0.85,1.0,0.0
-0.1451849507921685,1,0.85,1.0,0.0
-0.1451849507921685,1,0.85,1.0,0.0
-0.1451849507921685,1,0.85,1.0,0.0
-0.1451849507921685,1,0.85,1.0,0.0
-0.1451849507921685,1,0.85,1.0,0.0
1.0153903284626287,1,0.85,1.0,0.0
0.9255393391009673,1,0.85,1.0,0.0
0.9105641742073568,1,0.85,1.0,0.0
0.9105641742073568,1,0.85,1.0,0.0
-0.1451849507921685,1,0.85,1.0,0.0
-0.1451849507921685,1,0.85,1.0,0.0
-0.1451849507921685,1,0.85,1.0,0.0
-0.1451849507921685,1,0.85,1.0,0.0
-0.1451849507921685,1,0.85,1.0,0.0
-0.1451849507921685,1,0.85,1.0,0.0
-0.1451849507921685,1,0.85,1.0,0.0
-0.1451849507921685,1,0.85,1.0,0.0
-0.1451849507921685,1,0.85,1.0,0.0
-0.1451849507921685,1,0.85,1.0,0.0
-0.1451849507921685,1,0.85,1.0,0.0
-0.1451849507921685,1,0.85,1.0,0.0
-0.1451849507921685,1,0.85,1.0,0.0
-0.1451849507921685,1,0.85,1.0,0.0
-0.1451849507921685,1,0.85,1.0,0.0
-0.1451849507921685,1,0.85,1.0,0.0
-0.1451849507921685,1,0.85,1.0,0.0
-0.1451849507921685,1,0.85,1.0,0.0
-0.1451849507921685,1,0.85,1.0,0.0
-0.1451849507921685,1,0.85,1.0,0.0
-0.1451849507921685,1,0.85,1.0,0.0
-0.1451849507921685,1,0.85,1.0,0.0
-0.1451849507921685,1,0.85,1.0,0.0
-0.1451849507921685,1,0.85,1.0,0.0
-0.1451849507921685,1,0.85,1.0,0.0
-0.1451849507921685,1,0.85,1.0,0.0
-0.1451849507921685,1,0.85,1.0,0.0
-0.1451849507921685,1,0.85,1.0,0.0
-0.1451849507921685,1,0.85,1.0,0.0
-0.1451849507921685,1,0.85,1.0,0.0
-0.1451849507921685,1,0.85,1.0,0.0
-0.1451849507921685,1,0.85,1.0,0.0
-0.1451849507921685,1,0.85,1.0,0.0
-0.1451849507921685,1,0.85,1.0,0.0
-0.1451849507921685,1,0.85,1.0,0.0
-0.1451849507921685,1,0.85,1.0,0.0
-0.1451849507921685,1,0.85,1.0,0.0
-0.1451849507921685,1,0.85,1.0,0.0
-0.1451849507921685,1,0.85,1.0,0.0
-0.1451849507921685,1,0.85,1.0,0.0
1.0004151635690184,1,0.85,1.0,0.0
0.9180517566541619,1,0.85,1.0,0.0
0.8881014268669414,1,0.85,1.0,0.0
0.8881014268669414,1,0.85,1.0,0.0
-0.1451849507921685,1,0.85,1.0,0.0
-0.1451849507921685,1,0.85,1.0,0.0
-0.1451849507921685,1,0.85,1.0,0.0
-0.1451849507921685,1,0.85,1.0,0.0
-0.1451849507921685,1,0.85,1.0,0.0
-0.1451849507921685,1,0.85,1.0,0.0
-0.1451849507921685,1,0.85,1.0,0.0
-0.1451849507921685,1,0.85,1.0,0.0
-0.1451849507921685,1,0.85,1.0,0.0
-0.1451849507921685,1,0.85,1.0,0.0
-0.1451849507921685,1,0.85,1.0,0.0
-0.1451849507921685,1,0.85,1.0,0.0
-0.1451849507921685,1,0.85,1.0,0.0
-0.1451849507921685,1,0.85,1.0,0.0
-0.1451849507921685,1,0.85,1.0,0.0
-0.1451849507921685,1,0.85,1.0,0.0
-0.1451849507921685,1,0.85,1.0,0.0
-0.1451849507921685,1,0.85,1.0,0.0
-0.1451849507921685,1,0.85,1.0,0.0
-0.1451849507921685,1,0.85,1.0,0.0
-0.1451849507921685,1,0.85,1.0,0.0
-0.1451849507921685,1,0.85,1.0,0.0
-0.1451849507921685,1,0.85,1.0,0.0
-0.1451849507921685,1,0.85,1.0,0.0
-0.1451849507921685,1,0.85,1.0,0.0
-0.1451849507921685,1,0.85,1.0,0.0
-0.1451849507921685,1,0.85,1.0,0.0
-0.1451849507921685,1,0.85,1.0,0.0
-0.1451849507921685,1,0.85,1.0,0.0
-0.1451849507921685,1,0.85,1.0,0.0
-0.1451849507921685,1,0.85,1.0,0.0
-0.1451849507921685,1,0.85,1.0,0.0
-0.1451849507921685,1,0.85,1.0,0.0
-0.1451849507921685,1,0.85,1.0,0.0
-0.1451849507921685,1,0.85,1.0,0.0
-0.1451849507921685,1,0.85,1.0,0.0
-0.1451849507921685,1,0.85,1.0,0.0
-0.1451849507921685,1,0.85,1.0,0.0
-0.1451849507921685,1,0.85,1.0,0.0
-0.1451849507921685,1,0.85,1.0,0.0
1.0153903284626287,1,0.85,1.0,0.0
0.9105641742073568,1,0.85,1.0,0.0
0.9105641742073568,1,0.85,1.0,0.0
0.8955890093137465,1,0.85,1.0,0.0
-0.1451849507921685,1,0.85,1.0,0.0
-0.1451849507921685,1,0.85,1.0,0.0
-0.1451849507921685,1,0.85,1.0,0.0
-0.1451849507921685,1,0.85,1.0,0.0
-0.1451849507921685,1,0.85,1.0,0.0
-0.1451849507921685,1,0.85,1.0,0.0
-0.1451849507921685,1,0.85,1.0,0.0
-0.1451849507921685,1,0.85,1.0,0.0
-0.1451849507921685,1,0.85,1.0,0.0
-0.1451849507921685,1,0.85,1.0,0.0
-0.1451849507921685,1,0.85,1.0,0.0
-0.1451849507921685,1,0.85,1.0,0.0
-0.1451849507921685,1,0.85,1.0,0.0
-0.1451849507921685,1,0.85,1.0,0.0
-0.1451849507921685,1,0.85,1.0,0.0
-0.1451849507921685,1,0.85,1.0,0.0
-0.1451849507921685,1,0.85,1.0,0.0
-0.1451849507921685,1,0.85,1.0,0.0
-0.1451849507921685,1,0.85,1.0,0.0
-0.1451849507921685,1,0.85,1.0,0.0
-0.1451849507921685,1,0.85,1.0,0.0
-0.1451849507921685,1,0.85,1.0,0.0
-0.1451849507921685,1,0.85,1.0,0.0
0.6410112061223716,1,0.85,1.0,0.0
0.6410112061223716,1,0.85,1.0,0.0
0.6335236236755666,1,0.85,1.0,0.0
0.6335236236755666,1,0.85,1.0,0.0
0.6335236236755666,1,0.85,1.0,0.0
0.6335236236755666,1,0.85,1.0,0.0
0.6335236236755666,1,0.85,1.0,0.0
0.6335236236755666,1,0.85,1.0,0.0
0.6335236236755666,1,0.85,1.0,0.0
0.6335236236755666,1,0.85,1.0,0.0
0.6335236236755666,1,0.85,1.0,0.0
0.6335236236755666,1,0.85,1.0,0.0
0.6335236236755666,1,0.85,1.0,0.0
0.6410112061223716,1,0.85,1.0,0.0
1.696760331121897,1,0.85,1.0,0.0
1.696760331121897,1,0.85,1.0,0.0
1.6892727486750916,1,0.85,1.0,0.0
1.6892727486750916,1,0.85,1.0,0.0
0.6335236236755666,1,0.85,1.0,0.0
0.6335236236755666,1,0.85,1.0,0.0
0.6335236236755666,1,0.85,1.0,0.0
0.6260360412287614,1,0.85,1.0,0.0
0.6260360412287614,1,0.85,1.0,0.0
0.6260360412287614,1,0.85,1.0,0.0
0.6260360412287614,1,0.85,1.0,0.0
0.6335236236755666,1,0.85,1.0,0.0
0.6335236236755666,1,0.85,1.0,0.0
0.6260360412287614,1,0.85,1.0,0.0
0.6335236236755666,1,0.85,1.0,0.0
0.6335236236755666,1,0.85,1.0,0.0
0.6335236236755666,1,0.85,1.0,0.0
0.6335236236755666,1,0.85,1.0,0.0
0.6335236236755666,1,0.85,1.0,0.0
0.6335236236755666,1,0.85,1.0,0.0
0.6335236236755666,1,0.85,1.0,0.0
0.6260360412287614,1,0.85,1.0,0.0
0.6260360412287614,1,0.85,1.0,0.0
0.6260360412287614,1,0.85,1.0,0.0
0.6410112061223716,1,0.85,1.0,0.0
0.6410112061223716,1,0.85,1.0,0.0
0.6410112061223716,1,0.85,1.0,0.0
0.6410112061223716,1,0.85,1.0,0.0
0.6410112061223716,1,0.85,1.0,0.0
0.6410112061223716,1,0.85,1.0,0.0
0.6410112061223716,1,0.85,1.0,0.0
0.6410112061223716,1,0.85,1.0,0.0
0.6410112061223716,1,0.85,1.0,0.0
0.6410112061223716,1,0.85,1.0,0.0
0.6410112061223716,1,0.85,1.0,0.0
0.6410112061223716,1,0.85,1.0,0.0
0.6410112061223716,1,0.85,1.0,0.0
0.6410112061223716,1,0.85,1.0,0.0
0.6410112061223716,1,0.85,1.0,0.0
0.6410112061223716,1,0.85,1.0,0.0
0.6335236236755666,1,0.85,1.0,0.0
0.6335236236755666,1,0.85,1.0,0.0
0.6410112061223716,1,0.85,1.0,0.0
0.6410112061223716,1,0.85,1.0,0.0
0.6410112061223716,1,0.85,1.0,0.0
0.6410112061223716,1,0.85,1.0,0.0
1.8315368151643894,1,0.85,1.0,0.0
1.7192230784623121,1,0.85,1.0,0.0
1.7042479135687019,1,0.85,1.0,0.0
1.7042479135687019,1,0.85,1.0,0.0
1.6892727486750916,1,0.85,1.0,0.0
0.6410112061223716,1,0.85,1.0,0.0
0.6410112061223716,1,0.85,1.0,0.0
0.6410112061223716,1,0.85,1.0,0.0
0.6410112061223716,1,0.85,1.0,0.0
0.6410112061223716,1,0.85,1.0,0.0
0.6410112061223716,1,0.85,1.0,0.0
0.6410112061223716,1,0.85,1.0,0.0
0.6410112061223716,1,0.85,1.0,0.0
0.6410112061223716,1,0.85,1.0,0.0
0.6410112061223716,1,0.85,1.0,0.0
0.6410112061223716,1,0.85,1.0,0.0
0.6410112061223716,1,0.85,1.0,0.0
0.6335236236755666,1,0.85,1.0,0.0
0.6410112061223716,1,0.85,1.0,0.0
0.6410112061223716,1,0.85,1.0,0.0
0.6410112061223716,1,0.85,1.0,0.0
0.6410112061223716,1,0.85,1.0,0.0
0.6410112061223716,1,0.85,1.0,0.0
0.6410112061223716,1,0.85,1.0,0.0
0.6410112061223716,1,0.85,1.0,0.0
0.6410112061223716,1,0.85,1.0,0.0
0.6410112061223716,1,0.85,1.0,0.0
0.6410112061223716,1,0.85,1.0,0.0
0.6410112061223716,1,0.85,1.0,0.0
0.6410112061223716,1,0.85,1.0,0.0
0.6335236236755666,1,0.85,1.0,0.0
0.6335236236755666,1,0.85,1.0,0.0
0.6410112061223716,1,0.85,1.0,0.0
0.6410112061223716,1,0.85,1.0,0.0
0.6335236236755666,1,0.85,1.0,0.0
0.6335236236755666,1,0.85,1.0,0.0
0.6410112061223716,1,0.85,1.0,0.0
0.6410112061223716,1,0.85,1.0,0.0
0.6410112061223716,1,0.85,1.0,0.0
0.6335236236755666,1,0.85,1.0,0.0
0.6335236236755666,1,0.85,1.0,0.0
0.6335236236755666,1,0.85,1.0,0.0
0.6335236236755666,1,0.85,1.0,0.0
1.8090740678239738,1,0.85,1.0,0.0
0.9330269215477724,1,0.85,1.0,0.0
-0.1451849507921685,1,0.85,1.0,0.0
0.6335236236755666,1,0.85,1.0,0.0
0.6335236236755666,1,0.85,1.0,0.0
0.6335236236755666,1,0.85,1.0,0.0
0.6335236236755666,1,0.85,1.0,0.0
0.6335236236755666,1,0.85,1.0,0.0
0.6410112061223716,1,0.85,1.0,0.0
0.6410112061223716,1,0.85,1.0,0.0
0.6410112061223716,1,0.85,1.0,0.0
0.6410112061223716,1,0.85,1.0,0.0
0.6410112061223716,1,0.85,1.0,0.0
0.6410112061223716,1,0.85,1.0,0.0
0.6410112061223716,1,0.85,1.0,0.0
0.6410112061223716,1,0.85,1.0,0.0
0.6410112061223716,1,0.85,1.0,0.0
0.6410112061223716,1,0.85,1.0,0.0
0.6410112061223716,1,0.85,1.0,0.0
0.6410112061223716,1,0.85,1.0,0.0
0.6410112061223716,1,0.85,1.0,0.0
0.6410112061223716,1,0.85,1.0,0.0
0.6410112061223716,1,0.85,1.0,0.0
0.6410112061223716,1,0.85,1.0,0.0
0.6410112061223716,1,0.85,1.0,0.0
0.6410112061223716,1,0.85,1.0,0.0
0.6410112061223716,1,0.85,1.0,0.0
0.6410112061223716,1,0.85,1.0,0.0
0.6410112061223716,1,0.85,1.0,0.0
0.6410112061223716,1,0.85,1.0,0.0
0.6410112061223716,1,0.85,1.0,0.0
0.6410112061223716,1,0.85,1.0,0.0
0.6410112061223716,1,0.85,1.0,0.0
0.6410112061223716,1,0.85,1.0,0.0
0.6410112061223716,1,0.85,1.0,0.0
0.6410112061223716,1,0.85,1.0,0.0
0.6410112061223716,1,0.85,1.0,0.0
0.6410112061223716,1,0.85,1.0,0.0
0.6410112061223716,1,0.85,1.0,0.0
0.6410112061223716,1,0.85,1.0,0.0
0.6410112061223716,1,0.85,1.0,0.0
0.6335236236755666,1,0.85,1.0,0.0
0.6410112061223716,1,0.85,1.0,0.0
1.8015864853771688,1,0.85,1.0,0.0
1.6892727486750916,1,0.85,1.0,0.0
1.6892727486750916,1,0.85,1.0,0.0
1.6817851662282866,1,0.85,1.0,0.0
0.6410112061223716,1,0.85,1.0,0.0
0.6410112061223716,1,0.85,1.0,0.0
0.6410112061223716,1,0.85,1.0,0.0
0.6410112061223716,1,0.85,1.0,0.0
0.6335236236755666,1,0.85,1.0,0.0
0.6335236236755666,1,0.85,1.0,0.0
0.6335236236755666,1,0.85,1.0,0.0
0.6335236236755666,1,0.85,1.0,0.0
0.6335236236755666,1,0.85,1.0,0.0
0.6335236236755666,1,0.85,1.0,0.0
0.6410112061223716,1,0.85,1.0,0.0
0.6410112061223716,1,0.85,1.0,0.0
0.6410112061223716,1,0.85,1.0,0.0
0.6335236236755666,1,0.85,1.0,0.0
0.6410112061223716,1,0.85,1.0,0.0
0.6410112061223716,1,0.85,1.0,0.0
0.6410112061223716,1,0.85,1.0,0.0
0.6410112061223716,1,0.85,1.0,0.0
0.6335236236755666,1,0.85,1.0,0.0
0.6335236236755666,1,0.85,1.0,0.0
0.6410112061223716,1,0.85,1.0,0.0
0.6410112061223716,1,0.85,1.0,0.0
0.6410112061223716,1,0.85,1.0,0.0
0.6410112061223716,1,0.85,1.0,0.0
0.6335236236755666,1,0.85,1.0,0.0
0.6335236236755666,1,0.85,1.0,0.0
0.6410112061223716,1,0.85,1.0,0.0
0.6410112061223716,1,0.85,1.0,0.0
0.6410112061223716,1,0.85,1.0,0.0
0.6335236236755666,1,0.85,1.0,0.0
0.6410112061223716,1,0.85,1.0,0.0
0.6410112061223716,1,0.85,1.0,0.0
0.6410112061223716,1,0.85,1.0,0.0
0.6410112061223716,1,0.85,1.0,0.0
0.6410112061223716,1,0.85,1.0,0.0
0.6410112061223716,1,0.85,1.0,0.0
0.6410112061223716,1,0.85,1.0,0.0
1.3747942859092757,1,0.85,1.0,0.0
1.7117354960155071,1,0.85,1.0,0.0
1.7117354960155071,1,0.85,1.0,0.0
1.696760331121897,1,0.85,1.0,0.0
1.6817851662282866,1,0.85,1.0,0.0
0.6410112061223716,1,0.85,1.0,0.0
0.6410112061223716,1,0.85,1.0,0.0
0.6410112061223716,1,0.85,1.0,0.0
0.6410112061223716,1,0.85,1.0,0.0
0.6484987885691768,1,0.85,1.0,0.0
0.6410112061223716,1,0.85,1.0,0.0
0.6410112061223716,1,0.85,1.0,0.0
0.6484987885691768,1,0.85,1.0,0.0
0.6410112061223716,1,0.85,1.0,0.0
0.6410112061223716,1,0.85,1.0,0.0
0.6410112061223716,1,0.85,1.0,0.0
0.6410112061223716,1,0.85,1.0,0.0
0.6410112061223716,1,0.85,1.0,0.0
0.6410112061223716,1,0.85,1.0,0.0
0.6410112061223716,1,0.85,1.0,0.0
0.6410112061223716,1,0.85,1.0,0.0
0.6410112061223716,1,0.85,1.0,0.0
0.6335236236755666,1,0.85,1.0,0.0
0.6410112061223716,1,0.85,1.0,0.0
0.6410112061223716,1,0.85,1.0,0.0
0.6410112061223716,1,0.85,1.0,0.0
0.6410112061223716,1,0.85,1.0,0.0
0.6410112061223716,1,0.85,1.0,0.0
0.6410112061223716,1,0.85,1.0,0.0
0.6410112061223716,1,0.85,1.0,0.0
0.6410112061223716,1,0.85,1.0,0.0
0.6410112061223716,1,0.85,1.0,0.0
0.6410112061223716,1,0.85,1.0,0.0
0.6410112061223716,1,0.85,1.0,0.0
0.6410112061223716,1,0.85,1.0,0.0
0.6410112061223716,1,0.85,1.0,0.0
0.6410112061223716,1,0.85,1.0,0.0
0.6410112061223716,1,0.85,1.0,0.0
0.6410112061223716,1,0.85,1.0,0.0
0.6410112061223716,1,0.85,1.0,0.0
0.6410112061223716,1,0.85,1.0,0.0
0.6410112061223716,1,0.85,1.0,0.0
0.6410112061223716,1,0.85,1.0,0.0
0.6410112061223716,1,0.85,1.0,0.0
1.7791237380367533,1,0.85,1.0,0.0
1.7791237380367533,1,0.85,1.0,0.0
1.7117354960155071,1,0.85,1.0,0.0
1.7117354960155071,1,0.85,1.0,0.0
1.696760331121897,1,0.85,1.0,0.0
0.9629772513349929,1,0.85,1.0,0.0
0.6410112061223716,1,0.85,1.0,0.0
0.6410112061223716,1,0.85,1.0,0.0
0.6410112061223716,1,0.85,1.0,0.0
0.6410112061223716,1,0.85,1.0,0.0
0.6410112061223716,1,0.85,1.0,0.0
0.6410112061223716,1,0.85,1.0,0.0
0.6410112061223716,1,0.85,1.0,0.0
0.6410112061223716,1,0.85,1.0,0.0
0.6410112061223716,1,0.85,1.0,0.0
0.6410112061223716,1,0.85,1.0,0.0
0.6410112061223716,1,0.85,1.0,0.0
0.6410112061223716,1,0.85,1.0,0.0
0.6410112061223716,1,0.85,1.0,0.0
0.6410112061223716,1,0.85,1.0,0.0
0.6410112061223716,1,0.85,1.0,0.0
0.6410112061223716,1,0.85,1.0,0.0
0.6410112061223716,1,0.85,1.0,0.0
0.6484987885691768,1,0.85,1.0,0.0
0.6410112061223716,1,0.85,1.0,0.0
0.6410112061223716,1,0.85,1.0,0.0
0.6410112061223716,1,0.85,1.0,0.0
0.6410112061223716,1,0.85,1.0,0.0
0.6410112061223716,1,0.85,1.0,0.0
0.6410112061223716,1,0.85,1.0,0.0
0.6410112061223716,1,0.85,1.0,0.0
0.6410112061223716,1,0.85,1.0,0.0
0.6335236236755666,1,0.85,1.0,0.0
0.6335236236755666,1,0.85,1.0,0.0
0.6410112061223716,1,0.85,1.0,0.0
0.6410112061223716,1,0.85,1.0,0.0
0.6410112061223716,1,0.85,1.0,0.0
0.6410112061223716,1,0.85,1.0,0.0
0.6410112061223716,1,0.85,1.0,0.0
0.6410112061223716,1,0.85,1.0,0.0
0.6410112061223716,1,0.85,1.0,0.0
0.6484987885691768,1,0.85,1.0,0.0
0.6484987885691768,1,0.85,1.0,0.0
1.8240492327175843,1,0.85,1.0,0.0
1.7716361555899482,1,0.85,1.0,0.0
1.7117354960155071,1,0.85,1.0,0.0
1.696760331121897,1,0.85,1.0,0.0
1.696760331121897,1,0.85,1.0,0.0
0.6410112061223716,1,0.85,1.0,0.0
0.6410112061223716,1,0.85,1.0,0.0
0.6410112061223716,1,0.85,1.0,0.0
0.6484987885691768,1,0.85,1.0,0.0
0.6410112061223716,1,0.85,1.0,0.0
0.6410112061223716,1,0.85,1.0,0.0
0.6410112061223716,1,0.85,1.0,0.0
0.6410112061223716,1,0.85,1.0,0.0
0.6410112061223716,1,0.85,1.0,0.0
0.6410112061223716,1,0.85,1.0,0.0
0.6410112061223716,1,0.85,1.0,0.0
0.6410112061223716,1,0.85,1.0,0.0
0.6410112061223716,1,0.85,1.0,0.0
0.6410112061223716,1,0.85,1.0,0.0
0.6410112061223716,1,0.85,1.0,0.0
0.6410112061223716,1,0.85,1.0,0.0
0.6410112061223716,1,0.85,1.0,0.0
0.6410112061223716,1,0.85,1.0,0.0
0.6410112061223716,1,0.85,1.0,0.0
0.6410112061223716,1,0.85,1.0,0.0
0.6410112061223716,1,0.85,1.0,0.0
0.6410112061223716,1,0.85,1.0,0.0
0.6410112061223716,1,0.85,1.0,0.0
0.6410112061223716,1,0.85,1.0,0.0
0.6410112061223716,1,0.85,1.0,0.0
0.6410112061223716,1,0.85,1.0,0.0
0.6410112061223716,1,0.85,1.0,0.0
0.6410112061223716,1,0.85,1.0,0.0
0.6410112061223716,1,0.85,1.0,0.0
0.6410112061223716,1,0.85,1.0,0.0
0.6410112061223716,1,0.85,1.0,0.0
0.6410112061223716,1,0.85,1.0,0.0
0.6410112061223716,1,0.85,1.0,0.0
0.6410112061223716,1,0.85,1.0,0.0
0.6410112061223716,1,0.85,1.0,0.0
0.6410112061223716,1,0.85,1.0,0.0
0.6410112061223716,1,0.85,1.0,0.0
0.6410112061223716,1,0.85,1.0,0.0
0.6410112061223716,1,0.85,1.0,0.0
1.7416858258027277,1,0.85,1.0,0.0
1.7716361555899482,1,0.85,1.0,0.0
0.6484987885691768,1,0.85,1.0,0.0
0.6484987885691768,1,0.85,1.0,0.0
0.6484987885691768,1,0.85,1.0,0.0
0.6484987885691768,1,0.85,1.0,0.0
0.6484987885691768,1,0.85,1.0,0.0
0.6410112061223716,1,0.85,1.0,0.0
0.6484987885691768,1,0.85,1.0,0.0
0.6410112061223716,1,0.85,1.0,0.0
0.6410112061223716,1,0.85,1.0,0.0
0.6410112061223716,1,0.85,1.0,0.0
0.6410112061223716,1,0.85,1.0,0.0
0.6410112061223716,1,0.85,1.0,0.0
0.6410112061223716,1,0.85,1.0,0.0
0.6410112061223716,1,0.85,1.0,0.0
0.6410112061223716,1,0.85,1.0,0.0
0.6410112061223716,1,0.85,1.0,0.0
0.6484987885691768,1,0.85,1.0,0.0
0.6484987885691768,1,0.85,1.0,0.0
0.6484987885691768,1,0.85,1.0,0.0
0.6410112061223716,1,0.85,1.0,0.0
0.6410112061223716,1,0.85,1.0,0.0
0.6410112061223716,1,0.85,1.0,0.0
0.6410112061223716,1,0.85,1.0,0.0
0.6410112061223716,1,0.85,1.0,0.0
0.6410112061223716,1,0.85,1.0,0.0
0.6410112061223716,1,0.85,1.0,0.0
0.6484987885691768,1,0.85,1.0,0.0
0.6410112061223716,1,0.85,1.0,0.0
0.6410112061223716,1,0.85,1.0,0.0
0.6410112061223716,1,0.85,1.0,0.0
0.6410112061223716,1,0.85,1.0,0.0
0.6410112061223716,1,0.85,1.0,0.0
0.6410112061223716,1,0.85,1.0,0.0
0.6484987885691768,1,0.85,1.0,0.0
0.6410112061223716,1,0.85,1.0,0.0
0.6410112061223716,1,0.85,1.0,0.0
0.6410112061223716,1,0.85,1.0,0.0
0.6410112061223716,1,0.85,1.0,0.0
0.6410112061223716,1,0.85,1.0,0.0
0.6410112061223716,1,0.85,1.0,0.0
0.6410112061223716,1,0.85,1.0,0.0
0.6410112061223716,1,0.85,1.0,0.0
0.6410112061223716,1,0.85,1.0,0.0
0.6410112061223716,1,0.85,1.0,0.0
0.6410112061223716,1,0.85,1.0,0.0
1.7117354960155071,1,0.85,1.0,0.0
1.7117354960155071,1,0.85,1.0,0.0
1.7042479135687019,1,0.85,1.0,0.0
1.6892727486750916,1,0.85,1.0,0.0
0.6410112061223716,1,0.85,1.0,0.0
0.6410112061223716,1,0.85,1.0,0.0
0.6410112061223716,1,0.85,1.0,0.0
0.6410112061223716,1,0.85,1.0,0.0
0.6410112061223716,1,0.85,1.0,0.0
0.6410112061223716,1,0.85,1.0,0.0
0.6410112061223716,1,0.85,1.0,0.0
0.6410112061223716,1,0.85,1.0,0.0
0.6410112061223716,1,0.85,1.0,0.0
0.6410112061223716,1,0.85,1.0,0.0
0.6410112061223716,1,0.85,1.0,0.0
0.6410112061223716,1,0.85,1.0,0.0
0.6410112061223716,1,0.85,1.0,0.0
0.6410112061223716,1,0.85,1.0,0.0
0.6410112061223716,1,0.85,1.0,0.0
0.6410112061223716,1,0.85,1.0,0.0
0.6335236236755666,1,0.85,1.0,0.0
0.6335236236755666,1,0.85,1.0,0.0
0.6410112061223716,1,0.85,1.0,0.0
0.6410112061223716,1,0.85,1.0,0.0
0.6410112061223716,1,0.85,1.0,0.0
0.6410112061223716,1,0.85,1.0,0.0
0.6335236236755666,1,0.85,1.0,0.0
0.6335236236755666,1,0.85,1.0,0.0
0.6335236236755666,1,0.85,1.0,0.0
0.6410112061223716,1,0.85,1.0,0.0
0.6335236236755666,1,0.85,1.0,0.0
0.6335236236755666,1,0.85,1.0,0.0
0.6335236236755666,1,0.85,1.0,0.0
0.6335236236755666,1,0.85,1.0,0.0
0.6410112061223716,1,0.85,1.0,0.0
0.6410112061223716,1,0.85,1.0,0.0
0.6335236236755666,1,0.85,1.0,0.0
0.6335236236755666,1,0.85,1.0,0.0
0.6410112061223716,1,0.85,1.0,0.0
0.6335236236755666,1,0.85,1.0,0.0
0.6335236236755666,1,0.85,1.0,0.0
1.853999562504805,1,0.85,1.0,0.0
1.853999562504805,1,0.85,1.0,0.0
1.7267106609091174,1,0.85,1.0,0.0
1.7042479135687019,1,0.85,1.0,0.0
1.7042479135687019,1,0.85,1.0,0.0
1.6892727486750916,1,0.85,1.0,0.0
0.6410112061223716,1,0.85,1.0,0.0
0.6410112061223716,1,0.85,1.0,0.0
0.6410112061223716,1,0.85,1.0,0.0
0.6410112061223716,1,0.85,1.0,0.0
0.6410112061223716,1,0.85,1.0,0.0
0.6410112061223716,1,0.85,1.0,0.0
0.6410112061223716,1,0.85,1.0,0.0
0.6410112061223716,1,0.85,1.0,0.0
0.6410112061223716,1,0.85,1.0,0.0
0.6410112061223716,1,0.85,1.0,0.0
0.6410112061223716,1,0.85,1.0,0.0
0.6410112061223716,1,0.85,1.0,0.0
0.6410112061223716,1,0.85,1.0,0.0
0.6410112061223716,1,0.85,1.0,0.0
0.6410112061223716,1,0.85,1.0,0.0
0.6410112061223716,1,0.85,1.0,0.0
0.6410112061223716,1,0.85,1.0,0.0
0.6410112061223716,1,0.85,1.0,0.0
0.6410112061223716,1,0.85,1.0,0.0
0.6410112061223716,1,0.85,1.0,0.0
0.6410112061223716,1,0.85,1.0,0.0
0.6410112061223716,1,0.85,1.0,0.0
0.6410112061223716,1,0.85,1.0,0.0
0.6410112061223716,1,0.85,1.0,0.0
0.6410112061223716,1,0.85,1.0,0.0
0.6410112061223716,1,0.85,1.0,0.0
0.6410112061223716,1,0.85,1.0,0.0
0.6410112061223716,1,0.85,1.0,0.0
0.6410112061223716,1,0.85,1.0,0.0
0.6410112061223716,1,0.85,1.0,0.0
0.6335236236755666,1,0.85,1.0,0.0
0.6335236236755666,1,0.85,1.0,0.0
0.6410112061223716,1,0.85,1.0,0.0
0.6410112061223716,1,0.85,1.0,0.0
0.6410112061223716,1,0.85,1.0,0.0
0.6410112061223716,1,0.85,1.0,0.0
0.6410112061223716,1,0.85,1.0,0.0
0.6410112061223716,1,0.85,1.0,0.0
0.6410112061223716,1,0.85,1.0,0.0
0.6410112061223716,1,0.85,1.0,0.0
1.8465119800579997,1,0.85,1.0,0.0
1.7192230784623121,1,0.85,1.0,0.0
1.7117354960155071,1,0.85,1.0,0.0
1.7042479135687019,1,0.85,1.0,0.0
1.6892727486750916,1,0.85,1.0,0.0
0.6410112061223716,1,0.85,1.0,0.0
0.6410112061223716,1,0.85,1.0,0.0
0.6410112061223716,1,0.85,1.0,0.0
0.6484987885691768,1,0.85,1.0,0.0
0.6410112061223716,1,0.85,1.0,0.0
0.6410112061223716,1,0.85,1.0,0.0
0.6484987885691768,1,0.85,1.0,0.0
0.6484987885691768,1,0.85,1.0,0.0
0.6410112061223716,1,0.85,1.0,0.0
0.6410112061223716,1,0.85,1.0,0.0
0.6410112061223716,1,0.85,1.0,0.0
0.6410112061223716,1,0.85,1.0,0.0
0.6410112061223716,1,0.85,1.0,0.0
0.6410112061223716,1,0.85,1.0,0.0
0.6410112061223716,1,0.85,1.0,0.0
0.6410112061223716,1,0.85,1.0,0.0
0.6410112061223716,1,0.85,1.0,0.0
0.6484987885691768,1,0.85,1.0,0.0
0.6410112061223716,1,0.85,1.0,0.0
0.6410112061223716,1,0.85,1.0,0.0
0.6410112061223716,1,0.85,1.0,0.0
0.6410112061223716,1,0.85,1.0,0.0
0.6410112061223716,1,0.85,1.0,0.0
0.6410112061223716,1,0.85,1.0,0.0
0.6410112061223716,1,0.85,1.0,0.0
0.6410112061223716,1,0.85,1.0,0.0
0.6410112061223716,1,0.85,1.0,0.0
0.6410112061223716,1,0.85,1.0,0.0
0.6410112061223716,1,0.85,1.0,0.0
0.6410112061223716,1,0.85,1.0,0.0
0.6410112061223716,1,0.85,1.0,0.0
0.6484987885691768,1,0.85,1.0,0.0
0.6484987885691768,1,0.85,1.0,0.0
0.6484987885691768,1,0.85,1.0,0.0
0.6484987885691768,1,0.85,1.0,0.0
0.6484987885691768,1,0.85,1.0,0.0
0.6484987885691768,1,0.85,1.0,0.0
0.6484987885691768,1,0.85,1.0,0.0
1.86148714495161,1,0.85,1.0,0.0
1.7341982433559224,1,0.85,1.0,0.0
1.7042479135687019,1,0.85,1.0,0.0
1.7042479135687019,1,0.85,1.0,0.0
0.6410112061223716,1,0.85,1.0,0.0
0.6410112061223716,1,0.85,1.0,0.0
0.6410112061223716,1,0.85,1.0,0.0
0.6410112061223716,1,0.85,1.0,0.0
0.6410112061223716,1,0.85,1.0,0.0
0.6410112061223716,1,0.85,1.0,0.0
0.6410112061223716,1,0.85,1.0,0.0
0.6410112061223716,1,0.85,1.0,0.0
0.6410112061223716,1,0.85,1.0,0.0
0.6484987885691768,1,0.85,1.0,0.0
0.6410112061223716,1,0.85,1.0,0.0
0.6484987885691768,1,0.85,1.0,0.0
0.6484987885691768,1,0.85,1.0,0.0
0.6410112061223716,1,0.85,1.0,0.0
0.6410112061223716,1,0.85,1.0,0.0
0.6484987885691768,1,0.85,1.0,0.0
0.6484987885691768,1,0.85,1.0,0.0
0.6484987885691768,1,0.85,1.0,0.0
0.6410112061223716,1,0.85,1.0,0.0
0.6484987885691768,1,0.85,1.0,0.0
0.6484987885691768,1,0.85,1.0,0.0
0.6484987885691768,1,0.85,1.0,0.0
0.6410112061223716,1,0.85,1.0,0.0
0.6484987885691768,1,0.85,1.0,0.0
0.6484987885691768,1,0.85,1.0,0.0
0.6410112061223716,1,0.85,1.0,0.0
0.6410112061223716,1,0.85,1.0,0.0
0.6410112061223716,1,0.85,1.0,0.0
0.6410112061223716,1,0.85,1.0,0.0
0.6410112061223716,1,0.85,1.0,0.0
0.6410112061223716,1,0.85,1.0,0.0
0.6484987885691768,1,0.85,1.0,0.0
0.6410112061223716,1,0.85,1.0,0.0
0.6410112061223716,1,0.85,1.0,0.0
0.6484987885691768,1,0.85,1.0,0.0
0.6484987885691768,1,0.85,1.0,0.0
0.6484987885691768,1,0.85,1.0,0.0
0.6410112061223716,1,0.85,1.0,0.0
0.6484987885691768,1,0.85,1.0,0.0
0.6484987885691768,1,0.85,1.0,0.0
0.6484987885691768,1,0.85,1.0,0.0
1.86148714495161,1,0.85,1.0,0.0
1.7192230784623121,1,0.85,1.0,0.0
1.7192230784623121,1,0.85,1.0,0.0
1.696760331121897,1,0.85,1.0,0.0
0.6484987885691768,1,0.85,1.0,0.0
0.6484987885691768,1,0.85,1.0,0.0
0.6484987885691768,1,0.85,1.0,0.0
0.6410112061223716,1,0.85,1.0,0.0
0.6410112061223716,1,0.85,1.0,0.0
0.6410112061223716,1,0.85,1.0,0.0
0.6410112061223716,1,0.85,1.0,0.0
0.6410112061223716,1,0.85,1.0,0.0
0.6410112061223716,1,0.85,1.0,0.0
0.6410112061223716,1,0.85,1.0,0.0
0.6410112061223716,1,0.85,1.0,0.0
0.6484987885691768,1,0.85,1.0,0.0
0.6484987885691768,1,0.85,1.0,0.0
0.6484987885691768,1,0.85,1.0,0.0
0.6484987885691768,1,0.85,1.0,0.0
0.6410112061223716,1,0.85,1.0,0.0
0.6484987885691768,1,0.85,1.0,0.0
0.6484987885691768,1,0.85,1.0,0.0
0.6484987885691768,1,0.85,1.0,0.0
0.6484987885691768,1,0.85,1.0,0.0
0.6484987885691768,1,0.85,1.0,0.0
0.6484987885691768,1,0.85,1.0,0.0
0.6484987885691768,1,0.85,1.0,0.0
0.6484987885691768,1,0.85,1.0,0.0
0.6484987885691768,1,0.85,1.0,0.0
0.6484987885691768,1,0.85,1.0,0.0
0.6484987885691768,1,0.85,1.0,0.0
0.6484987885691768,1,0.85,1.0,0.0
0.6484987885691768,1,0.85,1.0,0.0
0.6484987885691768,1,0.85,1.0,0.0
0.6484987885691768,1,0.85,1.0,0.0
0.6484987885691768,1,0.85,1.0,0.0
0.6484987885691768,1,0.85,1.0,0.0
0.6410112061223716,1,0.85,1.0,0.0
0.6484987885691768,1,0.85,1.0,0.0
0.6484987885691768,1,0.85,1.0,0.0
0.6484987885691768,1,0.85,1.0,0.0
0.6484987885691768,1,0.85,1.0,0.0
1.7940989029303636,1,0.85,1.0,0.0
1.7940989029303636,1,0.85,1.0,0.0
1.7267106609091174,1,0.85,1.0,0.0
1.7192230784623121,1,0.85,1.0,0.0
1.7117354960155071,1,0.85,1.0,0.0
1.696760331121897,1,0.85,1.0,0.0
0.6484987885691768,1,0.85,1.0,0.0
0.6484987885691768,1,0.85,1.0,0.0
0.6484987885691768,1,0.85,1.0,0.0
0.6484987885691768,1,0.85,1.0,0.0
0.6484987885691768,1,0.85,1.0,0.0
0.6484987885691768,1,0.85,1.0,0.0
0.6484987885691768,1,0.85,1.0,0.0
0.6484987885691768,1,0.85,1.0,0.0
0.6484987885691768,1,0.85,1.0,0.0
0.6484987885691768,1,0.85,1.0,0.0
0.6484987885691768,1,0.85,1.0,0.0
0.6484987885691768,1,0.85,1.0,0.0
0.6484987885691768,1,0.85,1.0,0.0
0.6484987885691768,1,0.85,1.0,0.0
0.6484987885691768,1,0.85,1.0,0.0
0.6484987885691768,1,0.85,1.0,0.0
0.6484987885691768,1,0.85,1.0,0.0
0.6484987885691768,1,0.85,1.0,0.0
0.6484987885691768,1,0.85,1.0,0.0
0.6484987885691768,1,0.85,1.0,0.0
0.6484987885691768,1,0.85,1.0,0.0
0.6484987885691768,1,0.85,1.0,0.0
0.6484987885691768,1,0.85,1.0,0.0
0.6484987885691768,1,0.85,1.0,0.0
0.6484987885691768,1,0.85,1.0,0.0
0.6484987885691768,1,0.85,1.0,0.0
0.6484987885691768,1,0.85,1.0,0.0
0.6484987885691768,1,0.85,1.0,0.0
0.6484987885691768,1,0.85,1.0,0.0
0.6484987885691768,1,0.85,1.0,0.0
0.6484987885691768,1,0.85,1.0,0.0
0.6484987885691768,1,0.85,1.0,0.0
0.6484987885691768,1,0.85,1.0,0.0
0.6484987885691768,1,0.85,1.0,0.0
0.6484987885691768,1,0.85,1.0,0.0
0.6484987885691768,1,0.85,1.0,0.0
0.6484987885691768,1,0.85,1.0,0.0
0.6484987885691768,1,0.85,1.0,0.0
0.6484987885691768,1,0.85,1.0,0.0
1.86148714495161,1,0.85,1.0,0.0
1.7341982433559224,1,0.85,1.0,0.0
1.7192230784623121,1,0.85,1.0,0.0
1.7117354960155071,1,0.85,1.0,0.0
0.6484987885691768,1,0.85,1.0,0.0
0.6484987885691768,1,0.85,1.0,0.0
0.6484987885691768,1,0.85,1.0,0.0
0.6484987885691768,1,0.85,1.0,0.0
0.6484987885691768,1,0.85,1.0,0.0
0.6484987885691768,1,0.85,1.0,0.0
0.6484987885691768,1,0.85,1.0,0.0
0.6484987885691768,1,0.85,1.0,0.0
0.6559863710159819,1,0.85,1.0,0.0
0.6559863710159819,1,0.85,1.0,0.0
0.6559863710159819,1,0.85,1.0,0.0
0.6559863710159819,1,0.85,1.0,0.0
0.6559863710159819,1,0.85,1.0,0.0
0.6484987885691768,1,0.85,1.0,0.0
0.6484987885691768,1,0.85,1.0,0.0
0.6484987885691768,1,0.85,1.0,0.0
0.6484987885691768,1,0.85,1.0,0.0
0.6559863710159819,1,0.85,1.0,0.0
0.6559863710159819,1,0.85,1.0,0.0
0.6484987885691768,1,0.85,1.0,0.0
0.6484987885691768,1,0.85,1.0,0.0
0.6559863710159819,1,0.85,1.0,0.0
0.6559863710159819,1,0.85,1.0,0.0
0.6559863710159819,1,0.85,1.0,0.0
0.6559863710159819,1,0.85,1.0,0.0
0.6484987885691768,1,0.85,1.0,0.0
0.6484987885691768,1,0.85,1.0,0.0
0.6484987885691768,1,0.85,1.0,0.0
0.6484987885691768,1,0.85,1.0,0.0
0.6559863710159819,1,0.85,1.0,0.0
0.6559863710159819,1,0.85,1.0,0.0
0.6484987885691768,1,0.85,1.0,0.0
0.6484987885691768,1,0.85,1.0,0.0
0.6559863710159819,1,0.85,1.0,0.0
0.6484987885691768,1,0.85,1.0,0.0
0.6559863710159819,1,0.85,1.0,0.0
0.6559863710159819,1,0.85,1.0,0.0
0.6559863710159819,1,0.85,1.0,0.0
0.6559863710159819,1,0.85,1.0,0.0
0.6559863710159819,1,0.85,1.0,0.0
-0.1451849507921685,1,0.85,1.0,0.0
1.030365493356239,1,0.85,1.0,0.0
0.9105641742073568,1,0.85,1.0,0.0
0.9105641742073568,1,0.85,1.0,0.0
-0.1451849507921685,1,0.85,1.0,0.0
-0.1451849507921685,1,0.85,1.0,0.0
-0.1451849507921685,1,0.85,1.0,0.0
-0.1451849507921685,1,0.85,1.0,0.0
-0.1451849507921685,1,0.85,1.0,0.0
-0.1451849507921685,1,0.85,1.0,0.0
-0.1451849507921685,1,0.85,1.0,0.0
-0.1451849507921685,1,0.85,1.0,0.0
-0.1451849507921685,1,0.85,1.0,0.0
-0.1451849507921685,1,0.85,1.0,0.0
-0.1451849507921685,1,0.85,1.0,0.0
-0.1451849507921685,1,0.85,1.0,0.0
-0.1451849507921685,1,0.85,1.0,0.0
-0.1451849507921685,1,0.85,1.0,0.0
-0.1451849507921685,1,0.85,1.0,0.0
-0.1451849507921685,1,0.85,1.0,0.0
-0.1451849507921685,1,0.85,1.0,0.0
-0.1451849507921685,1,0.85,1.0,0.0
-0.1451849507921685,1,0.85,1.0,0.0
-0.1451849507921685,1,0.85,1.0,0.0
-0.1451849507921685,1,0.85,1.0,0.0
-0.1451849507921685,1,0.85,1.0,0.0
-0.1451849507921685,1,0.85,1.0,0.0
-0.1451849507921685,1,0.85,1.0,0.0
-0.1451849507921685,1,0.85,1.0,0.0
-0.1451849507921685,1,0.85,1.0,0.0
-0.1451849507921685,1,0.85,1.0,0.0
-0.1451849507921685,1,0.85,1.0,0.0
-0.1451849507921685,1,0.85,1.0,0.0
-0.1451849507921685,1,0.85,1.0,0.0
-0.1451849507921685,1,0.85,1.0,0.0
-0.1451849507921685,1,0.85,1.0,0.0
-0.1451849507921685,1,0.85,1.0,0.0
-0.1451849507921685,1,0.85,1.0,0.0
-0.1451849507921685,1,0.85,1.0,0.0
-0.1451849507921685,1,0.85,1.0,0.0
-0.1451849507921685,1,0.85,1.0,0.0
-0.1451849507921685,1,0.85,1.0,0.0
-0.1451849507921685,1,0.85,1.0,0.0
-0.1451849507921685,1,0.85,1.0,0.0
1.022877910909434,1,0.85,1.0,0.0
1.022877910909434,1,0.85,1.0,0.0
0.9255393391009673,1,0.85,1.0,0.0
0.9180517566541619,1,0.85,1.0,0.0
0.9180517566541619,1,0.85,1.0,0.0
0.9030765917605517,1,0.85,1.0,0.0
-0.1451849507921685,1,0.85,1.0,0.0
-0.1451849507921685,1,0.85,1.0,0.0
-0.1451849507921685,1,0.85,1.0,0.0
-0.1451849507921685,1,0.85,1.0,0.0
-0.1451849507921685,1,0.85,1.0,0.0
-0.1451849507921685,1,0.85,1.0,0.0
-0.1451849507921685,1,0.85,1.0,0.0
-0.1451849507921685,1,0.85,1.0,0.0
-0.1451849507921685,1,0.85,1.0,0.0
-0.1451849507921685,1,0.85,1.0,0.0
-0.1451849507921685,1,0.85,1.0,0.0
-0.1451849507921685,1,0.85,1.0,0.0
-0.1451849507921685,1,0.85,1.0,0.0
-0.1451849507921685,1,0.85,1.0,0.0
-0.1451849507921685,1,0.85,1.0,0.0
-0.1451849507921685,1,0.85,1.0,0.0
-0.1451849507921685,1,0.85,1.0,0.0
-0.1451849507921685,1,0.85,1.0,0.0
-0.1451849507921685,1,0.85,1.0,0.0
-0.1451849507921685,1,0.85,1.0,0.0
-0.1451849507921685,1,0.85,1.0,0.0
-0.1451849507921685,1,0.85,1.0,0.0
-0.1451849507921685,1,0.85,1.0,0.0
-0.1451849507921685,1,0.85,1.0,0.0
-0.1451849507921685,1,0.85,1.0,0.0
-0.1451849507921685,1,0.85,1.0,0.0
-0.1451849507921685,1,0.85,1.0,0.0
-0.1451849507921685,1,0.85,1.0,0.0
-0.1451849507921685,1,0.85,1.0,0.0
-0.1451849507921685,1,0.85,1.0,0.0
-0.1451849507921685,1,0.85,1.0,0.0
-0.1451849507921685,1,0.85,1.0,0.0
-0.1451849507921685,1,0.85,1.0,0.0
-0.1451849507921685,1,0.85,1.0,0.0
-0.1451849507921685,1,0.85,1.0,0.0
-0.1451849507921685,1,0.85,1.0,0.0
-0.1451849507921685,1,0.85,1.0,0.0
-0.1451849507921685,1,0.85,1.0,0.0
-0.1451849507921685,1,0.85,1.0,0.0
-0.1451849507921685,1,0.85,1.0,0.0
1.0153903284626287,1,0.85,1.0,0.0
0.977952416228603,1,0.85,1.0,0.0
0.9180517566541619,1,0.85,1.0,0.0
-0.1451849507921685,1,0.85,1.0,0.0
-0.1451849507921685,1,0.85,1.0,0.0
-0.1451849507921685,1,0.85,1.0,0.0
-0.1451849507921685,1,0.85,1.0,0.0
-0.1451849507921685,1,0.85,1.0,0.0
-0.1451849507921685,1,0.85,1.0,0.0
-0.1451849507921685,1,0.85,1.0,0.0
-0.1451849507921685,1,0.85,1.0,0.0
-0.1451849507921685,1,0.85,1.0,0.0
-0.1451849507921685,1,0.85,1.0,0.0
-0.1451849507921685,1,0.85,1.0,0.0
-0.1451849507921685,1,0.85,1.0,0.0
-0.1451849507921685,1,0.85,1.0,0.0
-0.1451849507921685,1,0.85,1.0,0.0
-0.1451849507921685,1,0.85,1.0,0.0
-0.1451849507921685,1,0.85,1.0,0.0
-0.1451849507921685,1,0.85,1.0,0.0
-0.1451849507921685,1,0.85,1.0,0.0
-0.1451849507921685,1,0.85,1.0,0.0
-0.1451849507921685,1,0.85,1.0,0.0
-0.1451849507921685,1,0.85,1.0,0.0
-0.1451849507921685,1,0.85,1.0,0.0
-0.1451849507921685,1,0.85,1.0,0.0
-0.1451849507921685,1,0.85,1.0,0.0
-0.1451849507921685,1,0.85,1.0,0.0
-0.1451849507921685,1,0.85,1.0,0.0
-0.1451849507921685,1,0.85,1.0,0.0
-0.1451849507921685,1,0.85,1.0,0.0
-0.1451849507921685,1,0.85,1.0,0.0
-0.1451849507921685,1,0.85,1.0,0.0
-0.1451849507921685,1,0.85,1.0,0.0
-0.1451849507921685,1,0.85,1.0,0.0
-0.1451849507921685,1,0.85,1.0,0.0
-0.1451849507921685,1,0.85,1.0,0.0
-0.1451849507921685,1,0.85,1.0,0.0
-0.1451849507921685,1,0.85,1.0,0.0
-0.1451849507921685,1,0.85,1.0,0.0
-0.1451849507921685,1,0.85,1.0,0.0
-0.1451849507921685,1,0.85,1.0,0.0
-0.1451849507921685,1,0.85,1.0,0.0
-0.1451849507921685,1,0.85,1.0,0.0
-0.1451849507921685,1,0.85,1.0,0.0
0.9030765917605517,1,0.85,1.0,0.0
0.9030765917605517,1,0.85,1.0,0.0
0.8955890093137465,1,0.85,1.0,0.0
0.8955890093137465,1,0.85,1.0,0.0
-0.1451849507921685,1,0.85,1.0,0.0
-0.1451849507921685,1,0.85,1.0,0.0
-0.1451849507921685,1,0.85,1.0,0.0
-0.1451849507921685,1,0.85,1.0,0.0
-0.1451849507921685,1,0.85,1.0,0.0
-0.1451849507921685,1,0.85,1.0,0.0
-0.1451849507921685,1,0.85,1.0,0.0
-0.1451849507921685,1,0.85,1.0,0.0
-0.1451849507921685,1,0.85,1.0,0.0
-0.1451849507921685,1,0.85,1.0,0.0
-0.1451849507921685,1,0.85,1.0,0.0
-0.1451849507921685,1,0.85,1.0,0.0
-0.1451849507921685,1,0.85,1.0,0.0
-0.1451849507921685,1,0.85,1.0,0.0
-0.1451849507921685,1,0.85,1.0,0.0
-0.1451849507921685,1,0.85,1.0,0.0
-0.1451849507921685,1,0.85,1.0,0.0
-0.1451849507921685,1,0.85,1.0,0.0
-0.1451849507921685,1,0.85,1.0,0.0
-0.1451849507921685,1,0.85,1.0,0.0
-0.1451849507921685,1,0.85,1.0,0.0
-0.1451849507921685,1,0.85,1.0,0.0
-0.1451849507921685,1,0.85,1.0,0.0
-0.1451849507921685,1,0.85,1.0,0.0
-0.1451849507921685,1,0.85,1.0,0.0
-0.1451849507921685,1,0.85,1.0,0.0
-0.1451849507921685,1,0.85,1.0,0.0
-0.1451849507921685,1,0.85,1.0,0.0
-0.1451849507921685,1,0.85,1.0,0.0
-0.1451849507921685,1,0.85,1.0,0.0
-0.1451849507921685,1,0.85,1.0,0.0
-0.1451849507921685,1,0.85,1.0,0.0
-0.1451849507921685,1,0.85,1.0,0.0
-0.1451849507921685,1,0.85,1.0,0.0
-0.1451849507921685,1,0.85,1.0,0.0
-0.1451849507921685,1,0.85,1.0,0.0
-0.1451849507921685,1,0.85,1.0,0.0
-0.1451849507921685,1,0.85,1.0,0.0
-0.1451849507921685,1,0.85,1.0,0.0
-0.1451849507921685,1,0.85,1.0,0.0
-0.1451849507921685,1,0.85,1.0,0.0
-0.1451849507921685,1,0.85,1.0,0.0
0.9030765917605517,1,0.85,1.0,0.0
0.9704648337817978,1,0.85,1.0,0.0
0.9030765917605517,1,0.85,1.0,0.0
0.9030765917605517,1,0.85,1.0,0.0
-0.1451849507921685,1,0.85,1.0,0.0
-0.1451849507921685,1,0.85,1.0,0.0
-0.1451849507921685,1,0.85,1.0,0.0
-0.1451849507921685,1,0.85,1.0,0.0
-0.1451849507921685,1,0.85,1.0,0.0
-0.1451849507921685,1,0.85,1.0,0.0
-0.1451849507921685,1,0.85,1.0,0.0
-0.1451849507921685,1,0.85,1.0,0.0
-0.1451849507921685,1,0.85,1.0,0.0
-0.1451849507921685,1,0.85,1.0,0.0
-0.1451849507921685,1,0.85,1.0,0.0
-0.1451849507921685,1,0.85,1.0,0.0
-0.1451849507921685,1,0.85,1.0,0.0
-0.1451849507921685,1,0.85,1.0,0.0
-0.1451849507921685,1,0.85,1.0,0.0
-0.1451849507921685,1,0.85,1.0,0.0
-0.1451849507921685,1,0.85,1.0,0.0
-0.1451849507921685,1,0.85,1.0,0.0
-0.1451849507921685,1,0.85,1.0,0.0
-0.1451849507921685,1,0.85,1.0,0.0
-0.1451849507921685,1,0.85,1.0,0.0
-0.1451849507921685,1,0.85,1.0,0.0
-0.1451849507921685,1,0.85,1.0,0.0
-0.1451849507921685,1,0.85,1.0,0.0
-0.1451849507921685,1,0.85,1.0,0.0
-0.1451849507921685,1,0.85,1.0,0.0
-0.1451849507921685,1,0.85,1.0,0.0
-0.1451849507921685,1,0.85,1.0,0.0
-0.1451849507921685,1,0.85,1.0,0.0
-0.1451849507921685,1,0.85,1.0,0.0
-0.1451849507921685,1,0.85,1.0,0.0
-0.1451849507921685,1,0.85,1.0,0.0
-0.1451849507921685,1,0.85,1.0,0.0
-0.1451849507921685,1,0.85,1.0,0.0
-0.1451849507921685,1,0.85,1.0,0.0
-0.1451849507921685,1,0.85,1.0,0.0
-0.1451849507921685,1,0.85,1.0,0.0
-0.1451849507921685,1,0.85,1.0,0.0
-0.1451849507921685,1,0.85,1.0,0.0
-0.1451849507921685,1,0.85,1.0,0.0
0.9030765917605517,1,0.85,1.0,0.0
0.9030765917605517,1,0.85,1.0,0.0
0.9030765917605517,1,0.85,1.0,0.0
0.8955890093137465,1,0.85,1.0,0.0
0.880613844420136,1,0.85,1.0,0.0
-0.1451849507921685,1,0.85,1.0,0.0
-0.1451849507921685,1,0.85,1.0,0.0
-0.1451849507921685,1,0.85,1.0,0.0
-0.1451849507921685,1,0.85,1.0,0.0
-0.1451849507921685,1,0.85,1.0,0.0
-0.1451849507921685,1,0.85,1.0,0.0
-0.1451849507921685,1,0.85,1.0,0.0
-0.1451849507921685,1,0.85,1.0,0.0
-0.1451849507921685,1,0.85,1.0,0.0
-0.1451849507921685,1,0.85,1.0,0.0
-0.1451849507921685,1,0.85,1.0,0.0
-0.1451849507921685,1,0.85,1.0,0.0
-0.1451849507921685,1,0.85,1.0,0.0
-0.1451849507921685,1,0.85,1.0,0.0
-0.1451849507921685,1,0.85,1.0,0.0
-0.1451849507921685,1,0.85,1.0,0.0
-0.1451849507921685,1,0.85,1.0,0.0
-0.1451849507921685,1,0.85,1.0,0.0
-0.1451849507921685,1,0.85,1.0,0.0
-0.1451849507921685,1,0.85,1.0,0.0
-0.1451849507921685,1,0.85,1.0,0.0
-0.1451849507921685,1,0.85,1.0,0.0
-0.1451849507921685,1,0.85,1.0,0.0
-0.1451849507921685,1,0.85,1.0,0.0
-0.1451849507921685,1,0.85,1.0,0.0
-0.1451849507921685,1,0.85,1.0,0.0
-0.1451849507921685,1,0.85,1.0,0.0
-0.1451849507921685,1,0.85,1.0,0.0
-0.1451849507921685,1,0.85,1.0,0.0
-0.1451849507921685,1,0.85,1.0,0.0
-0.1451849507921685,1,0.85,1.0,0.0
-0.1451849507921685,1,0.85,1.0,0.0
-0.1451849507921685,1,0.85,1.0,0.0
-0.1451849507921685,1,0.85,1.0,0.0
-0.1451849507921685,1,0.85,1.0,0.0
-0.1451849507921685,1,0.85,1.0,0.0
-0.1451849507921685,1,0.85,1.0,0.0
-0.1451849507921685,1,0.85,1.0,0.0
-0.1451849507921685,1,0.85,1.0,0.0
-0.1451849507921685,1,0.85,1.0,0.0
-0.1451849507921685,1,0.85,1.0,0.0
1.0453406582498492,1,0.85,1.0,0.0
0.9405145039945774,1,0.85,1.0,0.0
0.9030765917605517,1,0.85,1.0,0.0
0.9030765917605517,1,0.85,1.0,0.0
-0.1451849507921685,1,0.85,1.0,0.0
-0.1451849507921685,1,0.85,1.0,0.0
-0.1451849507921685,1,0.85,1.0,0.0
-0.1451849507921685,1,0.85,1.0,0.0
-0.1451849507921685,1,0.85,1.0,0.0
-0.1451849507921685,1,0.85,1.0,0.0
-0.1451849507921685,1,0.85,1.0,0.0
-0.1451849507921685,1,0.85,1.0,0.0
-0.1451849507921685,1,0.85,1.0,0.0
-0.1451849507921685,1,0.85,1.0,0.0
-0.1451849507921685,1,0.85,1.0,0.0
-0.1451849507921685,1,0.85,1.0,0.0
-0.1451849507921685,1,0.85,1.0,0.0
-0.1451849507921685,1,0.85,1.0,0.0
-0.1451849507921685,1,0.85,1.0,0.0
-0.1451849507921685,1,0.85,1.0,0.0
-0.1451849507921685,1,0.85,1.0,0.0
-0.1451849507921685,1,0.85,1.0,0.0
-0.1451849507921685,1,0.85,1.0,0.0
-0.1451849507921685,1,0.85,1.0,0.0
-0.1451849507921685,1,0.85,1.0,0.0
-0.1451849507921685,1,0.85,1.0,0.0
-0.1451849507921685,1,0.85,1.0,0.0
-0.1451849507921685,1,0.85,1.0,0.0
-0.1451849507921685,1,0.85,1.0,0.0
-0.1451849507921685,1,0.85,1.0,0.0
-0.1451849507921685,1,0.85,1.0,0.0
-0.1451849507921685,1,0.85,1.0,0.0
-0.1451849507921685,1,0.85,1.0,0.0
-0.1451849507921685,1,0.85,1.0,0.0
-0.1451849507921685,1,0.85,1.0,0.0
-0.1451849507921685,1,0.85,1.0,0.0
-0.1451849507921685,1,0.85,1.0,0.0
-0.1451849507921685,1,0.85,1.0,0.0
-0.1451849507921685,1,0.85,1.0,0.0
-0.1451849507921685,1,0.85,1.0,0.0
-0.1451849507921685,1,0.85,1.0,0.0
-0.1451849507921685,1,0.85,1.0,0.0
-0.1451849507921685,1,0.85,1.0,0.0
-0.1451849507921685,1,0.85,1.0,0.0
-0.1451849507921685,1,0.85,1.0,0.0
0.9030765917605517,1,0.85,1.0,0.0
0.9030765917605517,1,0.85,1.0,0.0
0.9030765917605517,1,0.85,1.0,0.0
0.8881014268669414,1,0.85,1.0,0.0
-0.1451849507921685,1,0.85,1.0,0.0
-0.1451849507921685,1,0.85,1.0,0.0
-0.1451849507921685,1,0.85,1.0,0.0
-0.1451849507921685,1,0.85,1.0,0.0
-0.1451849507921685,1,0.85,1.0,0.0
-0.1451849507921685,1,0.85,1.0,0.0
-0.1451849507921685,1,0.85,1.0,0.0
-0.1451849507921685,1,0.85,1.0,0.0
-0.1451849507921685,1,0.85,1.0,0.0
-0.1451849507921685,1,0.85,1.0,0.0
-0.1451849507921685,1,0.85,1.0,0.0
-0.1451849507921685,1,0.85,1.0,0.0
-0.1451849507921685,1,0.85,1.0,0.0
-0.1451849507921685,1,0.85,1.0,0.0
-0.1451849507921685,1,0.85,1.0,0.0
-0.1451849507921685,1,0.85,1.0,0.0
-0.1451849507921685,1,0.85,1.0,0.0
-0.1451849507921685,1,0.85,1.0,0.0
-0.1451849507921685,1,0.85,1.0,0.0
-0.1451849507921685,1,0.85,1.0,0.0
-0.1451849507921685,1,0.85,1.0,0.0
-0.1451849507921685,1,0.85,1.0,0.0
-0.1451849507921685,1,0.85,1.0,0.0
-0.1451849507921685,1,0.85,1.0,0.0
-0.1451849507921685,1,0.85,1.0,0.0
-0.1451849507921685,1,0.85,1.0,0.0
-0.1451849507921685,1,0.85,1.0,0.0
-0.1451849507921685,1,0.85,1.0,0.0
-0.1451849507921685,1,0.85,1.0,0.0
-0.1451849507921685,1,0.85,1.0,0.0
-0.1451849507921685,1,0.85,1.0,0.0
-0.1451849507921685,1,0.85,1.0,0.0
-0.1451849507921685,1,0.85,1.0,0.0
-0.1451849507921685,1,0.85,1.0,0.0
-0.1451849507921685,1,0.85,1.0,0.0
-0.1451849507921685,1,0.85,1.0,0.0
-0.1451849507921685,1,0.85,1.0,0.0
-0.1451849507921685,1,0.85,1.0,0.0
-0.1451849507921685,1,0.85,1.0,0.0
-0.1451849507921685,1,0.85,1.0,0.0
-0.1451849507921685,1,0.85,1.0,0.0
-0.1451849507921685,1,0.85,1.0,0.0
1.022877910909434,1,0.85,1.0,0.0
0.9105641742073568,1,0.85,1.0,0.0
0.9030765917605517,1,0.85,1.0,0.0
0.9030765917605517,1,0.85,1.0,0.0
-0.1451849507921685,1,0.85,1.0,0.0
-0.1451849507921685,1,0.85,1.0,0.0
-0.1451849507921685,1,0.85,1.0,0.0
-0.1451849507921685,1,0.85,1.0,0.0
-0.1451849507921685,1,0.85,1.0,0.0
-0.1451849507921685,1,0.85,1.0,0.0
-0.1451849507921685,1,0.85,1.0,0.0
-0.1451849507921685,1,0.85,1.0,0.0
-0.1451849507921685,1,0.85,1.0,0.0
-0.1451849507921685,1,0.85,1.0,0.0
-0.1451849507921685,1,0.85,1.0,0.0
-0.1451849507921685,1,0.85,1.0,0.0
-0.1451849507921685,1,0.85,1.0,0.0
-0.1451849507921685,1,0.85,1.0,0.0
-0.1451849507921685,1,0.85,1.0,0.0
-0.1451849507921685,1,0.85,1.0,0.0
-0.1451849507921685,1,0.85,1.0,0.0
-0.1451849507921685,1,0.85,1.0,0.0
-0.1451849507921685,1,0.85,1.0,0.0
-0.1451849507921685,1,0.85,1.0,0.0
-0.1451849507921685,1,0.85,1.0,0.0
-0.1451849507921685,1,0.85,1.0,0.0
-0.1451849507921685,1,0.85,1.0,0.0
-0.1451849507921685,1,0.85,1.0,0.0
-0.1451849507921685,1,0.85,1.0,0.0
-0.1451849507921685,1,0.85,1.0,0.0
-0.1451849507921685,1,0.85,1.0,0.0
-0.1451849507921685,1,0.85,1.0,0.0
-0.1451849507921685,1,0.85,1.0,0.0
-0.1451849507921685,1,0.85,1.0,0.0
-0.1451849507921685,1,0.85,1.0,0.0
-0.1451849507921685,1,0.85,1.0,0.0
-0.1451849507921685,1,0.85,1.0,0.0
-0.1451849507921685,1,0.85,1.0,0.0
-0.1451849507921685,1,0.85,1.0,0.0
-0.1451849507921685,1,0.85,1.0,0.0
-0.1451849507921685,1,0.85,1.0,0.0
-0.1451849507921685,1,0.85,1.0,0.0
-0.1451849507921685,1,0.85,1.0,0.0
0.9480020864413825,1,0.85,1.0,0.0
0.9480020864413825,1,0.85,1.0,0.0
0.8955890093137465,1,0.85,1.0,0.0
0.8955890093137465,1,0.85,1.0,0.0
-0.1451849507921685,1,0.85,1.0,0.0
-0.1451849507921685,1,0.85,1.0,0.0
-0.1451849507921685,1,0.85,1.0,0.0
-0.1451849507921685,1,0.85,1.0,0.0
-0.1451849507921685,1,0.85,1.0,0.0
-0.1451849507921685,1,0.85,1.0,0.0
-0.1451849507921685,1,0.85,1.0,0.0
-0.1451849507921685,1,0.85,1.0,0.0
-0.1451849507921685,1,0.85,1.0,0.0
-0.1451849507921685,1,0.85,1.0,0.0
-0.1451849507921685,1,0.85,1.0,0.0
-0.1451849507921685,1,0.85,1.0,0.0
-0.1451849507921685,1,0.85,1.0,0.0
-0.1451849507921685,1,0.85,1.0,0.0
-0.1451849507921685,1,0.85,1.0,0.0
-0.1451849507921685,1,0.85,1.0,0.0
-0.1451849507921685,1,0.85,1.0,0.0
-0.1451849507921685,1,0.85,1.0,0.0
-0.1451849507921685,1,0.85,1.0,0.0
-0.1451849507921685,1,0.85,1.0,0.0
-0.1451849507921685,1,0.85,1.0,0.0
-0.1451849507921685,1,0.85,1.0,0.0
-0.1451849507921685,1,0.85,1.0,0.0
-0.1451849507921685,1,0.85,1.0,0.0
-0.1451849507921685,1,0.85,1.0,0.0
-0.1451849507921685,1,0.85,1.0,0.0
-0.1451849507921685,1,0.85,1.0,0.0
-0.1451849507921685,1,0.85,1.0,0.0
-0.1451849507921685,1,0.85,1.0,0.0
-0.1451849507921685,1,0.85,1.0,0.0
-0.1451849507921685,1,0.85,1.0,0.0
-0.1451849507921685,1,0.85,1.0,0.0
-0.1451849507921685,1,0.85,1.0,0.0
-0.1451849507921685,1,0.85,1.0,0.0
-0.1451849507921685,1,0.85,1.0,0.0
-0.1451849507921685,1,0.85,1.0,0.0
-0.1451849507921685,1,0.85,1.0,0.0
-0.1451849507921685,1,0.85,1.0,0.0
-0.1451849507921685,1,0.85,1.0,0.0
-0.1451849507921685,1,0.85,1.0,0.0
1.0528282406966545,1,0.85,1.0,0.0
1.0528282406966545,1,0.85,1.0,0.0
0.9255393391009673,1,0.85,1.0,0.0
0.9030765917605517,1,0.85,1.0,0.0
0.9030765917605517,1,0.85,1.0,0.0
0.8881014268669414,1,0.85,1.0,0.0
-0.1451849507921685,1,0.85,1.0,0.0
-0.1451849507921685,1,0.85,1.0,0.0
-0.1451849507921685,1,0.85,1.0,0.0
-0.1451849507921685,1,0.85,1.0,0.0
-0.1451849507921685,1,0.85,1.0,0.0
-0.1451849507921685,1,0.85,1.0,0.0
-0.1451849507921685,1,0.85,1.0,0.0
-0.1451849507921685,1,0.85,1.0,0.0
-0.1451849507921685,1,0.85,1.0,0.0
-0.1451849507921685,1,0.85,1.0,0.0
-0.1451849507921685,1,0.85,1.0,0.0
-0.1451849507921685,1,0.85,1.0,0.0
-0.1451849507921685,1,0.85,1.0,0.0
-0.1451849507921685,1,0.85,1.0,0.0
-0.1451849507921685,1,0.85,1.0,0.0
-0.1451849507921685,1,0.85,1.0,0.0
-0.1451849507921685,1,0.85,1.0,0.0
-0.1451849507921685,1,0.85,1.0,0.0
-0.1451849507921685,1,0.85,1.0,0.0
-0.1451849507921685,1,0.85,1.0,0.0
-0.1451849507921685,1,0.85,1.0,0.0
-0.1451849507921685,1,0.85,1.0,0.0
-0.1451849507921685,1,0.85,1.0,0.0
-0.1451849507921685,1,0.85,1.0,0.0
-0.1451849507921685,1,0.85,1.0,0.0
-0.1451849507921685,1,0.85,1.0,0.0
-0.1451849507921685,1,0.85,1.0,0.0
-0.1451849507921685,1,0.85,1.0,0.0
-0.1451849507921685,1,0.85,1.0,0.0
-0.1451849507921685,1,0.85,1.0,0.0
-0.1451849507921685,1,0.85,1.0,0.0
-0.1451849507921685,1,0.85,1.0,0.0
-0.1451849507921685,1,0.85,1.0,0.0
-0.1451849507921685,1,0.85,1.0,0.0
-0.1451849507921685,1,0.85,1.0,0.0
-0.1451849507921685,1,0.85,1.0,0.0
-0.1451849507921685,1,0.85,1.0,0.0
-0.1451849507921685,1,0.85,1.0,0.0
-0.1451849507921685,1,0.85,1.0,0.0
-0.1451849507921685,1,0.85,1.0,0.0
-0.1451849507921685,1,0.85,1.0,0.0
1.030365493356239,1,0.85,1.0,0.0
0.8881014268669414,1,0.85,1.0,0.0
0.8881014268669414,1,0.85,1.0,0.0
-0.1451849507921685,1,0.85,1.0,0.0
-0.1451849507921685,1,0.85,1.0,0.0
-0.1451849507921685,1,0.85,1.0,0.0
-0.1451849507921685,1,0.85,1.0,0.0
-0.1451849507921685,1,0.85,1.0,0.0
-0.1451849507921685,1,0.85,1.0,0.0
-0.1451849507921685,1,0.85,1.0,0.0
-0.1451849507921685,1,0.85,1.0,0.0
-0.1451849507921685,1,0.85,1.0,0.0
-0.1451849507921685,1,0.85,1.0,0.0
-0.1451849507921685,1,0.85,1.0,0.0
-0.1451849507921685,1,0.85,1.0,0.0
-0.1451849507921685,1,0.85,1.0,0.0
-0.1451849507921685,1,0.85,1.0,0.0
-0.1451849507921685,1,0.85,1.0,0.0
-0.1451849507921685,1,0.85,1.0,0.0
-0.1451849507921685,1,0.85,1.0,0.0
-0.1451849507921685,1,0.85,1.0,0.0
-0.1451849507921685,1,0.85,1.0,0.0
-0.1451849507921685,1,0.85,1.0,0.0
-0.1451849507921685,1,0.85,1.0,0.0
-0.1451849507921685,1,0.85,1.0,0.0
-0.1451849507921685,1,0.85,1.0,0.0
-0.1451849507921685,1,0.85,1.0,0.0
-0.1451849507921685,1,0.85,1.0,0.0
-0.1451849507921685,1,0.85,1.0,0.0
-0.1451849507921685,1,0.85,1.0,0.0
-0.1451849507921685,1,0.85,1.0,0.0
-0.1451849507921685,1,0.85,1.0,0.0
-0.1451849507921685,1,0.85,1.0,0.0
-0.1451849507921685,1,0.85,1.0,0.0
-0.1451849507921685,1,0.85,1.0,0.0
-0.1451849507921685,1,0.85,1.0,0.0
-0.1451849507921685,1,0.85,1.0,0.0
-0.1451849507921685,1,0.85,1.0,0.0
-0.1451849507921685,1,0.85,1.0,0.0
-0.1451849507921685,1,0.85,1.0,0.0
-0.1451849507921685,1,0.85,1.0,0.0
-0.1451849507921685,1,0.85,1.0,0.0
-0.1451849507921685,1,0.85,1.0,0.0
1.0153903284626287,1,0.85,1.0,0.0
1.0153903284626287,1,0.85,1.0,0.0
0.9180517566541619,1,0.85,1.0,0.0
0.9105641742073568,1,0.85,1.0,0.0
0.9030765917605517,1,0.85,1.0,0.0
0.8881014268669414,1,0.85,1.0,0.0
-0.1451849507921685,1,0.85,1.0,0.0
-0.1451849507921685,1,0.85,1.0,0.0
-0.1451849507921685,1,0.85,1.0,0.0
-0.1451849507921685,1,0.85,1.0,0.0
-0.1451849507921685,1,0.85,1.0,0.0
-0.1451849507921685,1,0.85,1.0,0.0
-0.1451849507921685,1,0.85,1.0,0.0
-0.1451849507921685,1,0.85,1.0,0.0
-0.1451849507921685,1,0.85,1.0,0.0
-0.1451849507921685,1,0.85,1.0,0.0
-0.1451849507921685,1,0.85,1.0,0.0
-0.1451849507921685,1,0.85,1.0,0.0
-0.1451849507921685,1,0.85,1.0,0.0
-0.1451849507921685,1,0.85,1.0,0.0
-0.1451849507921685,1,0.85,1.0,0.0
-0.1451849507921685,1,0.85,1.0,0.0
-0.1451849507921685,1,0.85,1.0,0.0
-0.1451849507921685,1,0.85,1.0,0.0
-0.1451849507921685,1,0.85,1.0,0.0
-0.1451849507921685,1,0.85,1.0,0.0
-0.1451849507921685,1,0.85,1.0,0.0
-0.1451849507921685,1,0.85,1.0,0.0
-0.1451849507921685,1,0.85,1.0,0.0
-0.1451849507921685,1,0.85,1.0,0.0
-0.1451849507921685,1,0.85,1.0,0.0
-0.1451849507921685,1,0.85,1.0,0.0
-0.1451849507921685,1,0.85,1.0,0.0
-0.1451849507921685,1,0.85,1.0,0.0
-0.1451849507921685,1,0.85,1.0,0.0
-0.1451849507921685,1,0.85,1.0,0.0
-0.1451849507921685,1,0.85,1.0,0.0
-0.1451849507921685,1,0.85,1.0,0.0
-0.1451849507921685,1,0.85,1.0,0.0
-0.1451849507921685,1,0.85,1.0,0.0
-0.1451849507921685,1,0.85,1.0,0.0
-0.1451849507921685,1,0.85,1.0,0.0
-0.1451849507921685,1,0.85,1.0,0.0
-0.1451849507921685,1,0.85,1.0,0.0
-0.1451849507921685,1,0.85,1.0,0.0
-0.1451849507921685,1,0.85,1.0,0.0
1.0004151635690184,1,0.85,1.0,0.0
0.9704648337817978,1,0.85,1.0,0.0
0.9105641742073568,1,0.85,1.0,0.0
-0.1451849507921685,1,0.85,1.0,0.0
-0.1451849507921685,1,0.85,1.0,0.0
-0.1451849507921685,1,0.85,1.0,0.0
-0.1451849507921685,1,0.85,1.0,0.0
-0.1451849507921685,1,0.85,1.0,0.0
-0.1451849507921685,1,0.85,1.0,0.0
-0.1451849507921685,1,0.85,1.0,0.0
-0.1451849507921685,1,0.85,1.0,0.0
-0.1451849507921685,1,0.85,1.0,0.0
-0.1451849507921685,1,0.85,1.0,0.0
-0.1451849507921685,1,0.85,1.0,0.0
-0.1451849507921685,1,0.85,1.0,0.0
-0.1451849507921685,1,0.85,1.0,0.0
-0.1451849507921685,1,0.85,1.0,0.0
-0.1451849507921685,1,0.85,1.0,0.0
-0.1451849507921685,1,0.85,1.0,0.0
-0.1451849507921685,1,0.85,1.0,0.0
-0.1451849507921685,1,0.85,1.0,0.0
-0.1451849507921685,1,0.85,1.0,0.0
-0.1451849507921685,1,0.85,1.0,0.0
-0.1451849507921685,1,0.85,1.0,0.0
-0.1451849507921685,1,0.85,1.0,0.0
-0.1451849507921685,1,0.85,1.0,0.0
-0.1451849507921685,1,0.85,1.0,0.0
-0.1451849507921685,1,0.85,1.0,0.0
-0.1451849507921685,1,0.85,1.0,0.0
-0.1451849507921685,1,0.85,1.0,0.0
-0.1451849507921685,1,0.85,1.0,0.0
-0.1451849507921685,1,0.85,1.0,0.0
-0.1451849507921685,1,0.85,1.0,0.0
-0.1451849507921685,1,0.85,1.0,0.0
-0.1451849507921685,1,0.85,1.0,0.0
-0.1451849507921685,1,0.85,1.0,0.0
-0.1451849507921685,1,0.85,1.0,0.0
-0.1451849507921685,1,0.85,1.0,0.0
-0.1451849507921685,1,0.85,1.0,0.0
-0.1451849507921685,1,0.85,1.0,0.0
-0.1451849507921685,1,0.85,1.0,0.0
-0.1451849507921685,1,0.85,1.0,0.0
-0.1451849507921685,1,0.85,1.0,0.0
-0.1451849507921685,1,0.85,1.0,0.0
0.9180517566541619,1,0.85,1.0,0.0
0.9180517566541619,1,0.85,1.0,0.0
0.9105641742073568,1,0.85,1.0,0.0
0.9030765917605517,1,0.85,1.0,0.0
-0.1451849507921685,1,0.85,1.0,0.0
-0.1451849507921685,1,0.85,1.0,0.0
-0.1451849507921685,1,0.85,1.0,0.0
-0.1451849507921685,1,0.85,1.0,0.0
-0.1451849507921685,1,0.85,1.0,0.0
-0.1451849507921685,1,0.85,1.0,0.0
-0.1451849507921685,1,0.85,1.0,0.0
-0.1451849507921685,1,0.85,1.0,0.0
-0.1451849507921685,1,0.85,1.0,0.0
-0.1451849507921685,1,0.85,1.0,0.0
-0.1451849507921685,1,0.85,1.0,0.0
-0.1451849507921685,1,0.85,1.0,0.0
-0.1451849507921685,1,0.85,1.0,0.0
-0.1451849507921685,1,0.85,1.0,0.0
-0.1451849507921685,1,0.85,1.0,0.0
-0.1451849507921685,1,0.85,1.0,0.0
-0.1451849507921685,1,0.85,1.0,0.0
-0.1451849507921685,1,0.85,1.0,0.0
-0.1451849507921685,1,0.85,1.0,0.0
-0.1451849507921685,1,0.85,1.0,0.0
-0.1451849507921685,1,0.85,1.0,0.0
-0.1451849507921685,1,0.85,1.0,0.0
-0.1451849507921685,1,0.85,1.0,0.0
-0.1451849507921685,1,0.85,1.0,0.0
-0.1451849507921685,1,0.85,1.0,0.0
-0.1451849507921685,1,0.85,1.0,0.0
-0.1451849507921685,1,0.85,1.0,0.0
-0.1451849507921685,1,0.85,1.0,0.0
-0.1451849507921685,1,0.85,1.0,0.0
-0.1451849507921685,1,0.85,1.0,0.0
-0.1451849507921685,1,0.85,1.0,0.0
-0.1451849507921685,1,0.85,1.0,0.0
-0.1451849507921685,1,0.85,1.0,0.0
-0.1451849507921685,1,0.85,1.0,0.0
-0.1451849507921685,1,0.85,1.0,0.0
-0.1451849507921685,1,0.85,1.0,0.0
-0.1451849507921685,1,0.85,1.0,0.0
-0.1451849507921685,1,0.85,1.0,0.0
-0.1451849507921685,1,0.85,1.0,0.0
-0.1451849507921685,1,0.85,1.0,0.0
1.0004151635690184,1,0.85,1.0,0.0
0.9180517566541619,1,0.85,1.0,0.0
0.9180517566541619,1,0.85,1.0,0.0
0.9105641742073568,1,0.85,1.0,0.0
-0.1451849507921685,1,0.85,1.0,0.0
-0.1451849507921685,1,0.85,1.0,0.0
-0.1451849507921685,1,0.85,1.0,0.0
-0.1451849507921685,1,0.85,1.0,0.0
-0.1451849507921685,1,0.85,1.0,0.0
0.8955890093137465,1,0.85,1.0,0.0
-0.1451849507921685,1,0.85,1.0,0.0
-0.1451849507921685,1,0.85,1.0,0.0
-0.1451849507921685,1,0.85,1.0,0.0
-0.1451849507921685,1,0.85,1.0,0.0
-0.1451849507921685,1,0.85,1.0,0.0
-0.1451849507921685,1,0.85,1.0,0.0
-0.1451849507921685,1,0.85,1.0,0.0
-0.1451849507921685,1,0.85,1.0,0.0
-0.1451849507921685,1,0.85,1.0,0.0
-0.1451849507921685,1,0.85,1.0,0.0
-0.1451849507921685,1,0.85,1.0,0.0
-0.1451849507921685,1,0.85,1.0,0.0
-0.1451849507921685,1,0.85,1.0,0.0
-0.1451849507921685,1,0.85,1.0,0.0
-0.1451849507921685,1,0.85,1.0,0.0
-0.1451849507921685,1,0.85,1.0,0.0
-0.1451849507921685,1,0.85,1.0,0.0
-0.1451849507921685,1,0.85,1.0,0.0
-0.1451849507921685,1,0.85,1.0,0.0
-0.1451849507921685,1,0.85,1.0,0.0
-0.1451849507921685,1,0.85,1.0,0.0
-0.1451849507921685,1,0.85,1.0,0.0
-0.1451849507921685,1,0.85,1.0,0.0
0.6559863710159819,1,0.85,1.0,0.0
0.6484987885691768,1,0.85,1.0,0.0
0.6484987885691768,1,0.85,1.0,0.0
0.6484987885691768,1,0.85,1.0,0.0
0.6484987885691768,1,0.85,1.0,0.0
0.6484987885691768,1,0.85,1.0,0.0
0.6484987885691768,1,0.85,1.0,0.0
0.6484987885691768,1,0.85,1.0,0.0
1.8015864853771688,1,0.85,1.0,0.0
1.7042479135687019,1,0.85,1.0,0.0
1.7042479135687019,1,0.85,1.0,0.0
1.6892727486750916,1,0.85,1.0,0.0
0.6410112061223716,1,0.85,1.0,0.0
0.6410112061223716,1,0.85,1.0,0.0
0.6410112061223716,1,0.85,1.0,0.0
0.6484987885691768,1,0.85,1.0,0.0
0.6410112061223716,1,0.85,1.0,0.0
0.6410112061223716,1,0.85,1.0,0.0
0.6410112061223716,1,0.85,1.0,0.0
0.6410112061223716,1,0.85,1.0,0.0
0.6410112061223716,1,0.85,1.0,0.0
0.6410112061223716,1,0.85,1.0,0.0
0.6410112061223716,1,0.85,1.0,0.0
0.6410112061223716,1,0.85,1.0,0.0
0.6410112061223716,1,0.85,1.0,0.0
0.6484987885691768,1,0.85,1.0,0.0
0.6410112061223716,1,0.85,1.0,0.0
0.6410112061223716,1,0.85,1.0,0.0
0.6410112061223716,1,0.85,1.0,0.0
0.6410112061223716,1,0.85,1.0,0.0
0.6410112061223716,1,0.85,1.0,0.0
0.6410112061223716,1,0.85,1.0,0.0
0.6410112061223716,1,0.85,1.0,0.0
0.6410112061223716,1,0.85,1.0,0.0
0.6410112061223716,1,0.85,1.0,0.0
0.6410112061223716,1,0.85,1.0,0.0
0.6410112061223716,1,0.85,1.0,0.0
0.6410112061223716,1,0.85,1.0,0.0
0.6410112061223716,1,0.85,1.0,0.0
0.6410112061223716,1,0.85,1.0,0.0
0.6335236236755666,1,0.85,1.0,0.0
0.6410112061223716,1,0.85,1.0,0.0
0.6410112061223716,1,0.85,1.0,0.0
0.6410112061223716,1,0.85,1.0,0.0
0.6410112061223716,1,0.85,1.0,0.0
0.6410112061223716,1,0.85,1.0,0.0
0.6410112061223716,1,0.85,1.0,0.0
0.6410112061223716,1,0.85,1.0,0.0
0.6410112061223716,1,0.85,1.0,0.0
0.6410112061223716,1,0.85,1.0,0.0
0.6410112061223716,1,0.85,1.0,0.0
0.6410112061223716,1,0.85,1.0,0.0
1.853999562504805,1,0.85,1.0,0.0
1.853999562504805,1,0.85,1.0,0.0
1.7192230784623121,1,0.85,1.0,0.0
1.7042479135687019,1,0.85,1.0,0.0
1.7042479135687019,1,0.85,1.0,0.0
1.6892727486750916,1,0.85,1.0,0.0
0.6410112061223716,1,0.85,1.0,0.0
0.6410112061223716,1,0.85,1.0,0.0
0.6410112061223716,1,0.85,1.0,0.0
0.6410112061223716,1,0.85,1.0,0.0
0.6410112061223716,1,0.85,1.0,0.0
0.6410112061223716,1,0.85,1.0,0.0
0.6410112061223716,1,0.85,1.0,0.0
0.6410112061223716,1,0.85,1.0,0.0
0.6410112061223716,1,0.85,1.0,0.0
0.6410112061223716,1,0.85,1.0,0.0
0.6410112061223716,1,0.85,1.0,0.0
0.6410112061223716,1,0.85,1.0,0.0
0.6410112061223716,1,0.85,1.0,0.0
0.6484987885691768,1,0.85,1.0,0.0
0.6410112061223716,1,0.85,1.0,0.0
0.6484987885691768,1,0.85,1.0,0.0
0.6484987885691768,1,0.85,1.0,0.0
0.6410112061223716,1,0.85,1.0,0.0
0.6410112061223716,1,0.85,1.0,0.0
0.6410112061223716,1,0.85,1.0,0.0
0.6410112061223716,1,0.85,1.0,0.0
0.6410112061223716,1,0.85,1.0,0.0
0.6410112061223716,1,0.85,1.0,0.0
0.6410112061223716,1,0.85,1.0,0.0
0.6410112061223716,1,0.85,1.0,0.0
0.6410112061223716,1,0.85,1.0,0.0
0.6410112061223716,1,0.85,1.0,0.0
0.6410112061223716,1,0.85,1.0,0.0
0.6410112061223716,1,0.85,1.0,0.0
0.6410112061223716,1,0.85,1.0,0.0
0.6410112061223716,1,0.85,1.0,0.0
0.6410112061223716,1,0.85,1.0,0.0
0.6410112061223716,1,0.85,1.0,0.0
0.6410112061223716,1,0.85,1.0,0.0
0.6410112061223716,1,0.85,1.0,0.0
0.6410112061223716,1,0.85,1.0,0.0
0.6410112061223716,1,0.85,1.0,0.0
1.7940989029303636,1,0.85,1.0,0.0
1.7117354960155071,1,0.85,1.0,0.0
1.7117354960155071,1,0.85,1.0,0.0
0.6410112061223716,1,0.85,1.0,0.0
0.6410112061223716,1,0.85,1.0,0.0
0.6484987885691768,1,0.85,1.0,0.0
0.6410112061223716,1,0.85,1.0,0.0
0.6484987885691768,1,0.85,1.0,0.0
0.6410112061223716,1,0.85,1.0,0.0
0.6484987885691768,1,0.85,1.0,0.0
0.6410112061223716,1,0.85,1.0,0.0
0.6410112061223716,1,0.85,1.0,0.0
0.6410112061223716,1,0.85,1.0,0.0
0.6410112061223716,1,0.85,1.0,0.0
0.6410112061223716,1,0.85,1.0,0.0
0.6410112061223716,1,0.85,1.0,0.0
0.6410112061223716,1,0.85,1.0,0.0
0.6410112061223716,1,0.85,1.0,0.0
0.6410112061223716,1,0.85,1.0,0.0
0.6484987885691768,1,0.85,1.0,0.0
0.6410112061223716,1,0.85,1.0,0.0
0.6410112061223716,1,0.85,1.0,0.0
0.6410112061223716,1,0.85,1.0,0.0
0.6410112061223716,1,0.85,1.0,0.0
0.6410112061223716,1,0.85,1.0,0.0
0.6410112061223716,1,0.85,1.0,0.0
0.6484987885691768,1,0.85,1.0,0.0
0.6410112061223716,1,0.85,1.0,0.0
0.6410112061223716,1,0.85,1.0,0.0
0.6410112061223716,1,0.85,1.0,0.0
0.6484987885691768,1,0.85,1.0,0.0
0.6484987885691768,1,0.85,1.0,0.0
0.6484987885691768,1,0.85,1.0,0.0
0.6410112061223716,1,0.85,1.0,0.0
0.6410112061223716,1,0.85,1.0,0.0
0.6410112061223716,1,0.85,1.0,0.0
0.6410112061223716,1,0.85,1.0,0.0
0.6410112061223716,1,0.85,1.0,0.0
0.6410112061223716,1,0.85,1.0,0.0
0.6410112061223716,1,0.85,1.0,0.0
0.6410112061223716,1,0.85,1.0,0.0
0.6410112061223716,1,0.85,1.0,0.0
0.6484987885691768,1,0.85,1.0,0.0
0.6410112061223716,1,0.85,1.0,0.0
1.86148714495161,1,0.85,1.0,0.0
1.7341982433559224,1,0.85,1.0,0.0
0.6410112061223716,1,0.85,1.0,0.0
1.6892727486750916,1,0.85,1.0,0.0
1.6892727486750916,1,0.85,1.0,0.0
0.6410112061223716,1,0.85,1.0,0.0
0.6410112061223716,1,0.85,1.0,0.0
0.6410112061223716,1,0.85,1.0,0.0
0.6410112061223716,1,0.85,1.0,0.0
0.6410112061223716,1,0.85,1.0,0.0
0.6410112061223716,1,0.85,1.0,0.0
0.6410112061223716,1,0.85,1.0,0.0
0.6410112061223716,1,0.85,1.0,0.0
0.6410112061223716,1,0.85,1.0,0.0
0.6410112061223716,1,0.85,1.0,0.0
0.6484987885691768,1,0.85,1.0,0.0
0.6410112061223716,1,0.85,1.0,0.0
0.6410112061223716,1,0.85,1.0,0.0
0.6484987885691768,1,0.85,1.0,0.0
0.6410112061223716,1,0.85,1.0,0.0
0.6484987885691768,1,0.85,1.0,0.0
0.6484987885691768,1,0.85,1.0,0.0
0.6410112061223716,1,0.85,1.0,0.0
0.6410112061223716,1,0.85,1.0,0.0
0.6410112061223716,1,0.85,1.0,0.0
0.6410112061223716,1,0.85,1.0,0.0
0.6484987885691768,1,0.85,1.0,0.0
0.6410112061223716,1,0.85,1.0,0.0
0.6410112061223716,1,0.85,1.0,0.0
0.6410112061223716,1,0.85,1.0,0.0
0.6410112061223716,1,0.85,1.0,0.0
0.6484987885691768,1,0.85,1.0,0.0
0.6410112061223716,1,0.85,1.0,0.0
0.6484987885691768,1,0.85,1.0,0.0
0.6484987885691768,1,0.85,1.0,0.0
0.6484987885691768,1,0.85,1.0,0.0
0.6410112061223716,1,0.85,1.0,0.0
0.6410112061223716,1,0.85,1.0,0.0
0.6410112061223716,1,0.85,1.0,0.0
0.6484987885691768,1,0.85,1.0,0.0
0.6484987885691768,1,0.85,1.0,0.0
0.6410112061223716,1,0.85,1.0,0.0
0.6410112061223716,1,0.85,1.0,0.0
0.6484987885691768,1,0.85,1.0,0.0
1.7192230784623121,1,0.85,1.0,0.0
1.7192230784623121,1,0.85,1.0,0.0
1.7192230784623121,1,0.85,1.0,0.0
1.696760331121897,1,0.85,1.0,0.0
0.6410112061223716,1,0.85,1.0,0.0
0.6484987885691768,1,0.85,1.0,0.0
0.6484987885691768,1,0.85,1.0,0.0
0.6484987885691768,1,0.85,1.0,0.0
0.6484987885691768,1,0.85,1.0,0.0
0.6484987885691768,1,0.85,1.0,0.0
0.6484987885691768,1,0.85,1.0,0.0
0.6484987885691768,1,0.85,1.0,0.0
0.6484987885691768,1,0.85,1.0,0.0
0.6484987885691768,1,0.85,1.0,0.0
0.6410112061223716,1,0.85,1.0,0.0
0.6410112061223716,1,0.85,1.0,0.0
0.6410112061223716,1,0.85,1.0,0.0
0.6484987885691768,1,0.85,1.0,0.0
0.6410112061223716,1,0.85,1.0,0.0
0.6410112061223716,1,0.85,1.0,0.0
0.6410112061223716,1,0.85,1.0,0.0
0.6484987885691768,1,0.85,1.0,0.0
0.6484987885691768,1,0.85,1.0,0.0
0.6410112061223716,1,0.85,1.0,0.0
0.6410112061223716,1,0.85,1.0,0.0
0.6410112061223716,1,0.85,1.0,0.0
0.6484987885691768,1,0.85,1.0,0.0
0.6410112061223716,1,0.85,1.0,0.0
0.6410112061223716,1,0.85,1.0,0.0
0.6410112061223716,1,0.85,1.0,0.0
0.6410112061223716,1,0.85,1.0,0.0
0.6410112061223716,1,0.85,1.0,0.0
0.6410112061223716,1,0.85,1.0,0.0
0.6410112061223716,1,0.85,1.0,0.0
0.6410112061223716,1,0.85,1.0,0.0
0.6410112061223716,1,0.85,1.0,0.0
0.6410112061223716,1,0.85,1.0,0.0
0.6410112061223716,1,0.85,1.0,0.0
0.6484987885691768,1,0.85,1.0,0.0
0.6410112061223716,1,0.85,1.0,0.0
0.6410112061223716,1,0.85,1.0,0.0
0.6410112061223716,1,0.85,1.0,0.0
1.86148714495161,1,0.85,1.0,0.0
1.7117354960155071,1,0.85,1.0,0.0
1.7117354960155071,1,0.85,1.0,0.0
1.7042479135687019,1,0.85,1.0,0.0
1.696760331121897,1,0.85,1.0,0.0
0.6410112061223716,1,0.85,1.0,0.0
0.6410112061223716,1,0.85,1.0,0.0
0.6410112061223716,1,0.85,1.0,0.0
0.6410112061223716,1,0.85,1.0,0.0
0.6410112061223716,1,0.85,1.0,0.0
0.6410112061223716,1,0.85,1.0,0.0
0.6484987885691768,1,0.85,1.0,0.0
0.6410112061223716,1,0.85,1.0,0.0
0.6410112061223716,1,0.85,1.0,0.0
0.6410112061223716,1,0.85,1.0,0.0
0.6410112061223716,1,0.85,1.0,0.0
0.6410112061223716,1,0.85,1.0,0.0
0.6410112061223716,1,0.85,1.0,0.0
0.6410112061223716,1,0.85,1.0,0.0
0.6410112061223716,1,0.85,1.0,0.0
0.6410112061223716,1,0.85,1.0,0.0
0.6410112061223716,1,0.85,1.0,0.0
0.6410112061223716,1,0.85,1.0,0.0
0.6410112061223716,1,0.85,1.0,0.0
0.6410112061223716,1,0.85,1.0,0.0
0.6410112061223716,1,0.85,1.0,0.0
0.6410112061223716,1,0.85,1.0,0.0
0.6410112061223716,1,0.85,1.0,0.0
0.6410112061223716,1,0.85,1.0,0.0
0.6410112061223716,1,0.85,1.0,0.0
0.6410112061223716,1,0.85,1.0,0.0
0.6410112061223716,1,0.85,1.0,0.0
0.6410112061223716,1,0.85,1.0,0.0
0.6410112061223716,1,0.85,1.0,0.0
0.6410112061223716,1,0.85,1.0,0.0
0.6410112061223716,1,0.85,1.0,0.0
0.6410112061223716,1,0.85,1.0,0.0
0.6335236236755666,1,0.85,1.0,0.0
0.6410112061223716,1,0.85,1.0,0.0
0.6410112061223716,1,0.85,1.0,0.0
0.6410112061223716,1,0.85,1.0,0.0
0.6335236236755666,1,0.85,1.0,0.0
0.6335236236755666,1,0.85,1.0,0.0
0.6335236236755666,1,0.85,1.0,0.0
1.8465119800579997,1,0.85,1.0,0.0
1.7416858258027277,1,0.85,1.0,0.0
1.7042479135687019,1,0.85,1.0,0.0
1.696760331121897,1,0.85,1.0,0.0
0.6410112061223716,1,0.85,1.0,0.0
0.6410112061223716,1,0.85,1.0,0.0
0.6335236236755666,1,0.85,1.0,0.0
0.6335236236755666,1,0.85,1.0,0.0
0.6335236236755666,1,0.85,1.0,0.0
0.6335236236755666,1,0.85,1.0,0.0
0.6335236236755666,1,0.85,1.0,0.0
0.6335236236755666,1,0.85,1.0,0.0
0.6335236236755666,1,0.85,1.0,0.0
0.6335236236755666,1,0.85,1.0,0.0
0.6335236236755666,1,0.85,1.0,0.0
0.6335236236755666,1,0.85,1.0,0.0
0.6335236236755666,1,0.85,1.0,0.0
0.6410112061223716,1,0.85,1.0,0.0
0.6410112061223716,1,0.85,1.0,0.0
0.6335236236755666,1,0.85,1.0,0.0
0.6335236236755666,1,0.85,1.0,0.0
0.6410112061223716,1,0.85,1.0,0.0
0.6410112061223716,1,0.85,1.0,0.0
0.6410112061223716,1,0.85,1.0,0.0
0.6335236236755666,1,0.85,1.0,0.0
0.6335236236755666,1,0.85,1.0,0.0
0.6410112061223716,1,0.85,1.0,0.0
0.6335236236755666,1,0.85,1.0,0.0
0.6335236236755666,1,0.85,1.0,0.0
0.6410112061223716,1,0.85,1.0,0.0
0.6410112061223716,1,0.85,1.0,0.0
0.6410112061223716,1,0.85,1.0,0.0
0.6410112061223716,1,0.85,1.0,0.0
0.6410112061223716,1,0.85,1.0,0.0
0.6410112061223716,1,0.85,1.0,0.0
0.6410112061223716,1,0.85,1.0,0.0
0.6410112061223716,1,0.85,1.0,0.0
0.6410112061223716,1,0.85,1.0,0.0
0.6410112061223716,1,0.85,1.0,0.0
0.6410112061223716,1,0.85,1.0,0.0
0.6410112061223716,1,0.85,1.0,0.0
0.6410112061223716,1,0.85,1.0,0.0
0.6335236236755666,1,0.85,1.0,0.0
1.86148714495161,1,0.85,1.0,0.0
1.7267106609091174,1,0.85,1.0,0.0
1.696760331121897,1,0.85,1.0,0.0
1.696760331121897,1,0.85,1.0,0.0
0.6410112061223716,1,0.85,1.0,0.0
0.6410112061223716,1,0.85,1.0,0.0
0.6410112061223716,1,0.85,1.0,0.0
0.6410112061223716,1,0.85,1.0,0.0
0.6410112061223716,1,0.85,1.0,0.0
0.6410112061223716,1,0.85,1.0,0.0
0.6410112061223716,1,0.85,1.0,0.0
0.6410112061223716,1,0.85,1.0,0.0
0.6335236236755666,1,0.85,1.0,0.0
0.6335236236755666,1,0.85,1.0,0.0
0.6410112061223716,1,0.85,1.0,0.0
0.6335236236755666,1,0.85,1.0,0.0
0.6410112061223716,1,0.85,1.0,0.0
0.6410112061223716,1,0.85,1.0,0.0
0.6410112061223716,1,0.85,1.0,0.0
0.6410112061223716,1,0.85,1.0,0.0
0.6410112061223716,1,0.85,1.0,0.0
0.6410112061223716,1,0.85,1.0,0.0
0.6410112061223716,1,0.85,1.0,0.0
0.6410112061223716,1,0.85,1.0,0.0
0.6410112061223716,1,0.85,1.0,0.0
0.6410112061223716,1,0.85,1.0,0.0
0.6410112061223716,1,0.85,1.0,0.0
0.6410112061223716,1,0.85,1.0,0.0
0.6410112061223716,1,0.85,1.0,0.0
0.6410112061223716,1,0.85,1.0,0.0
0.6410112061223716,1,0.85,1.0,0.0
0.6410112061223716,1,0.85,1.0,0.0
0.6410112061223716,1,0.85,1.0,0.0
0.6410112061223716,1,0.85,1.0,0.0
0.6410112061223716,1,0.85,1.0,0.0
0.6410112061223716,1,0.85,1.0,0.0
0.6410112061223716,1,0.85,1.0,0.0
0.6410112061223716,1,0.85,1.0,0.0
0.6410112061223716,1,0.85,1.0,0.0
0.6410112061223716,1,0.85,1.0,0.0
0.6410112061223716,1,0.85,1.0,0.0
0.6484987885691768,1,0.85,1.0,0.0
0.6410112061223716,1,0.85,1.0,0.0
0.6410112061223716,1,0.85,1.0,0.0
0.6410112061223716,1,0.85,1.0,0.0
1.7117354960155071,1,0.85,1.0,0.0
1.7117354960155071,1,0.85,1.0,0.0
1.7117354960155071,1,0.85,1.0,0.0
1.696760331121897,1,0.85,1.0,0.0
0.6410112061223716,1,0.85,1.0,0.0
0.6410112061223716,1,0.85,1.0,0.0
0.6484987885691768,1,0.85,1.0,0.0
0.6410112061223716,1,0.85,1.0,0.0
0.6410112061223716,1,0.85,1.0,0.0
0.6410112061223716,1,0.85,1.0,0.0
0.6410112061223716,1,0.85,1.0,0.0
0.6410112061223716,1,0.85,1.0,0.0
0.6410112061223716,1,0.85,1.0,0.0
0.6410112061223716,1,0.85,1.0,0.0
0.6410112061223716,1,0.85,1.0,0.0
0.6410112061223716,1,0.85,1.0,0.0
0.6410112061223716,1,0.85,1.0,0.0
0.6410112061223716,1,0.85,1.0,0.0
0.6410112061223716,1,0.85,1.0,0.0
0.6410112061223716,1,0.85,1.0,0.0
0.6484987885691768,1,0.85,1.0,0.0
0.6484987885691768,1,0.85,1.0,0.0
0.6410112061223716,1,0.85,1.0,0.0
0.6410112061223716,1,0.85,1.0,0.0
0.6484987885691768,1,0.85,1.0,0.0
0.6484987885691768,1,0.85,1.0,0.0
0.6410112061223716,1,0.85,1.0,0.0
0.6410112061223716,1,0.85,1.0,0.0
0.6410112061223716,1,0.85,1.0,0.0
0.6410112061223716,1,0.85,1.0,0.0
0.6410112061223716,1,0.85,1.0,0.0
0.6484987885691768,1,0.85,1.0,0.0
0.6410112061223716,1,0.85,1.0,0.0
0.6410112061223716,1,0.85,1.0,0.0
0.6410112061223716,1,0.85,1.0,0.0
0.6410112061223716,1,0.85,1.0,0.0
0.6410112061223716,1,0.85,1.0,0.0
0.6410112061223716,1,0.85,1.0,0.0
0.6410112061223716,1,0.85,1.0,0.0
0.6410112061223716,1,0.85,1.0,0.0
1.7791237380367533,1,0.85,1.0,0.0
1.7791237380367533,1,0.85,1.0,0.0
1.7192230784623121,1,0.85,1.0,0.0
1.7117354960155071,1,0.85,1.0,0.0
1.7042479135687019,1,0.85,1.0,0.0
0.6410112061223716,1,0.85,1.0,0.0
0.6484987885691768,1,0.85,1.0,0.0
0.6410112061223716,1,0.85,1.0,0.0
0.6410112061223716,1,0.85,1.0,0.0
0.6410112061223716,1,0.85,1.0,0.0
0.6410112061223716,1,0.85,1.0,0.0
0.6410112061223716,1,0.85,1.0,0.0
0.6410112061223716,1,0.85,1.0,0.0
0.6410112061223716,1,0.85,1.0,0.0
0.6484987885691768,1,0.85,1.0,0.0
0.6484987885691768,1,0.85,1.0,0.0
0.6410112061223716,1,0.85,1.0,0.0
0.6410112061223716,1,0.85,1.0,0.0
0.6410112061223716,1,0.85,1.0,0.0
0.6410112061223716,1,0.85,1.0,0.0
0.6410112061223716,1,0.85,1.0,0.0
0.6410112061223716,1,0.85,1.0,0.0
0.6410112061223716,1,0.85,1.0,0.0
0.6410112061223716,1,0.85,1.0,0.0
0.6410112061223716,1,0.85,1.0,0.0
0.6410112061223716,1,0.85,1.0,0.0
0.6410112061223716,1,0.85,1.0,0.0
0.6410112061223716,1,0.85,1.0,0.0
0.6410112061223716,1,0.85,1.0,0.0
0.6410112061223716,1,0.85,1.0,0.0
0.6484987885691768,1,0.85,1.0,0.0
0.6410112061223716,1,0.85,1.0,0.0
0.6410112061223716,1,0.85,1.0,0.0
0.6410112061223716,1,0.85,1.0,0.0
0.6410112061223716,1,0.85,1.0,0.0
0.6484987885691768,1,0.85,1.0,0.0
0.6484987885691768,1,0.85,1.0,0.0
0.6484987885691768,1,0.85,1.0,0.0
0.6484987885691768,1,0.85,1.0,0.0
0.6484987885691768,1,0.85,1.0,0.0
0.6410112061223716,1,0.85,1.0,0.0
0.6410112061223716,1,0.85,1.0,0.0
0.6484987885691768,1,0.85,1.0,0.0
0.6484987885691768,1,0.85,1.0,0.0
1.86148714495161,1,0.85,1.0,0.0
1.7491734082495327,1,0.85,1.0,0.0
1.7267106609091174,1,0.85,1.0,0.0
1.7192230784623121,1,0.85,1.0,0.0
1.696760331121897,1,0.85,1.0,0.0
0.6410112061223716,1,0.85,1.0,0.0
0.6410112061223716,1,0.85,1.0,0.0
0.6484987885691768,1,0.85,1.0,0.0
0.6484987885691768,1,0.85,1.0,0.0
0.6484987885691768,1,0.85,1.0,0.0
0.6410112061223716,1,0.85,1.0,0.0
0.6484987885691768,1,0.85,1.0,0.0
0.6484987885691768,1,0.85,1.0,0.0
0.6410112061223716,1,0.85,1.0,0.0
0.6410112061223716,1,0.85,1.0,0.0
0.6410112061223716,1,0.85,1.0,0.0
0.6484987885691768,1,0.85,1.0,0.0
0.6484987885691768,1,0.85,1.0,0.0
0.6484987885691768,1,0.85,1.0,0.0
0.6484987885691768,1,0.85,1.0,0.0
0.6484987885691768,1,0.85,1.0,0.0
-0.1451849507921685,1,0.85,1.0,0.0
-0.1451849507921685,1,0.85,1.0,0.0
-0.1451849507921685,1,0.85,1.0,0.0
-0.1451849507921685,1,0.85,1.0,0.0
-0.1451849507921685,1,0.85,1.0,0.0
-0.1451849507921685,1,0.85,1.0,0.0
-0.1451849507921685,1,0.85,1.0,0.0
-0.1451849507921685,1,0.85,1.0,0.0
-0.1451849507921685,1,0.85,1.0,0.0
-0.1451849507921685,1,0.85,1.0,0.0
-0.1451849507921685,1,0.85,1.0,0.0
-0.1451849507921685,1,0.85,1.0,0.0
-0.1451849507921685,1,0.85,1.0,0.0
-0.1451849507921685,1,0.85,1.0,0.0
-0.1451849507921685,1,0.85,1.0,0.0
-0.1451849507921685,1,0.85,1.0,0.0
-0.1451849507921685,1,0.85,1.0,0.0
-0.1451849507921685,1,0.85,1.0,0.0
-0.1451849507921685,1,0.85,1.0,0.0
-0.1451849507921685,1,0.85,1.0,0.0
-0.1451849507921685,1,0.85,1.0,0.0
-0.1451849507921685,1,0.85,1.0,0.0
-0.1451849507921685,1,0.85,1.0,0.0
1.0752909880370698,1,0.85,1.0,0.0
0.9704648337817978,1,0.85,1.0,0.0
0.9255393391009673,1,0.85,1.0,0.0
0.9255393391009673,1,0.85,1.0,0.0
-0.1451849507921685,1,0.85,1.0,0.0
-0.1451849507921685,1,0.85,1.0,0.0
-0.1451849507921685,1,0.85,1.0,0.0
-0.1451849507921685,1,0.85,1.0,0.0
-0.1451849507921685,1,0.85,1.0,0.0
-0.1451849507921685,1,0.85,1.0,0.0
-0.1451849507921685,1,0.85,1.0,0.0
-0.1451849507921685,1,0.85,1.0,0.0
-0.1451849507921685,1,0.85,1.0,0.0
-0.1451849507921685,1,0.85,1.0,0.0
-0.1451849507921685,1,0.85,1.0,0.0
-0.1451849507921685,1,0.85,1.0,0.0
-0.1451849507921685,1,0.85,1.0,0.0
-0.1451849507921685,1,0.85,1.0,0.0
-0.1451849507921685,1,0.85,1.0,0.0
-0.1451849507921685,1,0.85,1.0,0.0
-0.1451849507921685,1,0.85,1.0,0.0
-0.1451849507921685,1,0.85,1.0,0.0
-0.1451849507921685,1,0.85,1.0,0.0
-0.1451849507921685,1,0.85,1.0,0.0
-0.1451849507921685,1,0.85,1.0,0.0
-0.1451849507921685,1,0.85,1.0,0.0
-0.1451849507921685,1,0.85,1.0,0.0
-0.1451849507921685,1,0.85,1.0,0.0
-0.1451849507921685,1,0.85,1.0,0.0
-0.1451849507921685,1,0.85,1.0,0.0
-0.1451849507921685,1,0.85,1.0,0.0
-0.1451849507921685,1,0.85,1.0,0.0
-0.1451849507921685,1,0.85,1.0,0.0
-0.1451849507921685,1,0.85,1.0,0.0
-0.1451849507921685,1,0.85,1.0,0.0
-0.1451849507921685,1,0.85,1.0,0.0
-0.1451849507921685,1,0.85,1.0,0.0
-0.1451849507921685,1,0.85,1.0,0.0
-0.1451849507921685,1,0.85,1.0,0.0
-0.1451849507921685,1,0.85,1.0,0.0
-0.1451849507921685,1,0.85,1.0,0.0
-0.1451849507921685,1,0.85,1.0,0.0
-0.1451849507921685,1,0.85,1.0,0.0
-0.1451849507921685,1,0.85,1.0,0.0
1.0752909880370698,1,0.85,1.0,0.0
0.9629772513349929,1,0.85,1.0,0.0
0.9180517566541619,1,0.85,1.0,0.0
0.9180517566541619,1,0.85,1.0,0.0
-0.1451849507921685,1,0.85,1.0,0.0
-0.1451849507921685,1,0.85,1.0,0.0
-0.1451849507921685,1,0.85,1.0,0.0
-0.1451849507921685,1,0.85,1.0,0.0
-0.1451849507921685,1,0.85,1.0,0.0
-0.1451849507921685,1,0.85,1.0,0.0
-0.1451849507921685,1,0.85,1.0,0.0
-0.1451849507921685,1,0.85,1.0,0.0
-0.1451849507921685,1,0.85,1.0,0.0
-0.1451849507921685,1,0.85,1.0,0.0
-0.1451849507921685,1,0.85,1.0,0.0
-0.1451849507921685,1,0.85,1.0,0.0
-0.1451849507921685,1,0.85,1.0,0.0
-0.1451849507921685,1,0.85,1.0,0.0
-0.1451849507921685,1,0.85,1.0,0.0
-0.1451849507921685,1,0.85,1.0,0.0
-0.1451849507921685,1,0.85,1.0,0.0
-0.1451849507921685,1,0.85,1.0,0.0
-0.1451849507921685,1,0.85,1.0,0.0
-0.1451849507921685,1,0.85,1.0,0.0
-0.1451849507921685,1,0.85,1.0,0.0
-0.1451849507921685,1,0.85,1.0,0.0
-0.1451849507921685,1,0.85,1.0,0.0
-0.1451849507921685,1,0.85,1.0,0.0
-0.1451849507921685,1,0.85,1.0,0.0
-0.1451849507921685,1,0.85,1.0,0.0
-0.1451849507921685,1,0.85,1.0,0.0
-0.1451849507921685,1,0.85,1.0,0.0
-0.1451849507921685,1,0.85,1.0,0.0
-0.1451849507921685,1,0.85,1.0,0.0
-0.1451849507921685,1,0.85,1.0,0.0
-0.1451849507921685,1,0.85,1.0,0.0
-0.1451849507921685,1,0.85,1.0,0.0
-0.1451849507921685,1,0.85,1.0,0.0
-0.1451849507921685,1,0.85,1.0,0.0
-0.1451849507921685,1,0.85,1.0,0.0
-0.1451849507921685,1,0.85,1.0,0.0
-0.1451849507921685,1,0.85,1.0,0.0
-0.1451849507921685,1,0.85,1.0,0.0
-0.1451849507921685,1,0.85,1.0,0.0
-0.1451849507921685,1,0.85,1.0,0.0
0.9330269215477724,1,0.85,1.0,0.0
0.9330269215477724,1,0.85,1.0,0.0
0.9255393391009673,1,0.85,1.0,0.0
0.9180517566541619,1,0.85,1.0,0.0
0.9105641742073568,1,0.85,1.0,0.0
-0.1451849507921685,1,0.85,1.0,0.0
-0.1451849507921685,1,0.85,1.0,0.0
-0.1451849507921685,1,0.85,1.0,0.0
-0.1451849507921685,1,0.85,1.0,0.0
-0.1451849507921685,1,0.85,1.0,0.0
-0.1451849507921685,1,0.85,1.0,0.0
-0.1451849507921685,1,0.85,1.0,0.0
-0.1451849507921685,1,0.85,1.0,0.0
-0.1451849507921685,1,0.85,1.0,0.0
-0.1451849507921685,1,0.85,1.0,0.0
-0.1451849507921685,1,0.85,1.0,0.0
-0.1451849507921685,1,0.85,1.0,0.0
-0.1451849507921685,1,0.85,1.0,0.0
-0.1451849507921685,1,0.85,1.0,0.0
-0.1451849507921685,1,0.85,1.0,0.0
-0.1451849507921685,1,0.85,1.0,0.0
-0.1451849507921685,1,0.85,1.0,0.0
-0.1451849507921685,1,0.85,1.0,0.0
-0.1451849507921685,1,0.85,1.0,0.0
-0.1451849507921685,1,0.85,1.0,0.0
-0.1451849507921685,1,0.85,1.0,0.0
-0.1451849507921685,1,0.85,1.0,0.0
-0.1451849507921685,1,0.85,1.0,0.0
-0.1451849507921685,1,0.85,1.0,0.0
-0.1451849507921685,1,0.85,1.0,0.0
-0.1451849507921685,1,0.85,1.0,0.0
-0.1451849507921685,1,0.85,1.0,0.0
-0.1451849507921685,1,0.85,1.0,0.0
-0.1451849507921685,1,0.85,1.0,0.0
-0.1451849507921685,1,0.85,1.0,0.0
-0.1451849507921685,1,0.85,1.0,0.0
-0.1451849507921685,1,0.85,1.0,0.0
-0.1451849507921685,1,0.85,1.0,0.0
-0.1451849507921685,1,0.85,1.0,0.0
-0.1451849507921685,1,0.85,1.0,0.0
-0.1451849507921685,1,0.85,1.0,0.0
-0.1451849507921685,1,0.85,1.0,0.0
-0.1451849507921685,1,0.85,1.0,0.0
1.0752909880370698,1,0.85,1.0,0.0
0.9255393391009673,1,0.85,1.0,0.0
0.9255393391009673,1,0.85,1.0,0.0
0.9255393391009673,1,0.85,1.0,0.0
0.9105641742073568,1,0.85,1.0,0.0
-0.1451849507921685,1,0.85,1.0,0.0
-0.1451849507921685,1,0.85,1.0,0.0
-0.1451849507921685,1,0.85,1.0,0.0
-0.1451849507921685,1,0.85,1.0,0.0
-0.1451849507921685,1,0.85,1.0,0.0
-0.1451849507921685,1,0.85,1.0,0.0
-0.1451849507921685,1,0.85,1.0,0.0
-0.1451849507921685,1,0.85,1.0,0.0
-0.1451849507921685,1,0.85,1.0,0.0
-0.1451849507921685,1,0.85,1.0,0.0
-0.1451849507921685,1,0.85,1.0,0.0
-0.1451849507921685,1,0.85,1.0,0.0
-0.1451849507921685,1,0.85,1.0,0.0
-0.1451849507921685,1,0.85,1.0,0.0
-0.1451849507921685,1,0.85,1.0,0.0
-0.1451849507921685,1,0.85,1.0,0.0
-0.1451849507921685,1,0.85,1.0,0.0
-0.1451849507921685,1,0.85,1.0,0.0
-0.1451849507921685,1,0.85,1.0,0.0
-0.1451849507921685,1,0.85,1.0,0.0
-0.1451849507921685,1,0.85,1.0,0.0
-0.1451849507921685,1,0.85,1.0,0.0
-0.1451849507921685,1,0.85,1.0,0.0
-0.1451849507921685,1,0.85,1.0,0.0
-0.1451849507921685,1,0.85,1.0,0.0
-0.1451849507921685,1,0.85,1.0,0.0
-0.1451849507921685,1,0.85,1.0,0.0
-0.1451849507921685,1,0.85,1.0,0.0
-0.1451849507921685,1,0.85,1.0,0.0
-0.1451849507921685,1,0.85,1.0,0.0
-0.1451849507921685,1,0.85,1.0,0.0
-0.1451849507921685,1,0.85,1.0,0.0
-0.1451849507921685,1,0.85,1.0,0.0
-0.1451849507921685,1,0.85,1.0,0.0
-0.1451849507921685,1,0.85,1.0,0.0
-0.1451849507921685,1,0.85,1.0,0.0
-0.1451849507921685,1,0.85,1.0,0.0
1.0079027460158236,1,0.85,1.0,0.0
0.977952416228603,1,0.85,1.0,0.0
0.9255393391009673,1,0.85,1.0,0.0
-0.1451849507921685,1,0.85,1.0,0.0
-0.1451849507921685,1,0.85,1.0,0.0
-0.1451849507921685,1,0.85,1.0,0.0
-0.1451849507921685,1,0.85,1.0,0.0
-0.1451849507921685,1,0.85,1.0,0.0
-0.1451849507921685,1,0.85,1.0,0.0
-0.1451849507921685,1,0.85,1.0,0.0
-0.1451849507921685,1,0.85,1.0,0.0
-0.1451849507921685,1,0.85,1.0,0.0
-0.1451849507921685,1,0.85,1.0,0.0
-0.1451849507921685,1,0.85,1.0,0.0
-0.1451849507921685,1,0.85,1.0,0.0
-0.1451849507921685,1,0.85,1.0,0.0
-0.1451849507921685,1,0.85,1.0,0.0
-0.1451849507921685,1,0.85,1.0,0.0
-0.1451849507921685,1,0.85,1.0,0.0
-0.1451849507921685,1,0.85,1.0,0.0
-0.1451849507921685,1,0.85,1.0,0.0
-0.1451849507921685,1,0.85,1.0,0.0
-0.1451849507921685,1,0.85,1.0,0.0
-0.1451849507921685,1,0.85,1.0,0.0
-0.1451849507921685,1,0.85,1.0,0.0
-0.1451849507921685,1,0.85,1.0,0.0
-0.1451849507921685,1,0.85,1.0,0.0
-0.1451849507921685,1,0.85,1.0,0.0
-0.1451849507921685,1,0.85,1.0,0.0
-0.1451849507921685,1,0.85,1.0,0.0
-0.1451849507921685,1,0.85,1.0,0.0
-0.1451849507921685,1,0.85,1.0,0.0
-0.1451849507921685,1,0.85,1.0,0.0
-0.1451849507921685,1,0.85,1.0,0.0
-0.1451849507921685,1,0.85,1.0,0.0
-0.1451849507921685,1,0.85,1.0,0.0
-0.1451849507921685,1,0.85,1.0,0.0
-0.1451849507921685,1,0.85,1.0,0.0
-0.1451849507921685,1,0.85,1.0,0.0
-0.1451849507921685,1,0.85,1.0,0.0
-0.1451849507921685,1,0.85,1.0,0.0
1.0678034055902648,1,0.85,1.0,0.0
0.9255393391009673,1,0.85,1.0,0.0
0.9255393391009673,1,0.85,1.0,0.0
0.9105641742073568,1,0.85,1.0,0.0
-0.1451849507921685,1,0.85,1.0,0.0
-0.1451849507921685,1,0.85,1.0,0.0
-0.1451849507921685,1,0.85,1.0,0.0
-0.1451849507921685,1,0.85,1.0,0.0
-0.1451849507921685,1,0.85,1.0,0.0
-0.1451849507921685,1,0.85,1.0,0.0
-0.1451849507921685,1,0.85,1.0,0.0
-0.1451849507921685,1,0.85,1.0,0.0
-0.1451849507921685,1,0.85,1.0,0.0
-0.1451849507921685,1,0.85,1.0,0.0
-0.1451849507921685,1,0.85,1.0,0.0
-0.1451849507921685,1,0.85,1.0,0.0
-0.1451849507921685,1,0.85,1.0,0.0
-0.1451849507921685,1,0.85,1.0,0.0
-0.1451849507921685,1,0.85,1.0,0.0
-0.1451849507921685,1,0.85,1.0,0.0
-0.1451849507921685,1,0.85,1.0,0.0
-0.1451849507921685,1,0.85,1.0,0.0
-0.1451849507921685,1,0.85,1.0,0.0
-0.1451849507921685,1,0.85,1.0,0.0
-0.1451849507921685,1,0.85,1.0,0.0
-0.1451849507921685,1,0.85,1.0,0.0
-0.1451849507921685,1,0.85,1.0,0.0
-0.1451849507921685,1,0.85,1.0,0.0
-0.1451849507921685,1,0.85,1.0,0.0
-0.1451849507921685,1,0.85,1.0,0.0
-0.1451849507921685,1,0.85,1.0,0.0
-0.1451849507921685,1,0.85,1.0,0.0
-0.1451849507921685,1,0.85,1.0,0.0
-0.1451849507921685,1,0.85,1.0,0.0
-0.1451849507921685,1,0.85,1.0,0.0
-0.1451849507921685,1,0.85,1.0,0.0
-0.1451849507921685,1,0.85,1.0,0.0
-0.1451849507921685,1,0.85,1.0,0.0
-0.1451849507921685,1,0.85,1.0,0.0
-0.1451849507921685,1,0.85,1.0,0.0
-0.1451849507921685,1,0.85,1.0,0.0
-0.1451849507921685,1,0.85,1.0,0.0
-0.1451849507921685,1,0.85,1.0,0.0
1.0453406582498492,1,0.85,1.0,0.0
1.0453406582498492,1,0.85,1.0,0.0
0.9704648337817978,1,0.85,1.0,0.0
0.9255393391009673,1,0.85,1.0,0.0
0.9180517566541619,1,0.85,1.0,0.0
0.9105641742073568,1,0.85,1.0,0.0
-0.1451849507921685,1,0.85,1.0,0.0
-0.1451849507921685,1,0.85,1.0,0.0
-0.1451849507921685,1,0.85,1.0,0.0
-0.1451849507921685,1,0.85,1.0,0.0
-0.1451849507921685,1,0.85,1.0,0.0
-0.1451849507921685,1,0.85,1.0,0.0
-0.1451849507921685,1,0.85,1.0,0.0
-0.1451849507921685,1,0.85,1.0,0.0
-0.1451849507921685,1,0.85,1.0,0.0
-0.1451849507921685,1,0.85,1.0,0.0
-0.1451849507921685,1,0.85,1.0,0.0
-0.1451849507921685,1,0.85,1.0,0.0
-0.1451849507921685,1,0.85,1.0,0.0
-0.1451849507921685,1,0.85,1.0,0.0
-0.1451849507921685,1,0.85,1.0,0.0
-0.1451849507921685,1,0.85,1.0,0.0
-0.1451849507921685,1,0.85,1.0,0.0
-0.1451849507921685,1,0.85,1.0,0.0
-0.1451849507921685,1,0.85,1.0,0.0
-0.1451849507921685,1,0.85,1.0,0.0
-0.1451849507921685,1,0.85,1.0,0.0
-0.1451849507921685,1,0.85,1.0,0.0
-0.1451849507921685,1,0.85,1.0,0.0
-0.1451849507921685,1,0.85,1.0,0.0
-0.1451849507921685,1,0.85,1.0,0.0
-0.1451849507921685,1,0.85,1.0,0.0
-0.1451849507921685,1,0.85,1.0,0.0
-0.1451849507921685,1,0.85,1.0,0.0
-0.1451849507921685,1,0.85,1.0,0.0
-0.1451849507921685,1,0.85,1.0,0.0
-0.1451849507921685,1,0.85,1.0,0.0
-0.1451849507921685,1,0.85,1.0,0.0
-0.1451849507921685,1,0.85,1.0,0.0
-0.1451849507921685,1,0.85,1.0,0.0
-0.1451849507921685,1,0.85,1.0,0.0
-0.1451849507921685,1,0.85,1.0,0.0
-0.1451849507921685,1,0.85,1.0,0.0
-0.1451849507921685,1,0.85,1.0,0.0
-0.1451849507921685,1,0.85,1.0,0.0
1.0603158231434595,1,0.85,1.0,0.0
0.9330269215477724,1,0.85,1.0,0.0
0.9105641742073568,1,0.85,1.0,0.0
-0.1451849507921685,1,0.85,1.0,0.0
-0.1451849507921685,1,0.85,1.0,0.0
-0.1451849507921685,1,0.85,1.0,0.0
-0.1451849507921685,1,0.85,1.0,0.0
-0.1451849507921685,1,0.85,1.0,0.0
-0.1451849507921685,1,0.85,1.0,0.0
-0.1451849507921685,1,0.85,1.0,0.0
-0.1451849507921685,1,0.85,1.0,0.0
-0.1451849507921685,1,0.85,1.0,0.0
-0.1451849507921685,1,0.85,1.0,0.0
-0.1451849507921685,1,0.85,1.0,0.0
-0.1451849507921685,1,0.85,1.0,0.0
-0.1451849507921685,1,0.85,1.0,0.0
-0.1451849507921685,1,0.85,1.0,0.0
-0.1451849507921685,1,0.85,1.0,0.0
-0.1451849507921685,1,0.85,1.0,0.0
-0.1451849507921685,1,0.85,1.0,0.0
-0.1451849507921685,1,0.85,1.0,0.0
-0.1451849507921685,1,0.85,1.0,0.0
-0.1451849507921685,1,0.85,1.0,0.0
-0.1451849507921685,1,0.85,1.0,0.0
-0.1451849507921685,1,0.85,1.0,0.0
-0.1451849507921685,1,0.85,1.0,0.0
-0.1451849507921685,1,0.85,1.0,0.0
-0.1451849507921685,1,0.85,1.0,0.0
-0.1451849507921685,1,0.85,1.0,0.0
-0.1451849507921685,1,0.85,1.0,0.0
-0.1451849507921685,1,0.85,1.0,0.0
-0.1451849507921685,1,0.85,1.0,0.0
-0.1451849507921685,1,0.85,1.0,0.0
-0.1451849507921685,1,0.85,1.0,0.0
-0.1451849507921685,1,0.85,1.0,0.0
-0.1451849507921685,1,0.85,1.0,0.0
-0.1451849507921685,1,0.85,1.0,0.0
-0.1451849507921685,1,0.85,1.0,0.0
-0.1451849507921685,1,0.85,1.0,0.0
-0.1451849507921685,1,0.85,1.0,0.0
-0.1451849507921685,1,0.85,1.0,0.0
-0.1451849507921685,1,0.85,1.0,0.0
-0.1451849507921685,1,0.85,1.0,0.0
-0.1451849507921685,1,0.85,1.0,0.0
-0.1451849507921685,1,0.85,1.0,0.0
0.9480020864413825,1,0.85,1.0,0.0
0.9480020864413825,1,0.85,1.0,0.0
0.9105641742073568,1,0.85,1.0,0.0
0.9105641742073568,1,0.85,1.0,0.0
0.9030765917605517,1,0.85,1.0,0.0
-0.1451849507921685,1,0.85,1.0,0.0
-0.1451849507921685,1,0.85,1.0,0.0
-0.1451849507921685,1,0.85,1.0,0.0
-0.1451849507921685,1,0.85,1.0,0.0
-0.1451849507921685,1,0.85,1.0,0.0
-0.1451849507921685,1,0.85,1.0,0.0
-0.1451849507921685,1,0.85,1.0,0.0
-0.1451849507921685,1,0.85,1.0,0.0
-0.1451849507921685,1,0.85,1.0,0.0
-0.1451849507921685,1,0.85,1.0,0.0
-0.1451849507921685,1,0.85,1.0,0.0
-0.1451849507921685,1,0.85,1.0,0.0
-0.1451849507921685,1,0.85,1.0,0.0
-0.1451849507921685,1,0.85,1.0,0.0
-0.1451849507921685,1,0.85,1.0,0.0
-0.1451849507921685,1,0.85,1.0,0.0
-0.1451849507921685,1,0.85,1.0,0.0
-0.1451849507921685,1,0.85,1.0,0.0
-0.1451849507921685,1,0.85,1.0,0.0
-0.1451849507921685,1,0.85,1.0,0.0
-0.1451849507921685,1,0.85,1.0,0.0
-0.1451849507921685,1,0.85,1.0,0.0
-0.1451849507921685,1,0.85,1.0,0.0
-0.1451849507921685,1,0.85,1.0,0.0
-0.1451849507921685,1,0.85,1.0,0.0
-0.1451849507921685,1,0.85,1.0,0.0
-0.1451849507921685,1,0.85,1.0,0.0
-0.1451849507921685,1,0.85,1.0,0.0
-0.1451849507921685,1,0.85,1.0,0.0
-0.1451849507921685,1,0.85,1.0,0.0
-0.1451849507921685,1,0.85,1.0,0.0
-0.1451849507921685,1,0.85,1.0,0.0
-0.1451849507921685,1,0.85,1.0,0.0
-0.1451849507921685,1,0.85,1.0,0.0
-0.1451849507921685,1,0.85,1.0,0.0
-0.1451849507921685,1,0.85,1.0,0.0
-0.1451849507921685,1,0.85,1.0,0.0
-0.1451849507921685,1,0.85,1.0,0.0
-0.1451849507921685,1,0.85,1.0,0.0
1.0603158231434595,1,0.85,1.0,0.0
0.9255393391009673,1,0.85,1.0,0.0
0.9105641742073568,1,0.85,1.0,0.0
0.9105641742073568,1,0.85,1.0,0.0
-0.1451849507921685,1,0.85,1.0,0.0
-0.1451849507921685,1,0.85,1.0,0.0
-0.1451849507921685,1,0.85,1.0,0.0
-0.1451849507921685,1,0.85,1.0,0.0
-0.1451849507921685,1,0.85,1.0,0.0
-0.1451849507921685,1,0.85,1.0,0.0
-0.1451849507921685,1,0.85,1.0,0.0
-0.1451849507921685,1,0.85,1.0,0.0
-0.1451849507921685,1,0.85,1.0,0.0
-0.1451849507921685,1,0.85,1.0,0.0
-0.1451849507921685,1,0.85,1.0,0.0
-0.1451849507921685,1,0.85,1.0,0.0
-0.1451849507921685,1,0.85,1.0,0.0
-0.1451849507921685,1,0.85,1.0,0.0
-0.1451849507921685,1,0.85,1.0,0.0
-0.1451849507921685,1,0.85,1.0,0.0
-0.1451849507921685,1,0.85,1.0,0.0
-0.1451849507921685,1,0.85,1.0,0.0
-0.1451849507921685,1,0.85,1.0,0.0
-0.1451849507921685,1,0.85,1.0,0.0
-0.1451849507921685,1,0.85,1.0,0.0
-0.1451849507921685,1,0.85,1.0,0.0
-0.1451849507921685,1,0.85,1.0,0.0
-0.1451849507921685,1,0.85,1.0,0.0
-0.1451849507921685,1,0.85,1.0,0.0
-0.1451849507921685,1,0.85,1.0,0.0
-0.1451849507921685,1,0.85,1.0,0.0
-0.1451849507921685,1,0.85,1.0,0.0
-0.1451849507921685,1,0.85,1.0,0.0
-0.1451849507921685,1,0.85,1.0,0.0
-0.1451849507921685,1,0.85,1.0,0.0
-0.1451849507921685,1,0.85,1.0,0.0
-0.1451849507921685,1,0.85,1.0,0.0
-0.1451849507921685,1,0.85,1.0,0.0
-0.1451849507921685,1,0.85,1.0,0.0
-0.1451849507921685,1,0.85,1.0,0.0
-0.1451849507921685,1,0.85,1.0,0.0
-0.1451849507921685,1,0.85,1.0,0.0
-0.1451849507921685,1,0.85,1.0,0.0
-0.1451849507921685,1,0.85,1.0,0.0
-0.1451849507921685,1,0.85,1.0,0.0
1.0453406582498492,1,0.85,1.0,0.0
0.9629772513349929,1,0.85,1.0,0.0
0.9105641742073568,1,0.85,1.0,0.0
0.9105641742073568,1,0.85,1.0,0.0
-0.1451849507921685,1,0.85,1.0,0.0
-0.1451849507921685,1,0.85,1.0,0.0
-0.1451849507921685,1,0.85,1.0,0.0
-0.1451849507921685,1,0.85,1.0,0.0
-0.1451849507921685,1,0.85,1.0,0.0
-0.1451849507921685,1,0.85,1.0,0.0
-0.1451849507921685,1,0.85,1.0,0.0
-0.1451849507921685,1,0.85,1.0,0.0
-0.1451849507921685,1,0.85,1.0,0.0
-0.1451849507921685,1,0.85,1.0,0.0
-0.1451849507921685,1,0.85,1.0,0.0
-0.1451849507921685,1,0.85,1.0,0.0
-0.1451849507921685,1,0.85,1.0,0.0
-0.1451849507921685,1,0.85,1.0,0.0
-0.1451849507921685,1,0.85,1.0,0.0
-0.1451849507921685,1,0.85,1.0,0.0
-0.1451849507921685,1,0.85,1.0,0.0
-0.1451849507921685,1,0.85,1.0,0.0
-0.1451849507921685,1,0.85,1.0,0.0
-0.1451849507921685,1,0.85,1.0,0.0
-0.1451849507921685,1,0.85,1.0,0.0
-0.1451849507921685,1,0.85,1.0,0.0
-0.1451849507921685,1,0.85,1.0,0.0
-0.1451849507921685,1,0.85,1.0,0.0
-0.1451849507921685,1,0.85,1.0,0.0
-0.1451849507921685,1,0.85,1.0,0.0
-0.1451849507921685,1,0.85,1.0,0.0
-0.1451849507921685,1,0.85,1.0,0.0
-0.1451849507921685,1,0.85,1.0,0.0
-0.1451849507921685,1,0.85,1.0,0.0
-0.1451849507921685,1,0.85,1.0,0.0
-0.1451849507921685,1,0.85,1.0,0.0
-0.1451849507921685,1,0.85,1.0,0.0
-0.1451849507921685,1,0.85,1.0,0.0
-0.1451849507921685,1,0.85,1.0,0.0
-0.1451849507921685,1,0.85,1.0,0.0
-0.1451849507921685,1,0.85,1.0,0.0
-0.1451849507921685,1,0.85,1.0,0.0
-0.1451849507921685,1,0.85,1.0,0.0
-0.1451849507921685,1,0.85,1.0,0.0
-0.1451849507921685,1,0.85,1.0,0.0
1.0528282406966545,1,0.85,1.0,0.0
1.0528282406966545,1,0.85,1.0,0.0
0.9480020864413825,1,0.85,1.0,0.0
0.9105641742073568,1,0.85,1.0,0.0
0.9105641742073568,1,0.85,1.0,0.0
0.8955890093137465,1,0.85,1.0,0.0
-0.1451849507921685,1,0.85,1.0,0.0
-0.1451849507921685,1,0.85,1.0,0.0
-0.1451849507921685,1,0.85,1.0,0.0
-0.1451849507921685,1,0.85,1.0,0.0
-0.1451849507921685,1,0.85,1.0,0.0
-0.1451849507921685,1,0.85,1.0,0.0
-0.1451849507921685,1,0.85,1.0,0.0
-0.1451849507921685,1,0.85,1.0,0.0
-0.1451849507921685,1,0.85,1.0,0.0
-0.1451849507921685,1,0.85,1.0,0.0
-0.1451849507921685,1,0.85,1.0,0.0
-0.1451849507921685,1,0.85,1.0,0.0
-0.1451849507921685,1,0.85,1.0,0.0
-0.1451849507921685,1,0.85,1.0,0.0
-0.1451849507921685,1,0.85,1.0,0.0
-0.1451849507921685,1,0.85,1.0,0.0
-0.1451849507921685,1,0.85,1.0,0.0
-0.1451849507921685,1,0.85,1.0,0.0
-0.1451849507921685,1,0.85,1.0,0.0
-0.1451849507921685,1,0.85,1.0,0.0
-0.1451849507921685,1,0.85,1.0,0.0
-0.1451849507921685,1,0.85,1.0,0.0
-0.1451849507921685,1,0.85,1.0,0.0
-0.1451849507921685,1,0.85,1.0,0.0
-0.1451849507921685,1,0.85,1.0,0.0
-0.1451849507921685,1,0.85,1.0,0.0
-0.1451849507921685,1,0.85,1.0,0.0
-0.1451849507921685,1,0.85,1.0,0.0
-0.1451849507921685,1,0.85,1.0,0.0
-0.1451849507921685,1,0.85,1.0,0.0
-0.1451849507921685,1,0.85,1.0,0.0
-0.1451849507921685,1,0.85,1.0,0.0
-0.1451849507921685,1,0.85,1.0,0.0
-0.1451849507921685,1,0.85,1.0,0.0
-0.1451849507921685,1,0.85,1.0,0.0
-0.1451849507921685,1,0.85,1.0,0.0
-0.1451849507921685,1,0.85,1.0,0.0
-0.1451849507921685,1,0.85,1.0,0.0
-0.1451849507921685,1,0.85,1.0,0.0
-0.1451849507921685,1,0.85,1.0,0.0
1.0528282406966545,1,0.85,1.0,0.0
0.9330269215477724,1,0.85,1.0,0.0
0.8955890093137465,1,0.85,1.0,0.0
0.8955890093137465,1,0.85,1.0,0.0
-0.1451849507921685,1,0.85,1.0,0.0
-0.1451849507921685,1,0.85,1.0,0.0
-0.1451849507921685,1,0.85,1.0,0.0
-0.1451849507921685,1,0.85,1.0,0.0
-0.1451849507921685,1,0.85,1.0,0.0
-0.1451849507921685,1,0.85,1.0,0.0
-0.1451849507921685,1,0.85,1.0,0.0
-0.1451849507921685,1,0.85,1.0,0.0
-0.1451849507921685,1,0.85,1.0,0.0
-0.1451849507921685,1,0.85,1.0,0.0
-0.1451849507921685,1,0.85,1.0,0.0
-0.1451849507921685,1,0.85,1.0,0.0
-0.1451849507921685,1,0.85,1.0,0.0
-0.1451849507921685,1,0.85,1.0,0.0
-0.1451849507921685,1,0.85,1.0,0.0
-0.1451849507921685,1,0.85,1.0,0.0
-0.1451849507921685,1,0.85,1.0,0.0
-0.1451849507921685,1,0.85,1.0,0.0
-0.1451849507921685,1,0.85,1.0,0.0
-0.1451849507921685,1,0.85,1.0,0.0
-0.1451849507921685,1,0.85,1.0,0.0
-0.1451849507921685,1,0.85,1.0,0.0
-0.1451849507921685,1,0.85,1.0,0.0
-0.1451849507921685,1,0.85,1.0,0.0
-0.1451849507921685,1,0.85,1.0,0.0
-0.1451849507921685,1,0.85,1.0,0.0
-0.1451849507921685,1,0.85,1.0,0.0
-0.1451849507921685,1,0.85,1.0,0.0
-0.1451849507921685,1,0.85,1.0,0.0
-0.1451849507921685,1,0.85,1.0,0.0
-0.1451849507921685,1,0.85,1.0,0.0
-0.1451849507921685,1,0.85,1.0,0.0
-0.1451849507921685,1,0.85,1.0,0.0
-0.1451849507921685,1,0.85,1.0,0.0
-0.1451849507921685,1,0.85,1.0,0.0
-0.1451849507921685,1,0.85,1.0,0.0
-0.1451849507921685,1,0.85,1.0,0.0
-0.1451849507921685,1,0.85,1.0,0.0
-0.1451849507921685,1,0.85,1.0,0.0
-0.1451849507921685,1,0.85,1.0,0.0
-0.1451849507921685,1,0.85,1.0,0.0
-0.1451849507921685,1,0.85,1.0,0.0
1.0153903284626287,1,0.85,1.0,0.0
0.9105641742073568,1,0.85,1.0,0.0
0.9030765917605517,1,0.85,1.0,0.0
0.9030765917605517,1,0.85,1.0,0.0
0.8881014268669414,1,0.85,1.0,0.0
-0.1451849507921685,1,0.85,1.0,0.0
-0.1451849507921685,1,0.85,1.0,0.0
-0.1451849507921685,1,0.85,1.0,0.0
-0.1451849507921685,1,0.85,1.0,0.0
-0.1451849507921685,1,0.85,1.0,0.0
-0.1451849507921685,1,0.85,1.0,0.0
-0.1451849507921685,1,0.85,1.0,0.0
-0.1451849507921685,1,0.85,1.0,0.0
-0.1451849507921685,1,0.85,1.0,0.0
-0.1451849507921685,1,0.85,1.0,0.0
-0.1451849507921685,1,0.85,1.0,0.0
-0.1451849507921685,1,0.85,1.0,0.0
-0.1451849507921685,1,0.85,1.0,0.0
-0.1451849507921685,1,0.85,1.0,0.0
-0.1451849507921685,1,0.85,1.0,0.0
-0.1451849507921685,1,0.85,1.0,0.0
-0.1451849507921685,1,0.85,1.0,0.0
-0.1451849507921685,1,0.85,1.0,0.0
-0.1451849507921685,1,0.85,1.0,0.0
-0.1451849507921685,1,0.85,1.0,0.0
-0.1451849507921685,1,0.85,1.0,0.0
-0.1451849507921685,1,0.85,1.0,0.0
-0.1451849507921685,1,0.85,1.0,0.0
-0.1451849507921685,1,0.85,1.0,0.0
-0.1451849507921685,1,0.85,1.0,0.0
-0.1451849507921685,1,0.85,1.0,0.0
-0.1451849507921685,1,0.85,1.0,0.0
-0.1451849507921685,1,0.85,1.0,0.0
-0.1451849507921685,1,0.85,1.0,0.0
-0.1451849507921685,1,0.85,1.0,0.0
-0.1451849507921685,1,0.85,1.0,0.0
-0.1451849507921685,1,0.85,1.0,0.0
-0.1451849507921685,1,0.85,1.0,0.0
-0.1451849507921685,1,0.85,1.0,0.0
-0.1451849507921685,1,0.85,1.0,0.0
-0.1451849507921685,1,0.85,1.0,0.0
-0.1451849507921685,1,0.85,1.0,0.0
-0.1451849507921685,1,0.85,1.0,0.0
-0.1451849507921685,1,0.85,1.0,0.0
0.9480020864413825,1,0.85,1.0,0.0
0.977952416228603,1,0.85,1.0,0.0
0.9180517566541619,1,0.85,1.0,0.0
-0.1451849507921685,1,0.85,1.0,0.0
-0.1451849507921685,1,0.85,1.0,0.0
-0.1451849507921685,1,0.85,1.0,0.0
-0.1451849507921685,1,0.85,1.0,0.0
-0.1451849507921685,1,0.85,1.0,0.0
-0.1451849507921685,1,0.85,1.0,0.0
-0.1451849507921685,1,0.85,1.0,0.0
-0.1451849507921685,1,0.85,1.0,0.0
-0.1451849507921685,1,0.85,1.0,0.0
-0.1451849507921685,1,0.85,1.0,0.0
-0.1451849507921685,1,0.85,1.0,0.0
-0.1451849507921685,1,0.85,1.0,0.0
-0.1451849507921685,1,0.85,1.0,0.0
-0.1451849507921685,1,0.85,1.0,0.0
-0.1451849507921685,1,0.85,1.0,0.0
0.6410112061223716,1,0.85,1.0,0.0
0.6410112061223716,1,0.85,1.0,0.0
0.6410112061223716,1,0.85,1.0,0.0
0.6410112061223716,1,0.85,1.0,0.0
0.6410112061223716,1,0.85,1.0,0.0
0.6335236236755666,1,0.85,1.0,0.0
0.6335236236755666,1,0.85,1.0,0.0
0.6335236236755666,1,0.85,1.0,0.0
0.6335236236755666,1,0.85,1.0,0.0
0.6260360412287614,1,0.85,1.0,0.0
0.6335236236755666,1,0.85,1.0,0.0
0.6335236236755666,1,0.85,1.0,0.0
0.6335236236755666,1,0.85,1.0,0.0
0.6335236236755666,1,0.85,1.0,0.0
0.6335236236755666,1,0.85,1.0,0.0
0.6335236236755666,1,0.85,1.0,0.0
0.6335236236755666,1,0.85,1.0,0.0
0.6335236236755666,1,0.85,1.0,0.0
0.6335236236755666,1,0.85,1.0,0.0
0.6335236236755666,1,0.85,1.0,0.0
0.6335236236755666,1,0.85,1.0,0.0
0.6335236236755666,1,0.85,1.0,0.0
0.6335236236755666,1,0.85,1.0,0.0
0.6335236236755666,1,0.85,1.0,0.0
0.6335236236755666,1,0.85,1.0,0.0
0.6260360412287614,1,0.85,1.0,0.0
0.6335236236755666,1,0.85,1.0,0.0
1.7267106609091174,1,0.85,1.0,0.0
1.7267106609091174,1,0.85,1.0,0.0
1.6892727486750916,1,0.85,1.0,0.0
1.6817851662282866,1,0.85,1.0,0.0
1.6817851662282866,1,0.85,1.0,0.0
0.6260360412287614,1,0.85,1.0,0.0
0.6260360412287614,1,0.85,1.0,0.0
0.6410112061223716,1,0.85,1.0,0.0
0.6410112061223716,1,0.85,1.0,0.0
0.6410112061223716,1,0.85,1.0,0.0
0.6410112061223716,1,0.85,1.0,0.0
0.6410112061223716,1,0.85,1.0,0.0
0.6410112061223716,1,0.85,1.0,0.0
0.6410112061223716,1,0.85,1.0,0.0
0.6410112061223716,1,0.85,1.0,0.0
0.6410112061223716,1,0.85,1.0,0.0
0.6410112061223716,1,0.85,1.0,0.0
0.6410112061223716,1,0.85,1.0,0.0
0.6410112061223716,1,0.85,1.0,0.0
0.6410112061223716,1,0.85,1.0,0.0
0.6410112061223716,1,0.85,1.0,0.0
0.6410112061223716,1,0.85,1.0,0.0
0.6410112061223716,1,0.85,1.0,0.0
0.6410112061223716,1,0.85,1.0,0.0
0.6410112061223716,1,0.85,1.0,0.0
0.6410112061223716,1,0.85,1.0,0.0
0.6410112061223716,1,0.85,1.0,0.0
0.6410112061223716,1,0.85,1.0,0.0
0.6410112061223716,1,0.85,1.0,0.0
0.6410112061223716,1,0.85,1.0,0.0
0.6410112061223716,1,0.85,1.0,0.0
0.6410112061223716,1,0.85,1.0,0.0
0.6410112061223716,1,0.85,1.0,0.0
0.6410112061223716,1,0.85,1.0,0.0
0.6410112061223716,1,0.85,1.0,0.0
0.6410112061223716,1,0.85,1.0,0.0
0.6410112061223716,1,0.85,1.0,0.0
1.8240492327175843,1,0.85,1.0,0.0
1.7042479135687019,1,0.85,1.0,0.0
1.696760331121897,1,0.85,1.0,0.0
1.6892727486750916,1,0.85,1.0,0.0
0.6335236236755666,1,0.85,1.0,0.0
0.6335236236755666,1,0.85,1.0,0.0
0.6335236236755666,1,0.85,1.0,0.0
0.6410112061223716,1,0.85,1.0,0.0
0.6410112061223716,1,0.85,1.0,0.0
0.6410112061223716,1,0.85,1.0,0.0
0.6335236236755666,1,0.85,1.0,0.0
0.6335236236755666,1,0.85,1.0,0.0
0.6335236236755666,1,0.85,1.0,0.0
0.6335236236755666,1,0.85,1.0,0.0
0.6410112061223716,1,0.85,1.0,0.0
0.6335236236755666,1,0.85,1.0,0.0
0.6410112061223716,1,0.85,1.0,0.0
0.6410112061223716,1,0.85,1.0,0.0
0.6410112061223716,1,0.85,1.0,0.0
0.6335236236755666,1,0.85,1.0,0.0
0.6335236236755666,1,0.85,1.0,0.0
0.6335236236755666,1,0.85,1.0,0.0
0.6335236236755666,1,0.85,1.0,0.0
0.6410112061223716,1,0.85,1.0,0.0
0.6410112061223716,1,0.85,1.0,0.0
0.6410112061223716,1,0.85,1.0,0.0
0.6410112061223716,1,0.85,1.0,0.0
0.6335236236755666,1,0.85,1.0,0.0
0.6335236236755666,1,0.85,1.0,0.0
0.6335236236755666,1,0.85,1.0,0.0
0.6335236236755666,1,0.85,1.0,0.0
0.6410112061223716,1,0.85,1.0,0.0
0.6335236236755666,1,0.85,1.0,0.0
0.6335236236755666,1,0.85,1.0,0.0
0.6335236236755666,1,0.85,1.0,0.0
0.6410112061223716,1,0.85,1.0,0.0
0.6410112061223716,1,0.85,1.0,0.0
0.6335236236755666,1,0.85,1.0,0.0
0.6335236236755666,1,0.85,1.0,0.0
0.6335236236755666,1,0.85,1.0,0.0
0.6335236236755666,1,0.85,1.0,0.0
1.8090740678239738,1,0.85,1.0,0.0
1.6817851662282866,1,0.85,1.0,0.0
1.6817851662282866,1,0.85,1.0,0.0
1.6742975837814813,1,0.85,1.0,0.0
0.6335236236755666,1,0.85,1.0,0.0
0.6260360412287614,1,0.85,1.0,0.0
0.6260360412287614,1,0.85,1.0,0.0
0.6260360412287614,1,0.85,1.0,0.0
0.6335236236755666,1,0.85,1.0,0.0
0.6335236236755666,1,0.85,1.0,0.0
0.6335236236755666,1,0.85,1.0,0.0
0.6335236236755666,1,0.85,1.0,0.0
0.6335236236755666,1,0.85,1.0,0.0
0.6410112061223716,1,0.85,1.0,0.0
0.6335236236755666,1,0.85,1.0,0.0
0.6335236236755666,1,0.85,1.0,0.0
0.6335236236755666,1,0.85,1.0,0.0
0.6335236236755666,1,0.85,1.0,0.0
0.6335236236755666,1,0.85,1.0,0.0
0.6335236236755666,1,0.85,1.0,0.0
0.6335236236755666,1,0.85,1.0,0.0
0.6335236236755666,1,0.85,1.0,0.0
0.6335236236755666,1,0.85,1.0,0.0
0.6335236236755666,1,0.85,1.0,0.0
0.6410112061223716,1,0.85,1.0,0.0
0.6335236236755666,1,0.85,1.0,0.0
0.6335236236755666,1,0.85,1.0,0.0
0.6335236236755666,1,0.85,1.0,0.0
0.6335236236755666,1,0.85,1.0,0.0
0.6335236236755666,1,0.85,1.0,0.0
0.6335236236755666,1,0.85,1.0,0.0
0.6335236236755666,1,0.85,1.0,0.0
0.6335236236755666,1,0.85,1.0,0.0
0.6335236236755666,1,0.85,1.0,0.0
0.6335236236755666,1,0.85,1.0,0.0
0.6335236236755666,1,0.85,1.0,0.0
0.6335236236755666,1,0.85,1.0,0.0
0.6335236236755666,1,0.85,1.0,0.0
0.6335236236755666,1,0.85,1.0,0.0
0.6335236236755666,1,0.85,1.0,0.0
0.6335236236755666,1,0.85,1.0,0.0
0.6335236236755666,1,0.85,1.0,0.0
1.7491734082495327,1,0.85,1.0,0.0
1.7491734082495327,1,0.85,1.0,0.0
1.7042479135687019,1,0.85,1.0,0.0
1.7042479135687019,1,0.85,1.0,0.0
1.6892727486750916,1,0.85,1.0,0.0
0.6335236236755666,1,0.85,1.0,0.0
0.6335236236755666,1,0.85,1.0,0.0
0.6335236236755666,1,0.85,1.0,0.0
0.6335236236755666,1,0.85,1.0,0.0
0.6335236236755666,1,0.85,1.0,0.0
0.6335236236755666,1,0.85,1.0,0.0
0.6335236236755666,1,0.85,1.0,0.0
0.6335236236755666,1,0.85,1.0,0.0
0.6335236236755666,1,0.85,1.0,0.0
0.6335236236755666,1,0.85,1.0,0.0
0.6335236236755666,1,0.85,1.0,0.0
0.6335236236755666,1,0.85,1.0,0.0
0.6335236236755666,1,0.85,1.0,0.0
0.6335236236755666,1,0.85,1.0,0.0
0.6335236236755666,1,0.85,1.0,0.0
0.6335236236755666,1,0.85,1.0,0.0
0.6335236236755666,1,0.85,1.0,0.0
0.6335236236755666,1,0.85,1.0,0.0
0.6335236236755666,1,0.85,1.0,0.0
0.6335236236755666,1,0.85,1.0,0.0
0.6335236236755666,1,0.85,1.0,0.0
0.6335236236755666,1,0.85,1.0,0.0
0.6335236236755666,1,0.85,1.0,0.0
0.6335236236755666,1,0.85,1.0,0.0
0.6335236236755666,1,0.85,1.0,0.0
0.6335236236755666,1,0.85,1.0,0.0
0.6335236236755666,1,0.85,1.0,0.0
0.6335236236755666,1,0.85,1.0,0.0
0.6335236236755666,1,0.85,1.0,0.0
0.6335236236755666,1,0.85,1.0,0.0
0.6335236236755666,1,0.85,1.0,0.0
0.6335236236755666,1,0.85,1.0,0.0
0.6335236236755666,1,0.85,1.0,0.0
0.6335236236755666,1,0.85,1.0,0.0
0.6335236236755666,1,0.85,1.0,0.0
0.6335236236755666,1,0.85,1.0,0.0
0.6335236236755666,1,0.85,1.0,0.0
0.6335236236755666,1,0.85,1.0,0.0
0.6335236236755666,1,0.85,1.0,0.0
1.853999562504805,1,0.85,1.0,0.0
1.7267106609091174,1,0.85,1.0,0.0
1.7042479135687019,1,0.85,1.0,0.0
1.7042479135687019,1,0.85,1.0,0.0
1.6892727486750916,1,0.85,1.0,0.0
0.6335236236755666,1,0.85,1.0,0.0
0.6335236236755666,1,0.85,1.0,0.0
0.6335236236755666,1,0.85,1.0,0.0
0.6335236236755666,1,0.85,1.0,0.0
0.6335236236755666,1,0.85,1.0,0.0
0.6335236236755666,1,0.85,1.0,0.0
0.6410112061223716,1,0.85,1.0,0.0
0.6335236236755666,1,0.85,1.0,0.0
0.6335236236755666,1,0.85,1.0,0.0
0.6335236236755666,1,0.85,1.0,0.0
0.6335236236755666,1,0.85,1.0,0.0
0.6335236236755666,1,0.85,1.0,0.0
0.6335236236755666,1,0.85,1.0,0.0
0.6335236236755666,1,0.85,1.0,0.0
0.6335236236755666,1,0.85,1.0,0.0
0.6335236236755666,1,0.85,1.0,0.0
0.6335236236755666,1,0.85,1.0,0.0
0.6335236236755666,1,0.85,1.0,0.0
0.6335236236755666,1,0.85,1.0,0.0
0.6335236236755666,1,0.85,1.0,0.0
0.6335236236755666,1,0.85,1.0,0.0
0.6335236236755666,1,0.85,1.0,0.0
0.6335236236755666,1,0.85,1.0,0.0
0.6335236236755666,1,0.85,1.0,0.0
0.6335236236755666,1,0.85,1.0,0.0
0.6335236236755666,1,0.85,1.0,0.0
0.6335236236755666,1,0.85,1.0,0.0
0.6335236236755666,1,0.85,1.0,0.0
0.6335236236755666,1,0.85,1.0,0.0
0.6335236236755666,1,0.85,1.0,0.0
0.6335236236755666,1,0.85,1.0,0.0
0.6335236236755666,1,0.85,1.0,0.0
0.6335236236755666,1,0.85,1.0,0.0
0.6335236236755666,1,0.85,1.0,0.0
0.6335236236755666,1,0.85,1.0,0.0
0.6335236236755666,1,0.85,1.0,0.0
0.6335236236755666,1,0.85,1.0,0.0
0.6335236236755666,1,0.85,1.0,0.0
0.6335236236755666,1,0.85,1.0,0.0
1.8465119800579997,1,0.85,1.0,0.0
1.764148573143143,1,0.85,1.0,0.0
1.7192230784623121,1,0.85,1.0,0.0
0.6335236236755666,1,0.85,1.0,0.0
0.6335236236755666,1,0.85,1.0,0.0
0.6335236236755666,1,0.85,1.0,0.0
0.6335236236755666,1,0.85,1.0,0.0
0.6335236236755666,1,0.85,1.0,0.0
0.6335236236755666,1,0.85,1.0,0.0
0.6335236236755666,1,0.85,1.0,0.0
0.6335236236755666,1,0.85,1.0,0.0
0.6335236236755666,1,0.85,1.0,0.0
0.6335236236755666,1,0.85,1.0,0.0
0.6335236236755666,1,0.85,1.0,0.0
0.6335236236755666,1,0.85,1.0,0.0
0.6335236236755666,1,0.85,1.0,0.0
0.6335236236755666,1,0.85,1.0,0.0
0.6335236236755666,1,0.85,1.0,0.0
0.6335236236755666,1,0.85,1.0,0.0
0.6410112061223716,1,0.85,1.0,0.0
0.6335236236755666,1,0.85,1.0,0.0
0.6335236236755666,1,0.85,1.0,0.0
0.6335236236755666,1,0.85,1.0,0.0
0.6335236236755666,1,0.85,1.0,0.0
0.6335236236755666,1,0.85,1.0,0.0
0.6335236236755666,1,0.85,1.0,0.0
0.6335236236755666,1,0.85,1.0,0.0
0.6335236236755666,1,0.85,1.0,0.0
0.6335236236755666,1,0.85,1.0,0.0
0.6335236236755666,1,0.85,1.0,0.0
0.6335236236755666,1,0.85,1.0,0.0
0.6335236236755666,1,0.85,1.0,0.0
0.6335236236755666,1,0.85,1.0,0.0
0.6335236236755666,1,0.85,1.0,0.0
0.6335236236755666,1,0.85,1.0,0.0
0.6335236236755666,1,0.85,1.0,0.0
0.6335236236755666,1,0.85,1.0,0.0
0.6335236236755666,1,0.85,1.0,0.0
0.6335236236755666,1,0.85,1.0,0.0
0.6335236236755666,1,0.85,1.0,0.0
0.6260360412287614,1,0.85,1.0,0.0
1.86148714495161,1,0.85,1.0,0.0
1.86148714495161,1,0.85,1.0,0.0
1.7416858258027277,1,0.85,1.0,0.0
1.7192230784623121,1,0.85,1.0,0.0
0.6335236236755666,1,0.85,1.0,0.0
0.6335236236755666,1,0.85,1.0,0.0
0.6335236236755666,1,0.85,1.0,0.0
0.6335236236755666,1,0.85,1.0,0.0
0.6335236236755666,1,0.85,1.0,0.0
0.6335236236755666,1,0.85,1.0,0.0
0.6335236236755666,1,0.85,1.0,0.0
0.6335236236755666,1,0.85,1.0,0.0
0.6335236236755666,1,0.85,1.0,0.0
0.6335236236755666,1,0.85,1.0,0.0
0.6335236236755666,1,0.85,1.0,0.0
0.6335236236755666,1,0.85,1.0,0.0
0.6335236236755666,1,0.85,1.0,0.0
0.6335236236755666,1,0.85,1.0,0.0
0.6335236236755666,1,0.85,1.0,0.0
0.6335236236755666,1,0.85,1.0,0.0
0.6335236236755666,1,0.85,1.0,0.0
0.6335236236755666,1,0.85,1.0,0.0
0.6335236236755666,1,0.85,1.0,0.0
0.6335236236755666,1,0.85,1.0,0.0
0.6335236236755666,1,0.85,1.0,0.0
0.6335236236755666,1,0.85,1.0,0.0
0.6335236236755666,1,0.85,1.0,0.0
0.6335236236755666,1,0.85,1.0,0.0
0.6335236236755666,1,0.85,1.0,0.0
0.6335236236755666,1,0.85,1.0,0.0
0.6335236236755666,1,0.85,1.0,0.0
0.6335236236755666,1,0.85,1.0,0.0
0.6335236236755666,1,0.85,1.0,0.0
0.6335236236755666,1,0.85,1.0,0.0
0.6335236236755666,1,0.85,1.0,0.0
0.6335236236755666,1,0.85,1.0,0.0
0.6335236236755666,1,0.85,1.0,0.0
0.6335236236755666,1,0.85,1.0,0.0
0.6335236236755666,1,0.85,1.0,0.0
0.6335236236755666,1,0.85,1.0,0.0
0.6335236236755666,1,0.85,1.0,0.0
0.6335236236755666,1,0.85,1.0,0.0
0.6335236236755666,1,0.85,1.0,0.0
1.8689747273984147,1,0.85,1.0,0.0
1.7416858258027277,1,0.85,1.0,0.0
1.7192230784623121,1,0.85,1.0,0.0
0.6335236236755666,1,0.85,1.0,0.0
0.6335236236755666,1,0.85,1.0,0.0
0.6335236236755666,1,0.85,1.0,0.0
0.6335236236755666,1,0.85,1.0,0.0
0.6335236236755666,1,0.85,1.0,0.0
0.6335236236755666,1,0.85,1.0,0.0
0.6335236236755666,1,0.85,1.0,0.0
0.6335236236755666,1,0.85,1.0,0.0
0.6335236236755666,1,0.85,1.0,0.0
0.6335236236755666,1,0.85,1.0,0.0
0.6335236236755666,1,0.85,1.0,0.0
0.6335236236755666,1,0.85,1.0,0.0
0.6335236236755666,1,0.85,1.0,0.0
0.6335236236755666,1,0.85,1.0,0.0
0.6335236236755666,1,0.85,1.0,0.0
0.6335236236755666,1,0.85,1.0,0.0
0.6260360412287614,1,0.85,1.0,0.0
0.6260360412287614,1,0.85,1.0,0.0
0.6335236236755666,1,0.85,1.0,0.0
0.6335236236755666,1,0.85,1.0,0.0
0.6260360412287614,1,0.85,1.0,0.0
0.6260360412287614,1,0.85,1.0,0.0
0.6335236236755666,1,0.85,1.0,0.0
0.6335236236755666,1,0.85,1.0,0.0
0.6260360412287614,1,0.85,1.0,0.0
0.6260360412287614,1,0.85,1.0,0.0
0.6335236236755666,1,0.85,1.0,0.0
0.6335236236755666,1,0.85,1.0,0.0
0.6335236236755666,1,0.85,1.0,0.0
0.6260360412287614,1,0.85,1.0,0.0
0.6260360412287614,1,0.85,1.0,0.0
0.6260360412287614,1,0.85,1.0,0.0
0.6260360412287614,1,0.85,1.0,0.0
0.6335236236755666,1,0.85,1.0,0.0
0.6335236236755666,1,0.85,1.0,0.0
0.6335236236755666,1,0.85,1.0,0.0
0.6260360412287614,1,0.85,1.0,0.0
1.86148714495161,1,0.85,1.0,0.0
1.7416858258027277,1,0.85,1.0,0.0
1.7192230784623121,1,0.85,1.0,0.0
0.6260360412287614,1,0.85,1.0,0.0
0.6260360412287614,1,0.85,1.0,0.0
0.6335236236755666,1,0.85,1.0,0.0
0.6335236236755666,1,0.85,1.0,0.0
0.6335236236755666,1,0.85,1.0,0.0
0.6335236236755666,1,0.85,1.0,0.0
0.6335236236755666,1,0.85,1.0,0.0
0.6335236236755666,1,0.85,1.0,0.0
0.6335236236755666,1,0.85,1.0,0.0
0.6335236236755666,1,0.85,1.0,0.0
0.6335236236755666,1,0.85,1.0,0.0
0.6260360412287614,1,0.85,1.0,0.0
0.6335236236755666,1,0.85,1.0,0.0
0.6260360412287614,1,0.85,1.0,0.0
0.6335236236755666,1,0.85,1.0,0.0
0.6260360412287614,1,0.85,1.0,0.0
0.6260360412287614,1,0.85,1.0,0.0
0.6335236236755666,1,0.85,1.0,0.0
0.6335236236755666,1,0.85,1.0,0.0
0.6335236236755666,1,0.85,1.0,0.0
0.6260360412287614,1,0.85,1.0,0.0
0.6335236236755666,1,0.85,1.0,0.0
0.6335236236755666,1,0.85,1.0,0.0
0.6335236236755666,1,0.85,1.0,0.0
0.6335236236755666,1,0.85,1.0,0.0
0.6335236236755666,1,0.85,1.0,0.0
0.6260360412287614,1,0.85,1.0,0.0
0.6260360412287614,1,0.85,1.0,0.0
0.6260360412287614,1,0.85,1.0,0.0
0.6260360412287614,1,0.85,1.0,0.0
0.6260360412287614,1,0.85,1.0,0.0
0.6260360412287614,1,0.85,1.0,0.0
0.6260360412287614,1,0.85,1.0,0.0
0.6260360412287614,1,0.85,1.0,0.0
0.6260360412287614,1,0.85,1.0,0.0
0.6260360412287614,1,0.85,1.0,0.0
0.6260360412287614,1,0.85,1.0,0.0
0.6260360412287614,1,0.85,1.0,0.0
0.6260360412287614,1,0.85,1.0,0.0
1.853999562504805,1,0.85,1.0,0.0
1.756660990696338,1,0.85,1.0,0.0
1.7117354960155071,1,0.85,1.0,0.0
1.7042479135687019,1,0.85,1.0,0.0
1.696760331121897,1,0.85,1.0,0.0
0.6260360412287614,1,0.85,1.0,0.0
0.6260360412287614,1,0.85,1.0,0.0
0.6260360412287614,1,0.85,1.0,0.0
0.6260360412287614,1,0.85,1.0,0.0
0.6260360412287614,1,0.85,1.0,0.0
0.6335236236755666,1,0.85,1.0,0.0
0.6335236236755666,1,0.85,1.0,0.0
0.6335236236755666,1,0.85,1.0,0.0
0.6335236236755666,1,0.85,1.0,0.0
0.6335236236755666,1,0.85,1.0,0.0
0.6335236236755666,1,0.85,1.0,0.0
0.6335236236755666,1,0.85,1.0,0.0
0.6260360412287614,1,0.85,1.0,0.0
0.6335236236755666,1,0.85,1.0,0.0
0.6335236236755666,1,0.85,1.0,0.0
0.6335236236755666,1,0.85,1.0,0.0
0.6335236236755666,1,0.85,1.0,0.0
0.6335236236755666,1,0.85,1.0,0.0
0.6335236236755666,1,0.85,1.0,0.0
0.6335236236755666,1,0.85,1.0,0.0
0.6260360412287614,1,0.85,1.0,0.0
0.6335236236755666,1,0.85,1.0,0.0
0.6335236236755666,1,0.85,1.0,0.0
0.6260360412287614,1,0.85,1.0,0.0
0.6260360412287614,1,0.85,1.0,0.0
0.6335236236755666,1,0.85,1.0,0.0
0.6335236236755666,1,0.85,1.0,0.0
0.6335236236755666,1,0.85,1.0,0.0
0.6335236236755666,1,0.85,1.0,0.0
0.6335236236755666,1,0.85,1.0,0.0
0.6335236236755666,1,0.85,1.0,0.0
0.6335236236755666,1,0.85,1.0,0.0
0.6335236236755666,1,0.85,1.0,0.0
0.6335236236755666,1,0.85,1.0,0.0
0.6335236236755666,1,0.85,1.0,0.0
0.6335236236755666,1,0.85,1.0,0.0
1.8689747273984147,1,0.85,1.0,0.0
1.7416858258027277,1,0.85,1.0,0.0
1.7192230784623121,1,0.85,1.0,0.0
1.696760331121897,1,0.85,1.0,0.0
1.696760331121897,1,0.85,1.0,0.0
0.6335236236755666,1,0.85,1.0,0.0
0.6335236236755666,1,0.85,1.0,0.0
0.6335236236755666,1,0.85,1.0,0.0
0.6335236236755666,1,0.85,1.0,0.0
0.6335236236755666,1,0.85,1.0,0.0
0.6260360412287614,1,0.85,1.0,0.0
0.6260360412287614,1,0.85,1.0,0.0
0.6335236236755666,1,0.85,1.0,0.0
0.6335236236755666,1,0.85,1.0,0.0
0.6335236236755666,1,0.85,1.0,0.0
0.6335236236755666,1,0.85,1.0,0.0
0.6335236236755666,1,0.85,1.0,0.0
0.6335236236755666,1,0.85,1.0,0.0
0.6335236236755666,1,0.85,1.0,0.0
0.6335236236755666,1,0.85,1.0,0.0
0.6335236236755666,1,0.85,1.0,0.0
0.6335236236755666,1,0.85,1.0,0.0
0.6335236236755666,1,0.85,1.0,0.0
0.6335236236755666,1,0.85,1.0,0.0
0.6335236236755666,1,0.85,1.0,0.0
0.6335236236755666,1,0.85,1.0,0.0
0.6335236236755666,1,0.85,1.0,0.0
0.6335236236755666,1,0.85,1.0,0.0
0.6335236236755666,1,0.85,1.0,0.0
0.6335236236755666,1,0.85,1.0,0.0
0.6335236236755666,1,0.85,1.0,0.0
0.6335236236755666,1,0.85,1.0,0.0
0.6335236236755666,1,0.85,1.0,0.0
0.6335236236755666,1,0.85,1.0,0.0
0.6335236236755666,1,0.85,1.0,0.0
0.6335236236755666,1,0.85,1.0,0.0
0.6335236236755666,1,0.85,1.0,0.0
0.6335236236755666,1,0.85,1.0,0.0
0.6335236236755666,1,0.85,1.0,0.0
0.6335236236755666,1,0.85,1.0,0.0
1.8689747273984147,1,0.85,1.0,0.0
1.8689747273984147,1,0.85,1.0,0.0
1.7192230784623121,1,0.85,1.0,0.0
1.7192230784623121,1,0.85,1.0,0.0
1.7117354960155071,1,0.85,1.0,0.0
1.7042479135687019,1,0.85,1.0,0.0
0.6335236236755666,1,0.85,1.0,0.0
0.6335236236755666,1,0.85,1.0,0.0
0.6335236236755666,1,0.85,1.0,0.0
0.6410112061223716,1,0.85,1.0,0.0
0.6335236236755666,1,0.85,1.0,0.0
0.6410112061223716,1,0.85,1.0,0.0
0.6335236236755666,1,0.85,1.0,0.0
0.6335236236755666,1,0.85,1.0,0.0
0.6335236236755666,1,0.85,1.0,0.0
0.6335236236755666,1,0.85,1.0,0.0
0.6335236236755666,1,0.85,1.0,0.0
0.6335236236755666,1,0.85,1.0,0.0
0.6335236236755666,1,0.85,1.0,0.0
0.6335236236755666,1,0.85,1.0,0.0
0.6335236236755666,1,0.85,1.0,0.0
0.6335236236755666,1,0.85,1.0,0.0
0.6335236236755666,1,0.85,1.0,0.0
0.6335236236755666,1,0.85,1.0,0.0
-0.1451849507921685,1,0.85,1.0,0.0
-0.1451849507921685,1,0.85,1.0,0.0
-0.1451849507921685,1,0.85,1.0,0.0
-0.1451849507921685,1,0.85,1.0,0.0
-0.1451849507921685,1,0.85,1.0,0.0
-0.1451849507921685,1,0.85,1.0,0.0
-0.1451849507921685,1,0.85,1.0,0.0
-0.1451849507921685,1,0.85,1.0,0.0
-0.1451849507921685,1,0.85,1.0,0.0
-0.1451849507921685,1,0.85,1.0,0.0
-0.1451849507921685,1,0.85,1.0,0.0
-0.1451849507921685,1,0.85,1.0,0.0
-0.1451849507921685,1,0.85,1.0,0.0
-0.1451849507921685,1,0.85,1.0,0.0
-0.1451849507921685,1,0.85,1.0,0.0
-0.1451849507921685,1,0.85,1.0,0.0
-0.1451849507921685,1,0.85,1.0,0.0
-0.1451849507921685,1,0.85,1.0,0.0
-0.1451849507921685,1,0.85,1.0,0.0
1.0153903284626287,1,0.85,1.0,0.0
1.0153903284626287,1,0.85,1.0,0.0
0.9480020864413825,1,0.85,1.0,0.0
0.9405145039945774,1,0.85,1.0,0.0
0.9255393391009673,1,0.85,1.0,0.0
-0.1451849507921685,1,0.85,1.0,0.0
-0.1451849507921685,1,0.85,1.0,0.0
-0.1451849507921685,1,0.85,1.0,0.0
-0.1451849507921685,1,0.85,1.0,0.0
-0.1451849507921685,1,0.85,1.0,0.0
-0.1451849507921685,1,0.85,1.0,0.0
-0.1451849507921685,1,0.85,1.0,0.0
-0.1451849507921685,1,0.85,1.0,0.0
-0.1451849507921685,1,0.85,1.0,0.0
-0.1451849507921685,1,0.85,1.0,0.0
-0.1451849507921685,1,0.85,1.0,0.0
-0.1451849507921685,1,0.85,1.0,0.0
-0.1451849507921685,1,0.85,1.0,0.0
-0.1451849507921685,1,0.85,1.0,0.0
-0.1451849507921685,1,0.85,1.0,0.0
-0.1451849507921685,1,0.85,1.0,0.0
-0.1451849507921685,1,0.85,1.0,0.0
-0.1451849507921685,1,0.85,1.0,0.0
-0.1451849507921685,1,0.85,1.0,0.0
-0.1451849507921685,1,0.85,1.0,0.0
-0.1451849507921685,1,0.85,1.0,0.0
-0.1451849507921685,1,0.85,1.0,0.0
-0.1451849507921685,1,0.85,1.0,0.0
-0.1451849507921685,1,0.85,1.0,0.0
-0.1451849507921685,1,0.85,1.0,0.0
-0.1451849507921685,1,0.85,1.0,0.0
-0.1451849507921685,1,0.85,1.0,0.0
-0.1451849507921685,1,0.85,1.0,0.0
-0.1451849507921685,1,0.85,1.0,0.0
-0.1451849507921685,1,0.85,1.0,0.0
-0.1451849507921685,1,0.85,1.0,0.0
-0.1451849507921685,1,0.85,1.0,0.0
-0.1451849507921685,1,0.85,1.0,0.0
-0.1451849507921685,1,0.85,1.0,0.0
-0.1451849507921685,1,0.85,1.0,0.0
-0.1451849507921685,1,0.85,1.0,0.0
0.9405145039945774,1,0.85,1.0,0.0
0.9405145039945774,1,0.85,1.0,0.0
0.9330269215477724,1,0.85,1.0,0.0
0.9180517566541619,1,0.85,1.0,0.0
-0.1451849507921685,1,0.85,1.0,0.0
-0.1451849507921685,1,0.85,1.0,0.0
-0.1451849507921685,1,0.85,1.0,0.0
-0.1451849507921685,1,0.85,1.0,0.0
-0.1451849507921685,1,0.85,1.0,0.0
-0.1451849507921685,1,0.85,1.0,0.0
-0.1451849507921685,1,0.85,1.0,0.0
-0.1451849507921685,1,0.85,1.0,0.0
-0.1451849507921685,1,0.85,1.0,0.0
-0.1451849507921685,1,0.85,1.0,0.0
-0.1451849507921685,1,0.85,1.0,0.0
-0.1451849507921685,1,0.85,1.0,0.0
-0.1451849507921685,1,0.85,1.0,0.0
-0.1451849507921685,1,0.85,1.0,0.0
-0.1451849507921685,1,0.85,1.0,0.0
-0.1451849507921685,1,0.85,1.0,0.0
-0.1451849507921685,1,0.85,1.0,0.0
-0.1451849507921685,1,0.85,1.0,0.0
-0.1451849507921685,1,0.85,1.0,0.0
-0.1451849507921685,1,0.85,1.0,0.0
-0.1451849507921685,1,0.85,1.0,0.0
-0.1451849507921685,1,0.85,1.0,0.0
-0.1451849507921685,1,0.85,1.0,0.0
-0.1451849507921685,1,0.85,1.0,0.0
-0.1451849507921685,1,0.85,1.0,0.0
-0.1451849507921685,1,0.85,1.0,0.0
-0.1451849507921685,1,0.85,1.0,0.0
-0.1451849507921685,1,0.85,1.0,0.0
-0.1451849507921685,1,0.85,1.0,0.0
-0.1451849507921685,1,0.85,1.0,0.0
-0.1451849507921685,1,0.85,1.0,0.0
-0.1451849507921685,1,0.85,1.0,0.0
-0.1451849507921685,1,0.85,1.0,0.0
-0.1451849507921685,1,0.85,1.0,0.0
-0.1451849507921685,1,0.85,1.0,0.0
-0.1451849507921685,1,0.85,1.0,0.0
-0.1451849507921685,1,0.85,1.0,0.0
-0.1451849507921685,1,0.85,1.0,0.0
0.9405145039945774,1,0.85,1.0,0.0
0.9405145039945774,1,0.85,1.0,0.0
0.9255393391009673,1,0.85,1.0,0.0
0.9180517566541619,1,0.85,1.0,0.0
-0.1451849507921685,1,0.85,1.0,0.0
-0.1451849507921685,1,0.85,1.0,0.0
-0.1451849507921685,1,0.85,1.0,0.0
-0.1451849507921685,1,0.85,1.0,0.0
-0.1451849507921685,1,0.85,1.0,0.0
-0.1451849507921685,1,0.85,1.0,0.0
-0.1451849507921685,1,0.85,1.0,0.0
-0.1451849507921685,1,0.85,1.0,0.0
-0.1451849507921685,1,0.85,1.0,0.0
-0.1451849507921685,1,0.85,1.0,0.0
-0.1451849507921685,1,0.85,1.0,0.0
-0.1451849507921685,1,0.85,1.0,0.0
-0.1451849507921685,1,0.85,1.0,0.0
-0.1451849507921685,1,0.85,1.0,0.0
-0.1451849507921685,1,0.85,1.0,0.0
-0.1451849507921685,1,0.85,1.0,0.0
-0.1451849507921685,1,0.85,1.0,0.0
-0.1451849507921685,1,0.85,1.0,0.0
-0.1451849507921685,1,0.85,1.0,0.0
-0.1451849507921685,1,0.85,1.0,0.0
-0.1451849507921685,1,0.85,1.0,0.0
-0.1451849507921685,1,0.85,1.0,0.0
-0.1451849507921685,1,0.85,1.0,0.0
-0.1451849507921685,1,0.85,1.0,0.0
-0.1451849507921685,1,0.85,1.0,0.0
-0.1451849507921685,1,0.85,1.0,0.0
-0.1451849507921685,1,0.85,1.0,0.0
-0.1451849507921685,1,0.85,1.0,0.0
-0.1451849507921685,1,0.85,1.0,0.0
-0.1451849507921685,1,0.85,1.0,0.0
-0.1451849507921685,1,0.85,1.0,0.0
-0.1451849507921685,1,0.85,1.0,0.0
-0.1451849507921685,1,0.85,1.0,0.0
-0.1451849507921685,1,0.85,1.0,0.0
-0.1451849507921685,1,0.85,1.0,0.0
-0.1451849507921685,1,0.85,1.0,0.0
-0.1451849507921685,1,0.85,1.0,0.0
0.9405145039945774,1,0.85,1.0,0.0
0.9255393391009673,1,0.85,1.0,0.0
-0.1451849507921685,1,0.85,1.0,0.0
-0.1451849507921685,1,0.85,1.0,0.0
-0.1451849507921685,1,0.85,1.0,0.0
-0.1451849507921685,1,0.85,1.0,0.0
-0.1451849507921685,1,0.85,1.0,0.0
-0.1451849507921685,1,0.85,1.0,0.0
-0.1451849507921685,1,0.85,1.0,0.0
-0.1451849507921685,1,0.85,1.0,0.0
-0.1451849507921685,1,0.85,1.0,0.0
-0.1451849507921685,1,0.85,1.0,0.0
-0.1451849507921685,1,0.85,1.0,0.0
-0.1451849507921685,1,0.85,1.0,0.0
-0.1451849507921685,1,0.85,1.0,0.0
-0.1451849507921685,1,0.85,1.0,0.0
-0.1451849507921685,1,0.85,1.0,0.0
-0.1451849507921685,1,0.85,1.0,0.0
-0.1451849507921685,1,0.85,1.0,0.0
-0.1451849507921685,1,0.85,1.0,0.0
-0.1451849507921685,1,0.85,1.0,0.0
-0.1451849507921685,1,0.85,1.0,0.0
-0.1451849507921685,1,0.85,1.0,0.0
-0.1451849507921685,1,0.85,1.0,0.0
-0.1451849507921685,1,0.85,1.0,0.0
-0.1451849507921685,1,0.85,1.0,0.0
-0.1451849507921685,1,0.85,1.0,0.0
-0.1451849507921685,1,0.85,1.0,0.0
-0.1451849507921685,1,0.85,1.0,0.0
-0.1451849507921685,1,0.85,1.0,0.0
-0.1451849507921685,1,0.85,1.0,0.0
-0.1451849507921685,1,0.85,1.0,0.0
-0.1451849507921685,1,0.85,1.0,0.0
-0.1451849507921685,1,0.85,1.0,0.0
-0.1451849507921685,1,0.85,1.0,0.0
-0.1451849507921685,1,0.85,1.0,0.0
-0.1451849507921685,1,0.85,1.0,0.0
-0.1451849507921685,1,0.85,1.0,0.0
-0.1451849507921685,1,0.85,1.0,0.0
5.215924081120314,1,0.85,1.0,0.0
1.0079027460158236,1,0.85,1.0,0.0
0.9405145039945774,1,0.85,1.0,0.0
0.9405145039945774,1,0.85,1.0,0.0
-0.1451849507921685,1,0.85,1.0,0.0
-0.1451849507921685,1,0.85,1.0,0.0
-0.1451849507921685,1,0.85,1.0,0.0
-0.1451849507921685,1,0.85,1.0,0.0
-0.1451849507921685,1,0.85,1.0,0.0
-0.1451849507921685,1,0.85,1.0,0.0
-0.1451849507921685,1,0.85,1.0,0.0
-0.1451849507921685,1,0.85,1.0,0.0
-0.1451849507921685,1,0.85,1.0,0.0
-0.1451849507921685,1,0.85,1.0,0.0
-0.1451849507921685,1,0.85,1.0,0.0
-0.1451849507921685,1,0.85,1.0,0.0
-0.1451849507921685,1,0.85,1.0,0.0
-0.1451849507921685,1,0.85,1.0,0.0
-0.1451849507921685,1,0.85,1.0,0.0
-0.1451849507921685,1,0.85,1.0,0.0
-0.1451849507921685,1,0.85,1.0,0.0
-0.1451849507921685,1,0.85,1.0,0.0
-0.1451849507921685,1,0.85,1.0,0.0
-0.1451849507921685,1,0.85,1.0,0.0
-0.1451849507921685,1,0.85,1.0,0.0
-0.1451849507921685,1,0.85,1.0,0.0
-0.1451849507921685,1,0.85,1.0,0.0
-0.1451849507921685,1,0.85,1.0,0.0
-0.1451849507921685,1,0.85,1.0,0.0
-0.1451849507921685,1,0.85,1.0,0.0
-0.1451849507921685,1,0.85,1.0,0.0
-0.1451849507921685,1,0.85,1.0,0.0
-0.1451849507921685,1,0.85,1.0,0.0
-0.1451849507921685,1,0.85,1.0,0.0
-0.1451849507921685,1,0.85,1.0,0.0
-0.1451849507921685,1,0.85,1.0,0.0
-0.1451849507921685,1,0.85,1.0,0.0
-0.1451849507921685,1,0.85,1.0,0.0
-0.1451849507921685,1,0.85,1.0,0.0
-0.1451849507921685,1,0.85,1.0,0.0
-0.1451849507921685,1,0.85,1.0,0.0
-0.1451849507921685,1,0.85,1.0,0.0
-0.1451849507921685,1,0.85,1.0,0.0
1.0752909880370698,1,0.85,1.0,0.0
0.9180517566541619,1,0.85,1.0,0.0
0.9180517566541619,1,0.85,1.0,0.0
-0.1451849507921685,1,0.85,1.0,0.0
-0.1451849507921685,1,0.85,1.0,0.0
-0.1451849507921685,1,0.85,1.0,0.0
-0.1451849507921685,1,0.85,1.0,0.0
-0.1451849507921685,1,0.85,1.0,0.0
-0.1451849507921685,1,0.85,1.0,0.0
-0.1451849507921685,1,0.85,1.0,0.0
-0.1451849507921685,1,0.85,1.0,0.0
-0.1451849507921685,1,0.85,1.0,0.0
-0.1451849507921685,1,0.85,1.0,0.0
-0.1451849507921685,1,0.85,1.0,0.0
-0.1451849507921685,1,0.85,1.0,0.0
-0.1451849507921685,1,0.85,1.0,0.0
-0.1451849507921685,1,0.85,1.0,0.0
-0.1451849507921685,1,0.85,1.0,0.0
-0.1451849507921685,1,0.85,1.0,0.0
-0.1451849507921685,1,0.85,1.0,0.0
-0.1451849507921685,1,0.85,1.0,0.0
-0.1451849507921685,1,0.85,1.0,0.0
-0.1451849507921685,1,0.85,1.0,0.0
-0.1451849507921685,1,0.85,1.0,0.0
-0.1451849507921685,1,0.85,1.0,0.0
-0.1451849507921685,1,0.85,1.0,0.0
-0.1451849507921685,1,0.85,1.0,0.0
-0.1451849507921685,1,0.85,1.0,0.0
-0.1451849507921685,1,0.85,1.0,0.0
-0.1451849507921685,1,0.85,1.0,0.0
-0.1451849507921685,1,0.85,1.0,0.0
-0.1451849507921685,1,0.85,1.0,0.0
-0.1451849507921685,1,0.85,1.0,0.0
-0.1451849507921685,1,0.85,1.0,0.0
-0.1451849507921685,1,0.85,1.0,0.0
-0.1451849507921685,1,0.85,1.0,0.0
-0.1451849507921685,1,0.85,1.0,0.0
-0.1451849507921685,1,0.85,1.0,0.0
-0.1451849507921685,1,0.85,1.0,0.0
0.9480020864413825,1,0.85,1.0,0.0
0.9480020864413825,1,0.85,1.0,0.0
1.0004151635690184,1,0.85,1.0,0.0
0.9405145039945774,1,0.85,1.0,0.0
-0.1451849507921685,1,0.85,1.0,0.0
-0.1451849507921685,1,0.85,1.0,0.0
-0.1451849507921685,1,0.85,1.0,0.0
-0.1451849507921685,1,0.85,1.0,0.0
-0.1451849507921685,1,0.85,1.0,0.0
-0.1451849507921685,1,0.85,1.0,0.0
-0.1451849507921685,1,0.85,1.0,0.0
-0.1451849507921685,1,0.85,1.0,0.0
-0.1451849507921685,1,0.85,1.0,0.0
-0.1451849507921685,1,0.85,1.0,0.0
-0.1451849507921685,1,0.85,1.0,0.0
-0.1451849507921685,1,0.85,1.0,0.0
-0.1451849507921685,1,0.85,1.0,0.0
-0.1451849507921685,1,0.85,1.0,0.0
-0.1451849507921685,1,0.85,1.0,0.0
-0.1451849507921685,1,0.85,1.0,0.0
-0.1451849507921685,1,0.85,1.0,0.0
-0.1451849507921685,1,0.85,1.0,0.0
-0.1451849507921685,1,0.85,1.0,0.0
-0.1451849507921685,1,0.85,1.0,0.0
-0.1451849507921685,1,0.85,1.0,0.0
-0.1451849507921685,1,0.85,1.0,0.0
-0.1451849507921685,1,0.85,1.0,0.0
-0.1451849507921685,1,0.85,1.0,0.0
-0.1451849507921685,1,0.85,1.0,0.0
-0.1451849507921685,1,0.85,1.0,0.0
-0.1451849507921685,1,0.85,1.0,0.0
-0.1451849507921685,1,0.85,1.0,0.0
-0.1451849507921685,1,0.85,1.0,0.0
-0.1451849507921685,1,0.85,1.0,0.0
-0.1451849507921685,1,0.85,1.0,0.0
-0.1451849507921685,1,0.85,1.0,0.0
-0.1451849507921685,1,0.85,1.0,0.0
-0.1451849507921685,1,0.85,1.0,0.0
-0.1451849507921685,1,0.85,1.0,0.0
-0.1451849507921685,1,0.85,1.0,0.0
-0.1451849507921685,1,0.85,1.0,0.0
-0.1451849507921685,1,0.85,1.0,0.0
-0.1451849507921685,1,0.85,1.0,0.0
-0.1451849507921685,1,0.85,1.0,0.0
-0.1451849507921685,1,0.85,1.0,0.0
1.0827785704838748,1,0.85,1.0,0.0
0.9480020864413825,1,0.85,1.0,0.0
0.9330269215477724,1,0.85,1.0,0.0
-0.1451849507921685,1,0.85,1.0,0.0
-0.1451849507921685,1,0.85,1.0,0.0
-0.1451849507921685,1,0.85,1.0,0.0
-0.1451849507921685,1,0.85,1.0,0.0
-0.1451849507921685,1,0.85,1.0,0.0
-0.1451849507921685,1,0.85,1.0,0.0
-0.1451849507921685,1,0.85,1.0,0.0
-0.1451849507921685,1,0.85,1.0,0.0
-0.1451849507921685,1,0.85,1.0,0.0
-0.1451849507921685,1,0.85,1.0,0.0
-0.1451849507921685,1,0.85,1.0,0.0
-0.1451849507921685,1,0.85,1.0,0.0
-0.1451849507921685,1,0.85,1.0,0.0
-0.1451849507921685,1,0.85,1.0,0.0
-0.1451849507921685,1,0.85,1.0,0.0
-0.1451849507921685,1,0.85,1.0,0.0
-0.1451849507921685,1,0.85,1.0,0.0
-0.1451849507921685,1,0.85,1.0,0.0
-0.1451849507921685,1,0.85,1.0,0.0
-0.1451849507921685,1,0.85,1.0,0.0
-0.1451849507921685,1,0.85,1.0,0.0
-0.1451849507921685,1,0.85,1.0,0.0
-0.1451849507921685,1,0.85,1.0,0.0
-0.1451849507921685,1,0.85,1.0,0.0
-0.1451849507921685,1,0.85,1.0,0.0
-0.1451849507921685,1,0.85,1.0,0.0
-0.1451849507921685,1,0.85,1.0,0.0
-0.1451849507921685,1,0.85,1.0,0.0
-0.1451849507921685,1,0.85,1.0,0.0
-0.1451849507921685,1,0.85,1.0,0.0
-0.1451849507921685,1,0.85,1.0,0.0
-0.1451849507921685,1,0.85,1.0,0.0
-0.1451849507921685,1,0.85,1.0,0.0
-0.1451849507921685,1,0.85,1.0,0.0
-0.1451849507921685,1,0.85,1.0,0.0
-0.1451849507921685,1,0.85,1.0,0.0
-0.1451849507921685,1,0.85,1.0,0.0
-0.1451849507921685,1,0.85,1.0,0.0
-0.1451849507921685,1,0.85,1.0,0.0
1.022877910909434,1,0.85,1.0,0.0
0.9405145039945774,1,0.85,1.0,0.0
0.9330269215477724,1,0.85,1.0,0.0
-0.1451849507921685,1,0.85,1.0,0.0
-0.1451849507921685,1,0.85,1.0,0.0
-0.1451849507921685,1,0.85,1.0,0.0
-0.1451849507921685,1,0.85,1.0,0.0
-0.1451849507921685,1,0.85,1.0,0.0
-0.1451849507921685,1,0.85,1.0,0.0
-0.1451849507921685,1,0.85,1.0,0.0
-0.1451849507921685,1,0.85,1.0,0.0
-0.1451849507921685,1,0.85,1.0,0.0
-0.1451849507921685,1,0.85,1.0,0.0
-0.1451849507921685,1,0.85,1.0,0.0
-0.1451849507921685,1,0.85,1.0,0.0
-0.1451849507921685,1,0.85,1.0,0.0
-0.1451849507921685,1,0.85,1.0,0.0
-0.1451849507921685,1,0.85,1.0,0.0
-0.1451849507921685,1,0.85,1.0,0.0
-0.1451849507921685,1,0.85,1.0,0.0
-0.1451849507921685,1,0.85,1.0,0.0
-0.1451849507921685,1,0.85,1.0,0.0
-0.1451849507921685,1,0.85,1.0,0.0
-0.1451849507921685,1,0.85,1.0,0.0
-0.1451849507921685,1,0.85,1.0,0.0
-0.1451849507921685,1,0.85,1.0,0.0
-0.1451849507921685,1,0.85,1.0,0.0
-0.1451849507921685,1,0.85,1.0,0.0
-0.1451849507921685,1,0.85,1.0,0.0
-0.1451849507921685,1,0.85,1.0,0.0
-0.1451849507921685,1,0.85,1.0,0.0
-0.1451849507921685,1,0.85,1.0,0.0
-0.1451849507921685,1,0.85,1.0,0.0
-0.1451849507921685,1,0.85,1.0,0.0
-0.1451849507921685,1,0.85,1.0,0.0
-0.1451849507921685,1,0.85,1.0,0.0
-0.1451849507921685,1,0.85,1.0,0.0
-0.1451849507921685,1,0.85,1.0,0.0
-0.1451849507921685,1,0.85,1.0,0.0
-0.1451849507921685,1,0.85,1.0,0.0
-0.1451849507921685,1,0.85,1.0,0.0
-0.1451849507921685,1,0.85,1.0,0.0
-0.1451849507921685,1,0.85,1.0,0.0
1.0752909880370698,1,0.85,1.0,0.0
0.977952416228603,1,0.85,1.0,0.0
0.9405145039945774,1,0.85,1.0,0.0
0.9330269215477724,1,0.85,1.0,0.0
-0.1451849507921685,1,0.85,1.0,0.0
-0.1451849507921685,1,0.85,1.0,0.0
-0.1451849507921685,1,0.85,1.0,0.0
-0.1451849507921685,1,0.85,1.0,0.0
-0.1451849507921685,1,0.85,1.0,0.0
-0.1451849507921685,1,0.85,1.0,0.0
-0.1451849507921685,1,0.85,1.0,0.0
-0.1451849507921685,1,0.85,1.0,0.0
-0.1451849507921685,1,0.85,1.0,0.0
-0.1451849507921685,1,0.85,1.0,0.0
-0.1451849507921685,1,0.85,1.0,0.0
-0.1451849507921685,1,0.85,1.0,0.0
-0.1451849507921685,1,0.85,1.0,0.0
-0.1451849507921685,1,0.85,1.0,0.0
-0.1451849507921685,1,0.85,1.0,0.0
-0.1451849507921685,1,0.85,1.0,0.0
-0.1451849507921685,1,0.85,1.0,0.0
-0.1451849507921685,1,0.85,1.0,0.0
-0.1451849507921685,1,0.85,1.0,0.0
-0.1451849507921685,1,0.85,1.0,0.0
-0.1451849507921685,1,0.85,1.0,0.0
-0.1451849507921685,1,0.85,1.0,0.0
-0.1451849507921685,1,0.85,1.0,0.0
-0.1451849507921685,1,0.85,1.0,0.0
-0.1451849507921685,1,0.85,1.0,0.0
-0.1451849507921685,1,0.85,1.0,0.0
-0.1451849507921685,1,0.85,1.0,0.0
-0.1451849507921685,1,0.85,1.0,0.0
-0.1451849507921685,1,0.85,1.0,0.0
-0.1451849507921685,1,0.85,1.0,0.0
-0.1451849507921685,1,0.85,1.0,0.0
-0.1451849507921685,1,0.85,1.0,0.0
-0.1451849507921685,1,0.85,1.0,0.0
-0.1451849507921685,1,0.85,1.0,0.0
-0.1451849507921685,1,0.85,1.0,0.0
-0.1451849507921685,1,0.85,1.0,0.0
-0.1451849507921685,1,0.85,1.0,0.0
-0.1451849507921685,1,0.85,1.0,0.0
1.0752909880370698,1,0.85,1.0,0.0
0.9330269215477724,1,0.85,1.0,0.0
0.9330269215477724,1,0.85,1.0,0.0
-0.1451849507921685,1,0.85,1.0,0.0
-0.1451849507921685,1,0.85,1.0,0.0
-0.1451849507921685,1,0.85,1.0,0.0
-0.1451849507921685,1,0.85,1.0,0.0
-0.1451849507921685,1,0.85,1.0,0.0
-0.1451849507921685,1,0.85,1.0,0.0
-0.1451849507921685,1,0.85,1.0,0.0
-0.1451849507921685,1,0.85,1.0,0.0
-0.1451849507921685,1,0.85,1.0,0.0
-0.1451849507921685,1,0.85,1.0,0.0
-0.1451849507921685,1,0.85,1.0,0.0
-0.1451849507921685,1,0.85,1.0,0.0
-0.1451849507921685,1,0.85,1.0,0.0
-0.1451849507921685,1,0.85,1.0,0.0
-0.1451849507921685,1,0.85,1.0,0.0
-0.1451849507921685,1,0.85,1.0,0.0
-0.1451849507921685,1,0.85,1.0,0.0
-0.1451849507921685,1,0.85,1.0,0.0
-0.1451849507921685,1,0.85,1.0,0.0
-0.1451849507921685,1,0.85,1.0,0.0
-0.1451849507921685,1,0.85,1.0,0.0
-0.1451849507921685,1,0.85,1.0,0.0
-0.1451849507921685,1,0.85,1.0,0.0
-0.1451849507921685,1,0.85,1.0,0.0
-0.1451849507921685,1,0.85,1.0,0.0
-0.1451849507921685,1,0.85,1.0,0.0
-0.1451849507921685,1,0.85,1.0,0.0
-0.1451849507921685,1,0.85,1.0,0.0
-0.1451849507921685,1,0.85,1.0,0.0
-0.1451849507921685,1,0.85,1.0,0.0
-0.1451849507921685,1,0.85,1.0,0.0
-0.1451849507921685,1,0.85,1.0,0.0
-0.1451849507921685,1,0.85,1.0,0.0
-0.1451849507921685,1,0.85,1.0,0.0
-0.1451849507921685,1,0.85,1.0,0.0
-0.1451849507921685,1,0.85,1.0,0.0
-0.1451849507921685,1,0.85,1.0,0.0
-0.1451849507921685,1,0.85,1.0,0.0
-0.1451849507921685,1,0.85,1.0,0.0
-0.1451849507921685,1,0.85,1.0,0.0
1.0678034055902648,1,0.85,1.0,0.0
0.9704648337817978,1,0.85,1.0,0.0
0.9180517566541619,1,0.85,1.0,0.0
0.9180517566541619,1,0.85,1.0,0.0
-0.1451849507921685,1,0.85,1.0,0.0
-0.1451849507921685,1,0.85,1.0,0.0
-0.1451849507921685,1,0.85,1.0,0.0
-0.1451849507921685,1,0.85,1.0,0.0
-0.1451849507921685,1,0.85,1.0,0.0
-0.1451849507921685,1,0.85,1.0,0.0
-0.1451849507921685,1,0.85,1.0,0.0
-0.1451849507921685,1,0.85,1.0,0.0
-0.1451849507921685,1,0.85,1.0,0.0
-0.1451849507921685,1,0.85,1.0,0.0
-0.1451849507921685,1,0.85,1.0,0.0
-0.1451849507921685,1,0.85,1.0,0.0
-0.1451849507921685,1,0.85,1.0,0.0
-0.1451849507921685,1,0.85,1.0,0.0
-0.1451849507921685,1,0.85,1.0,0.0
-0.1451849507921685,1,0.85,1.0,0.0
-0.1451849507921685,1,0.85,1.0,0.0
-0.1451849507921685,1,0.85,1.0,0.0
-0.1451849507921685,1,0.85,1.0,0.0
-0.1451849507921685,1,0.85,1.0,0.0
-0.1451849507921685,1,0.85,1.0,0.0
-0.1451849507921685,1,0.85,1.0,0.0
-0.1451849507921685,1,0.85,1.0,0.0
-0.1451849507921685,1,0.85,1.0,0.0
-0.1451849507921685,1,0.85,1.0,0.0
-0.1451849507921685,1,0.85,1.0,0.0
-0.1451849507921685,1,0.85,1.0,0.0
-0.1451849507921685,1,0.85,1.0,0.0
-0.1451849507921685,1,0.85,1.0,0.0
-0.1451849507921685,1,0.85,1.0,0.0
-0.1451849507921685,1,0.85,1.0,0.0
-0.1451849507921685,1,0.85,1.0,0.0
-0.1451849507921685,1,0.85,1.0,0.0
-0.1451849507921685,1,0.85,1.0,0.0
-0.1451849507921685,1,0.85,1.0,0.0
-0.1451849507921685,1,0.85,1.0,0.0
-0.1451849507921685,1,0.85,1.0,0.0
-0.1451849507921685,1,0.85,1.0,0.0
-0.1451849507921685,1,0.85,1.0,0.0
-0.1451849507921685,1,0.85,1.0,0.0
1.0827785704838748,1,0.85,1.0,0.0
0.9330269215477724,1,0.85,1.0,0.0
0.9330269215477724,1,0.85,1.0,0.0
0.9180517566541619,1,0.85,1.0,0.0
-0.1451849507921685,1,0.85,1.0,0.0
-0.1451849507921685,1,0.85,1.0,0.0
-0.1451849507921685,1,0.85,1.0,0.0
-0.1451849507921685,1,0.85,1.0,0.0
-0.1451849507921685,1,0.85,1.0,0.0
-0.1451849507921685,1,0.85,1.0,0.0
-0.1451849507921685,1,0.85,1.0,0.0
-0.1451849507921685,1,0.85,1.0,0.0
-0.1451849507921685,1,0.85,1.0,0.0
-0.1451849507921685,1,0.85,1.0,0.0
-0.1451849507921685,1,0.85,1.0,0.0
-0.1451849507921685,1,0.85,1.0,0.0
-0.1451849507921685,1,0.85,1.0,0.0
-0.1451849507921685,1,0.85,1.0,0.0
-0.1451849507921685,1,0.85,1.0,0.0
-0.1451849507921685,1,0.85,1.0,0.0
-0.1451849507921685,1,0.85,1.0,0.0
-0.1451849507921685,1,0.85,1.0,0.0
-0.1451849507921685,1,0.85,1.0,0.0
-0.1451849507921685,1,0.85,1.0,0.0
-0.1451849507921685,1,0.85,1.0,0.0
-0.1451849507921685,1,0.85,1.0,0.0
-0.1451849507921685,1,0.85,1.0,0.0
-0.1451849507921685,1,0.85,1.0,0.0
-0.1451849507921685,1,0.85,1.0,0.0
-0.1451849507921685,1,0.85,1.0,0.0
-0.1451849507921685,1,0.85,1.0,0.0
-0.1451849507921685,1,0.85,1.0,0.0
-0.1451849507921685,1,0.85,1.0,0.0
-0.1451849507921685,1,0.85,1.0,0.0
-0.1451849507921685,1,0.85,1.0,0.0
-0.1451849507921685,1,0.85,1.0,0.0
-0.1451849507921685,1,0.85,1.0,0.0
-0.1451849507921685,1,0.85,1.0,0.0
-0.1451849507921685,1,0.85,1.0,0.0
-0.1451849507921685,1,0.85,1.0,0.0
-0.1451849507921685,1,0.85,1.0,0.0
-0.1451849507921685,1,0.85,1.0,0.0
1.0678034055902648,1,0.85,1.0,0.0
0.9330269215477724,1,0.85,1.0,0.0
0.9330269215477724,1,0.85,1.0,0.0
-0.1451849507921685,1,0.85,1.0,0.0
-0.1451849507921685,1,0.85,1.0,0.0
-0.1451849507921685,1,0.85,1.0,0.0
-0.1451849507921685,1,0.85,1.0,0.0
-0.1451849507921685,1,0.85,1.0,0.0
-0.1451849507921685,1,0.85,1.0,0.0
-0.1451849507921685,1,0.85,1.0,0.0
-0.1451849507921685,1,0.85,1.0,0.0
-0.1451849507921685,1,0.85,1.0,0.0
-0.1451849507921685,1,0.85,1.0,0.0
-0.1451849507921685,1,0.85,1.0,0.0
-0.1451849507921685,1,0.85,1.0,0.0
-0.1451849507921685,1,0.85,1.0,0.0
-0.1451849507921685,1,0.85,1.0,0.0
-0.1451849507921685,1,0.85,1.0,0.0
-0.1451849507921685,1,0.85,1.0,0.0
-0.1451849507921685,1,0.85,1.0,0.0
-0.1451849507921685,1,0.85,1.0,0.0
-0.1451849507921685,1,0.85,1.0,0.0
-0.1451849507921685,1,0.85,1.0,0.0
-0.1451849507921685,1,0.85,1.0,0.0
-0.1451849507921685,1,0.85,1.0,0.0
-0.1451849507921685,1,0.85,1.0,0.0
-0.1451849507921685,1,0.85,1.0,0.0
-0.1451849507921685,1,0.85,1.0,0.0
-0.1451849507921685,1,0.85,1.0,0.0
-0.1451849507921685,1,0.85,1.0,0.0
-0.1451849507921685,1,0.85,1.0,0.0
-0.1451849507921685,1,0.85,1.0,0.0
-0.1451849507921685,1,0.85,1.0,0.0
-0.1451849507921685,1,0.85,1.0,0.0
-0.1451849507921685,1,0.85,1.0,0.0
-0.1451849507921685,1,0.85,1.0,0.0
-0.1451849507921685,1,0.85,1.0,0.0
-0.1451849507921685,1,0.85,1.0,0.0
-0.1451849507921685,1,0.85,1.0,0.0
-0.1451849507921685,1,0.85,1.0,0.0
-0.1451849507921685,1,0.85,1.0,0.0
-0.1451849507921685,1,0.85,1.0,0.0
-0.1451849507921685,1,0.85,1.0,0.0
-0.1451849507921685,1,0.85,1.0,0.0
0.9330269215477724,1,0.85,1.0,0.0
0.9330269215477724,1,0.85,1.0,0.0
0.9255393391009673,1,0.85,1.0,0.0
0.9180517566541619,1,0.85,1.0,0.0
-0.1451849507921685,1,0.85,1.0,0.0
-0.1451849507921685,1,0.85,1.0,0.0
-0.1451849507921685,1,0.85,1.0,0.0
-0.1451849507921685,1,0.85,1.0,0.0
-0.1451849507921685,1,0.85,1.0,0.0
-0.1451849507921685,1,0.85,1.0,0.0
-0.1451849507921685,1,0.85,1.0,0.0
-0.1451849507921685,1,0.85,1.0,0.0
-0.1451849507921685,1,0.85,1.0,0.0
-0.1451849507921685,1,0.85,1.0,0.0
-0.1451849507921685,1,0.85,1.0,0.0
-0.1451849507921685,1,0.85,1.0,0.0
-0.1451849507921685,1,0.85,1.0,0.0
-0.1451849507921685,1,0.85,1.0,0.0
-0.1451849507921685,1,0.85,1.0,0.0
-0.1451849507921685,1,0.85,1.0,0.0
-0.1451849507921685,1,0.85,1.0,0.0
-0.1451849507921685,1,0.85,1.0,0.0
-0.1451849507921685,1,0.85,1.0,0.0
-0.1451849507921685,1,0.85,1.0,0.0
-0.1451849507921685,1,0.85,1.0,0.0
-0.1451849507921685,1,0.85,1.0,0.0
-0.1451849507921685,1,0.85,1.0,0.0
-0.1451849507921685,1,0.85,1.0,0.0
-0.1451849507921685,1,0.85,1.0,0.0
-0.1451849507921685,1,0.85,1.0,0.0
-0.1451849507921685,1,0.85,1.0,0.0
-0.1451849507921685,1,0.85,1.0,0.0
-0.1451849507921685,1,0.85,1.0,0.0
-0.1451849507921685,1,0.85,1.0,0.0
-0.1451849507921685,1,0.85,1.0,0.0
-0.1451849507921685,1,0.85,1.0,0.0
-0.1451849507921685,1,0.85,1.0,0.0
-0.1451849507921685,1,0.85,1.0,0.0
-0.1451849507921685,1,0.85,1.0,0.0
0.9330269215477724,1,0.85,1.0,0.0
0.9330269215477724,1,0.85,1.0,0.0
0.9255393391009673,1,0.85,1.0,0.0
0.9180517566541619,1,0.85,1.0,0.0
0.9030765917605517,1,0.85,1.0,0.0
-0.1451849507921685,1,0.85,1.0,0.0
-0.1451849507921685,1,0.85,1.0,0.0
-0.1451849507921685,1,0.85,1.0,0.0
-0.1451849507921685,1,0.85,1.0,0.0
-0.1451849507921685,1,0.85,1.0,0.0
-0.1451849507921685,1,0.85,1.0,0.0
-0.1451849507921685,1,0.85,1.0,0.0
-0.1451849507921685,1,0.85,1.0,0.0
-0.1451849507921685,1,0.85,1.0,0.0
-0.1451849507921685,1,0.85,1.0,0.0
-0.1451849507921685,1,0.85,1.0,0.0
-0.1451849507921685,1,0.85,1.0,0.0
-0.1451849507921685,1,0.85,1.0,0.0
-0.1451849507921685,1,0.85,1.0,0.0
-0.1451849507921685,1,0.85,1.0,0.0
-0.1451849507921685,1,0.85,1.0,0.0
-0.1451849507921685,1,0.85,1.0,0.0
-0.1451849507921685,1,0.85,1.0,0.0
-0.1451849507921685,1,0.85,1.0,0.0
-0.1451849507921685,1,0.85,1.0,0.0
-0.1451849507921685,1,0.85,1.0,0.0
-0.1451849507921685,1,0.85,1.0,0.0
-0.1451849507921685,1,0.85,1.0,0.0
-0.1451849507921685,1,0.85,1.0,0.0
-0.1451849507921685,1,0.85,1.0,0.0
-0.1451849507921685,1,0.85,1.0,0.0
-0.1451849507921685,1,0.85,1.0,0.0
-0.1451849507921685,1,0.85,1.0,0.0
-0.1451849507921685,1,0.85,1.0,0.0
-0.1451849507921685,1,0.85,1.0,0.0
-0.1451849507921685,1,0.85,1.0,0.0
-0.1451849507921685,1,0.85,1.0,0.0
-0.1451849507921685,1,0.85,1.0,0.0
-0.1451849507921685,1,0.85,1.0,0.0
-0.1451849507921685,1,0.85,1.0,0.0
-0.1451849507921685,1,0.85,1.0,0.0
-0.1451849507921685,1,0.85,1.0,0.0
-0.1451849507921685,1,0.85,1.0,0.0
1.0153903284626287,1,0.85,1.0,0.0
1.0153903284626287,1,0.85,1.0,0.0
0.9330269215477724,1,0.85,1.0,0.0
0.9255393391009673,1,0.85,1.0,0.0
0.9180517566541619,1,0.85,1.0,0.0
0.9030765917605517,1,0.85,1.0,0.0
-0.1451849507921685,1,0.85,1.0,0.0
-0.1451849507921685,1,0.85,1.0,0.0
-0.1451849507921685,1,0.85,1.0,0.0
-0.1451849507921685,1,0.85,1.0,0.0
-0.1451849507921685,1,0.85,1.0,0.0
-0.1451849507921685,1,0.85,1.0,0.0
-0.1451849507921685,1,0.85,1.0,0.0
-0.1451849507921685,1,0.85,1.0,0.0
-0.1451849507921685,1,0.85,1.0,0.0
-0.1451849507921685,1,0.85,1.0,0.0
-0.1451849507921685,1,0.85,1.0,0.0
-0.1451849507921685,1,0.85,1.0,0.0
-0.1451849507921685,1,0.85,1.0,0.0
-0.1451849507921685,1,0.85,1.0,0.0
-0.1451849507921685,1,0.85,1.0,0.0
-0.1451849507921685,1,0.85,1.0,0.0
-0.1451849507921685,1,0.85,1.0,0.0
-0.1451849507921685,1,0.85,1.0,0.0
-0.1451849507921685,1,0.85,1.0,0.0
-0.1451849507921685,1,0.85,1.0,0.0
-0.1451849507921685,1,0.85,1.0,0.0
-0.1451849507921685,1,0.85,1.0,0.0
-0.1451849507921685,1,0.85,1.0,0.0
-0.1451849507921685,1,0.85,1.0,0.0
-0.1451849507921685,1,0.85,1.0,0.0
-0.1451849507921685,1,0.85,1.0,0.0
-0.1451849507921685,1,0.85,1.0,0.0
-0.1451849507921685,1,0.85,1.0,0.0
-0.1451849507921685,1,0.85,1.0,0.0
-0.1451849507921685,1,0.85,1.0,0.0
-0.1451849507921685,1,0.85,1.0,0.0
-0.1451849507921685,1,0.85,1.0,0.0
-0.1451849507921685,1,0.85,1.0,0.0
-0.1451849507921685,1,0.85,1.0,0.0
-0.1451849507921685,1,0.85,1.0,0.0
-0.1451849507921685,1,0.85,1.0,0.0
-0.1451849507921685,1,0.85,1.0,0.0
-0.1451849507921685,1,0.85,1.0,0.0
1.0752909880370698,1,0.85,1.0,0.0
0.9480020864413825,1,0.85,1.0,0.0
0.9255393391009673,1,0.85,1.0,0.0
0.9105641742073568,1,0.85,1.0,0.0
0.9105641742073568,1,0.85,1.0,0.0
-0.1451849507921685,1,0.85,1.0,0.0
-0.1451849507921685,1,0.85,1.0,0.0
-0.1451849507921685,1,0.85,1.0,0.0
-0.1451849507921685,1,0.85,1.0,0.0
-0.1451849507921685,1,0.85,1.0,0.0
-0.1451849507921685,1,0.85,1.0,0.0
-0.1451849507921685,1,0.85,1.0,0.0
-0.1451849507921685,1,0.85,1.0,0.0
-0.1451849507921685,1,0.85,1.0,0.0
-0.1451849507921685,1,0.85,1.0,0.0
-0.1451849507921685,1,0.85,1.0,0.0
-0.1451849507921685,1,0.85,1.0,0.0
-0.1451849507921685,1,0.85,1.0,0.0
-0.1451849507921685,1,0.85,1.0,0.0
-0.1451849507921685,1,0.85,1.0,0.0
-0.1451849507921685,1,0.85,1.0,0.0
-0.1451849507921685,1,0.85,1.0,0.0
-0.1451849507921685,1,0.85,1.0,0.0
-0.1451849507921685,1,0.85,1.0,0.0
-0.1451849507921685,1,0.85,1.0,0.0
-0.1451849507921685,1,0.85,1.0,0.0
-0.1451849507921685,1,0.85,1.0,0.0
-0.1451849507921685,1,0.85,1.0,0.0
-0.1451849507921685,1,0.85,1.0,0.0
-0.1451849507921685,1,0.85,1.0,0.0
-0.1451849507921685,1,0.85,1.0,0.0
-0.1451849507921685,1,0.85,1.0,0.0
-0.1451849507921685,1,0.85,1.0,0.0
-0.1451849507921685,1,0.85,1.0,0.0
-0.1451849507921685,1,0.85,1.0,0.0
-0.1451849507921685,1,0.85,1.0,0.0
-0.1451849507921685,1,0.85,1.0,0.0
-0.1451849507921685,1,0.85,1.0,0.0
-0.1451849507921685,1,0.85,1.0,0.0
-0.1451849507921685,1,0.85,1.0,0.0
-0.1451849507921685,1,0.85,1.0,0.0
-0.1451849507921685,1,0.85,1.0,0.0
1.0603158231434595,1,0.85,1.0,0.0
1.0603158231434595,1,0.85,1.0,0.0
0.9405145039945774,1,0.85,1.0,0.0
0.9255393391009673,1,0.85,1.0,0.0
0.9180517566541619,1,0.85,1.0,0.0
-0.1451849507921685,1,0.85,1.0,0.0
-0.1451849507921685,1,0.85,1.0,0.0
-0.1451849507921685,1,0.85,1.0,0.0
-0.1451849507921685,1,0.85,1.0,0.0
-0.1451849507921685,1,0.85,1.0,0.0
-0.1451849507921685,1,0.85,1.0,0.0
-0.1451849507921685,1,0.85,1.0,0.0
-0.1451849507921685,1,0.85,1.0,0.0
-0.1451849507921685,1,0.85,1.0,0.0
-0.1451849507921685,1,0.85,1.0,0.0
-0.1451849507921685,1,0.85,1.0,0.0
-0.1451849507921685,1,0.85,1.0,0.0
-0.1451849507921685,1,0.85,1.0,0.0
-0.1451849507921685,1,0.85,1.0,0.0
-0.1451849507921685,1,0.85,1.0,0.0
-0.1451849507921685,1,0.85,1.0,0.0
-0.1451849507921685,1,0.85,1.0,0.0
-0.1451849507921685,1,0.85,1.0,0.0
-0.1451849507921685,1,0.85,1.0,0.0
-0.1451849507921685,1,0.85,1.0,0.0
-0.1451849507921685,1,0.85,1.0,0.0
-0.1451849507921685,1,0.85,1.0,0.0
-0.1451849507921685,1,0.85,1.0,0.0
-0.1451849507921685,1,0.85,1.0,0.0
-0.1451849507921685,1,0.85,1.0,0.0
-0.1451849507921685,1,0.85,1.0,0.0
-0.1451849507921685,1,0.85,1.0,0.0
-0.1451849507921685,1,0.85,1.0,0.0
-0.1451849507921685,1,0.85,1.0,0.0
-0.1451849507921685,1,0.85,1.0,0.0
-0.1451849507921685,1,0.85,1.0,0.0
-0.1451849507921685,1,0.85,1.0,0.0
-0.1451849507921685,1,0.85,1.0,0.0
-0.1451849507921685,1,0.85,1.0,0.0
-0.1451849507921685,1,0.85,1.0,0.0
-0.1451849507921685,1,0.85,1.0,0.0
-0.1451849507921685,1,0.85,1.0,0.0
1.0004151635690184,1,0.85,1.0,0.0
0.9330269215477724,1,0.85,1.0,0.0
0.9255393391009673,1,0.85,1.0,0.0
-0.1451849507921685,1,0.85,1.0,0.0
-0.1451849507921685,1,0.85,1.0,0.0
-0.1451849507921685,1,0.85,1.0,0.0
-0.1451849507921685,1,0.85,1.0,0.0
-0.1451849507921685,1,0.85,1.0,0.0
-0.1451849507921685,1,0.85,1.0,0.0
-0.1451849507921685,1,0.85,1.0,0.0
-0.1451849507921685,1,0.85,1.0,0.0
-0.1451849507921685,1,0.85,1.0,0.0
-0.1451849507921685,1,0.85,1.0,0.0
-0.1451849507921685,1,0.85,1.0,0.0
-0.1451849507921685,1,0.85,1.0,0.0
-0.1451849507921685,1,0.85,1.0,0.0
-0.1451849507921685,1,0.85,1.0,0.0
-0.1451849507921685,1,0.85,1.0,0.0
-0.1451849507921685,1,0.85,1.0,0.0
-0.1451849507921685,1,0.85,1.0,0.0
-0.1451849507921685,1,0.85,1.0,0.0
-0.1451849507921685,1,0.85,1.0,0.0
-0.1451849507921685,1,0.85,1.0,0.0
-0.1451849507921685,1,0.85,1.0,0.0
-0.1451849507921685,1,0.85,1.0,0.0
-0.1451849507921685,1,0.85,1.0,0.0
-0.1451849507921685,1,0.85,1.0,0.0
-0.1451849507921685,1,0.85,1.0,0.0
-0.1451849507921685,1,0.85,1.0,0.0
-0.1451849507921685,1,0.85,1.0,0.0
-0.1451849507921685,1,0.85,1.0,0.0
-0.1451849507921685,1,0.85,1.0,0.0
-0.1451849507921685,1,0.85,1.0,0.0
-0.1451849507921685,1,0.85,1.0,0.0
-0.1451849507921685,1,0.85,1.0,0.0
-0.1451849507921685,1,0.85,1.0,0.0
-0.1451849507921685,1,0.85,1.0,0.0
-0.1451849507921685,1,0.85,1.0,0.0
1.0453406582498492,1,0.85,1.0,0.0
0.977952416228603,1,0.85,1.0,0.0
0.9330269215477724,1,0.85,1.0,0.0
-0.1451849507921685,1,0.85,1.0,0.0
-0.1451849507921685,1,0.85,1.0,0.0
-0.1451849507921685,1,0.85,1.0,0.0
-0.1451849507921685,1,0.85,1.0,0.0
-0.1451849507921685,1,0.85,1.0,0.0
-0.1451849507921685,1,0.85,1.0,0.0
-0.1451849507921685,1,0.85,1.0,0.0
-0.1451849507921685,1,0.85,1.0,0.0
-0.1451849507921685,1,0.85,1.0,0.0
-0.1451849507921685,1,0.85,1.0,0.0
-0.1451849507921685,1,0.85,1.0,0.0
-0.1451849507921685,1,0.85,1.0,0.0
-0.1451849507921685,1,0.85,1.0,0.0
-0.1451849507921685,1,0.85,1.0,0.0
-0.1451849507921685,1,0.85,1.0,0.0
-0.1451849507921685,1,0.85,1.0,0.0
-0.1451849507921685,1,0.85,1.0,0.0
-0.1451849507921685,1,0.85,1.0,0.0
-0.1451849507921685,1,0.85,1.0,0.0
-0.1451849507921685,1,0.85,1.0,0.0
-0.1451849507921685,1,0.85,1.0,0.0
-0.1451849507921685,1,0.85,1.0,0.0
-0.1451849507921685,1,0.85,1.0,0.0
-0.1451849507921685,1,0.85,1.0,0.0
-0.1451849507921685,1,0.85,1.0,0.0
-0.1451849507921685,1,0.85,1.0,0.0
-0.1451849507921685,1,0.85,1.0,0.0
-0.1451849507921685,1,0.85,1.0,0.0
-0.1451849507921685,1,0.85,1.0,0.0
-0.1451849507921685,1,0.85,1.0,0.0
-0.1451849507921685,1,0.85,1.0,0.0
-0.1451849507921685,1,0.85,1.0,0.0
-0.1451849507921685,1,0.85,1.0,0.0
-0.1451849507921685,1,0.85,1.0,0.0
-0.1451849507921685,1,0.85,1.0,0.0
-0.1451849507921685,1,0.85,1.0,0.0
-0.1451849507921685,1,0.85,1.0,0.0
-0.1451849507921685,1,0.85,1.0,0.0
-0.1451849507921685,1,0.85,1.0,0.0
-0.1451849507921685,1,0.85,1.0,0.0
10.075365089096854,1,0.85,1.0,0.0
1.0004151635690184,1,0.85,1.0,0.0
0.9330269215477724,1,0.85,1.0,0.0
0.9255393391009673,1,0.85,1.0,0.0
-0.1451849507921685,1,0.85,1.0,0.0
-0.1451849507921685,1,0.85,1.0,0.0
-0.1451849507921685,1,0.85,1.0,0.0
-0.1451849507921685,1,0.85,1.0,0.0
-0.1451849507921685,1,0.85,1.0,0.0
-0.1451849507921685,1,0.85,1.0,0.0
-0.1451849507921685,1,0.85,1.0,0.0
-0.1451849507921685,1,0.85,1.0,0.0
-0.1451849507921685,1,0.85,1.0,0.0
-0.1451849507921685,1,0.85,1.0,0.0
-0.1451849507921685,1,0.85,1.0,0.0
-0.1451849507921685,1,0.85,1.0,0.0
-0.1451849507921685,1,0.85,1.0,0.0
-0.1451849507921685,1,0.85,1.0,0.0
-0.1451849507921685,1,0.85,1.0,0.0
-0.1451849507921685,1,0.85,1.0,0.0
-0.1451849507921685,1,0.85,1.0,0.0
-0.1451849507921685,1,0.85,1.0,0.0
-0.1451849507921685,1,0.85,1.0,0.0
-0.1451849507921685,1,0.85,1.0,0.0
-0.1451849507921685,1,0.85,1.0,0.0
-0.1451849507921685,1,0.85,1.0,0.0
-0.1451849507921685,1,0.85,1.0,0.0
-0.1451849507921685,1,0.85,1.0,0.0
-0.1451849507921685,1,0.85,1.0,0.0
-0.1451849507921685,1,0.85,1.0,0.0
-0.1451849507921685,1,0.85,1.0,0.0
-0.1451849507921685,1,0.85,1.0,0.0
-0.1451849507921685,1,0.85,1.0,0.0
-0.1451849507921685,1,0.85,1.0,0.0
-0.1451849507921685,1,0.85,1.0,0.0
-0.1451849507921685,1,0.85,1.0,0.0
-0.1451849507921685,1,0.85,1.0,0.0
-0.1451849507921685,1,0.85,1.0,0.0
-0.1451849507921685,1,0.85,1.0,0.0
-0.1451849507921685,1,0.85,1.0,0.0
-0.1451849507921685,1,0.85,1.0,0.0
-0.1451849507921685,1,0.85,1.0,0.0
1.0153903284626287,1,0.85,1.0,0.0
0.9330269215477724,1,0.85,1.0,0.0
0.9330269215477724,1,0.85,1.0,0.0
0.9255393391009673,1,0.85,1.0,0.0
-0.1451849507921685,1,0.85,1.0,0.0
-0.1451849507921685,1,0.85,1.0,0.0
-0.1451849507921685,1,0.85,1.0,0.0
-0.1451849507921685,1,0.85,1.0,0.0
-0.1451849507921685,1,0.85,1.0,0.0
-0.1451849507921685,1,0.85,1.0,0.0
-0.1451849507921685,1,0.85,1.0,0.0
-0.1451849507921685,1,0.85,1.0,0.0
-0.1451849507921685,1,0.85,1.0,0.0
-0.1451849507921685,1,0.85,1.0,0.0
-0.1451849507921685,1,0.85,1.0,0.0
-0.1451849507921685,1,0.85,1.0,0.0
-0.1451849507921685,1,0.85,1.0,0.0
-0.1451849507921685,1,0.85,1.0,0.0
-0.1451849507921685,1,0.85,1.0,0.0
-0.1451849507921685,1,0.85,1.0,0.0
-0.1451849507921685,1,0.85,1.0,0.0
-0.1451849507921685,1,0.85,1.0,0.0
-0.1451849507921685,1,0.85,1.0,0.0
-0.1451849507921685,1,0.85,1.0,0.0
-0.1451849507921685,1,0.85,1.0,0.0
-0.1451849507921685,1,0.85,1.0,0.0
-0.1451849507921685,1,0.85,1.0,0.0
-0.1451849507921685,1,0.85,1.0,0.0
-0.1451849507921685,1,0.85,1.0,0.0
-0.1451849507921685,1,0.85,1.0,0.0
-0.1451849507921685,1,0.85,1.0,0.0
-0.1451849507921685,1,0.85,1.0,0.0
-0.1451849507921685,1,0.85,1.0,0.0
-0.1451849507921685,1,0.85,1.0,0.0
-0.1451849507921685,1,0.85,1.0,0.0
-0.1451849507921685,1,0.85,1.0,0.0
-0.1451849507921685,1,0.85,1.0,0.0
-0.1451849507921685,1,0.85,1.0,0.0
-0.1451849507921685,1,0.85,1.0,0.0
-0.1451849507921685,1,0.85,1.0,0.0
0.9929275811222132,1,0.85,1.0,0.0
0.9929275811222132,1,0.85,1.0,0.0
0.9405145039945774,1,0.85,1.0,0.0
0.9330269215477724,1,0.85,1.0,0.0
0.9255393391009673,1,0.85,1.0,0.0
-0.1451849507921685,1,0.85,1.0,0.0
-0.1451849507921685,1,0.85,1.0,0.0
-0.1451849507921685,1,0.85,1.0,0.0
-0.1451849507921685,1,0.85,1.0,0.0
-0.1451849507921685,1,0.85,1.0,0.0
-0.1451849507921685,1,0.85,1.0,0.0
-0.1451849507921685,1,0.85,1.0,0.0
-0.1451849507921685,1,0.85,1.0,0.0
-0.1451849507921685,1,0.85,1.0,0.0
-0.1451849507921685,1,0.85,1.0,0.0
-0.1451849507921685,1,0.85,1.0,0.0
-0.1451849507921685,1,0.85,1.0,0.0
-0.1451849507921685,1,0.85,1.0,0.0
-0.1451849507921685,1,0.85,1.0,0.0
-0.1451849507921685,1,0.85,1.0,0.0
-0.1451849507921685,1,0.85,1.0,0.0
-0.1451849507921685,1,0.85,1.0,0.0
-0.1451849507921685,1,0.85,1.0,0.0
-0.1451849507921685,1,0.85,1.0,0.0
-0.1451849507921685,1,0.85,1.0,0.0
-0.1451849507921685,1,0.85,1.0,0.0
-0.1451849507921685,1,0.85,1.0,0.0
-0.1451849507921685,1,0.85,1.0,0.0
-0.1451849507921685,1,0.85,1.0,0.0
-0.1451849507921685,1,0.85,1.0,0.0
-0.1451849507921685,1,0.85,1.0,0.0
-0.1451849507921685,1,0.85,1.0,0.0
-0.1451849507921685,1,0.85,1.0,0.0
-0.1451849507921685,1,0.85,1.0,0.0
-0.1451849507921685,1,0.85,1.0,0.0
-0.1451849507921685,1,0.85,1.0,0.0
-0.1451849507921685,1,0.85,1.0,0.0
-0.1451849507921685,1,0.85,1.0,0.0
-0.1451849507921685,1,0.85,1.0,0.0
-0.1451849507921685,1,0.85,1.0,0.0
1.0827785704838748,1,0.85,1.0,0.0
1.0827785704838748,1,0.85,1.0,0.0
0.9554896688881876,1,0.85,1.0,0.0
0.9405145039945774,1,0.85,1.0,0.0
0.9330269215477724,1,0.85,1.0,0.0
0.9180517566541619,1,0.85,1.0,0.0
-0.1451849507921685,1,0.85,1.0,0.0
-0.1451849507921685,1,0.85,1.0,0.0
-0.1451849507921685,1,0.85,1.0,0.0
-0.1451849507921685,1,0.85,1.0,0.0
-0.1451849507921685,1,0.85,1.0,0.0
-0.1451849507921685,1,0.85,1.0,0.0
-0.1451849507921685,1,0.85,1.0,0.0
-0.1451849507921685,1,0.85,1.0,0.0
-0.1451849507921685,1,0.85,1.0,0.0
-0.1451849507921685,1,0.85,1.0,0.0
-0.1451849507921685,1,0.85,1.0,0.0
-0.1451849507921685,1,0.85,1.0,0.0
-0.1451849507921685,1,0.85,1.0,0.0
-0.1451849507921685,1,0.85,1.0,0.0
-0.1451849507921685,1,0.85,1.0,0.0
-0.1451849507921685,1,0.85,1.0,0.0
-0.1451849507921685,1,0.85,1.0,0.0
-0.1451849507921685,1,0.85,1.0,0.0
-0.1451849507921685,1,0.85,1.0,0.0
-0.1451849507921685,1,0.85,1.0,0.0
-0.1451849507921685,1,0.85,1.0,0.0
-0.1451849507921685,1,0.85,1.0,0.0
-0.1451849507921685,1,0.85,1.0,0.0
-0.1451849507921685,1,0.85,1.0,0.0
-0.1451849507921685,1,0.85,1.0,0.0
-0.1451849507921685,1,0.85,1.0,0.0
-0.1451849507921685,1,0.85,1.0,0.0
-0.1451849507921685,1,0.85,1.0,0.0
-0.1451849507921685,1,0.85,1.0,0.0
-0.1451849507921685,1,0.85,1.0,0.0
-0.1451849507921685,1,0.85,1.0,0.0
-0.1451849507921685,1,0.85,1.0,0.0
-0.1451849507921685,1,0.85,1.0,0.0
-0.1451849507921685,1,0.85,1.0,0.0
-0.1451849507921685,1,0.85,1.0,0.0
1.0752909880370698,1,0.85,1.0,0.0
0.9405145039945774,1,0.85,1.0,0.0
0.9405145039945774,1,0.85,1.0,0.0
0.9255393391009673,1,0.85,1.0,0.0
-0.1451849507921685,1,0.85,1.0,0.0
-0.1451849507921685,1,0.85,1.0,0.0
-0.1451849507921685,1,0.85,1.0,0.0
-0.1451849507921685,1,0.85,1.0,0.0
-0.1451849507921685,1,0.85,1.0,0.0
-0.1451849507921685,1,0.85,1.0,0.0
-0.1451849507921685,1,0.85,1.0,0.0
-0.1451849507921685,1,0.85,1.0,0.0
-0.1451849507921685,1,0.85,1.0,0.0
-0.1451849507921685,1,0.85,1.0,0.0
-0.1451849507921685,1,0.85,1.0,0.0
-0.1451849507921685,1,0.85,1.0,0.0
-0.1451849507921685,1,0.85,1.0,0.0
-0.1451849507921685,1,0.85,1.0,0.0
-0.1451849507921685,1,0.85,1.0,0.0
-0.1451849507921685,1,0.85,1.0,0.0
-0.1451849507921685,1,0.85,1.0,0.0
-0.1451849507921685,1,0.85,1.0,0.0
-0.1451849507921685,1,0.85,1.0,0.0
-0.1451849507921685,1,0.85,1.0,0.0
-0.1451849507921685,1,0.85,1.0,0.0
-0.1451849507921685,1,0.85,1.0,0.0
-0.1451849507921685,1,0.85,1.0,0.0
-0.1451849507921685,1,0.85,1.0,0.0
-0.1451849507921685,1,0.85,1.0,0.0
-0.1451849507921685,1,0.85,1.0,0.0
-0.1451849507921685,1,0.85,1.0,0.0
-0.1451849507921685,1,0.85,1.0,0.0
-0.1451849507921685,1,0.85,1.0,0.0
-0.1451849507921685,1,0.85,1.0,0.0
-0.1451849507921685,1,0.85,1.0,0.0
-0.1451849507921685,1,0.85,1.0,0.0
-0.1451849507921685,1,0.85,1.0,0.0
-0.1451849507921685,1,0.85,1.0,0.0
-0.1451849507921685,1,0.85,1.0,0.0
-0.1451849507921685,1,0.85,1.0,0.0
-0.1451849507921685,1,0.85,1.0,0.0
1.0678034055902648,1,0.85,1.0,0.0
0.9554896688881876,1,0.85,1.0,0.0
0.9180517566541619,1,0.85,1.0,0.0
0.9180517566541619,1,0.85,1.0,0.0
-0.1451849507921685,1,0.85,1.0,0.0
-0.1451849507921685,1,0.85,1.0,0.0
-0.1451849507921685,1,0.85,1.0,0.0
-0.1451849507921685,1,0.85,1.0,0.0
-0.1451849507921685,1,0.85,1.0,0.0
-0.1451849507921685,1,0.85,1.0,0.0
-0.1451849507921685,1,0.85,1.0,0.0
-0.1451849507921685,1,0.85,1.0,0.0
-0.1451849507921685,1,0.85,1.0,0.0
-0.1451849507921685,1,0.85,1.0,0.0
-0.1451849507921685,1,0.85,1.0,0.0
-0.1451849507921685,1,0.85,1.0,0.0
-0.1451849507921685,1,0.85,1.0,0.0
-0.1451849507921685,1,0.85,1.0,0.0
-0.1451849507921685,1,0.85,1.0,0.0
-0.1451849507921685,1,0.85,1.0,0.0
-0.1451849507921685,1,0.85,1.0,0.0
-0.1451849507921685,1,0.85,1.0,0.0
-0.1451849507921685,1,0.85,1.0,0.0
-0.1451849507921685,1,0.85,1.0,0.0
-0.1451849507921685,1,0.85,1.0,0.0
-0.1451849507921685,1,0.85,1.0,0.0
-0.1451849507921685,1,0.85,1.0,0.0
-0.1451849507921685,1,0.85,1.0,0.0
-0.1451849507921685,1,0.85,1.0,0.0
-0.1451849507921685,1,0.85,1.0,0.0
-0.1451849507921685,1,0.85,1.0,0.0
-0.1451849507921685,1,0.85,1.0,0.0
-0.1451849507921685,1,0.85,1.0,0.0
-0.1451849507921685,1,0.85,1.0,0.0
-0.1451849507921685,1,0.85,1.0,0.0
-0.1451849507921685,1,0.85,1.0,0.0
1.0827785704838748,1,0.85,1.0,0.0
0.9554896688881876,1,0.85,1.0,0.0
0.9405145039945774,1,0.85,1.0,0.0
-0.1451849507921685,1,0.85,1.0,0.0
-0.1451849507921685,1,0.85,1.0,0.0
-0.1451849507921685,1,0.85,1.0,0.0
-0.1451849507921685,1,0.85,1.0,0.0
-0.1451849507921685,1,0.85,1.0,0.0
-0.1451849507921685,1,0.85,1.0,0.0
-0.1451849507921685,1,0.85,1.0,0.0
-0.1451849507921685,1,0.85,1.0,0.0
-0.1451849507921685,1,0.85,1.0,0.0
-0.1451849507921685,1,0.85,1.0,0.0
-0.1451849507921685,1,0.85,1.0,0.0
-0.1451849507921685,1,0.85,1.0,0.0
-0.1451849507921685,1,0.85,1.0,0.0
-0.1451849507921685,1,0.85,1.0,0.0
-0.1451849507921685,1,0.85,1.0,0.0
-0.1451849507921685,1,0.85,1.0,0.0
-0.1451849507921685,1,0.85,1.0,0.0
-0.1451849507921685,1,0.85,1.0,0.0
-0.1451849507921685,1,0.85,1.0,0.0
-0.1451849507921685,1,0.85,1.0,0.0
-0.1451849507921685,1,0.85,1.0,0.0
-0.1451849507921685,1,0.85,1.0,0.0
-0.1451849507921685,1,0.85,1.0,0.0
-0.1451849507921685,1,0.85,1.0,0.0
-0.1451849507921685,1,0.85,1.0,0.0
-0.1451849507921685,1,0.85,1.0,0.0
-0.1451849507921685,1,0.85,1.0,0.0
-0.1451849507921685,1,0.85,1.0,0.0
-0.1451849507921685,1,0.85,1.0,0.0
-0.1451849507921685,1,0.85,1.0,0.0
-0.1451849507921685,1,0.85,1.0,0.0
-0.1451849507921685,1,0.85,1.0,0.0
-0.1451849507921685,1,0.85,1.0,0.0
-0.1451849507921685,1,0.85,1.0,0.0
-0.1451849507921685,1,0.85,1.0,0.0
-0.1451849507921685,1,0.85,1.0,0.0
-0.1451849507921685,1,0.85,1.0,0.0
-0.1451849507921685,1,0.85,1.0,0.0
1.0827785704838748,1,0.85,1.0,0.0
0.9704648337817978,1,0.85,1.0,0.0
0.9405145039945774,1,0.85,1.0,0.0
0.9405145039945774,1,0.85,1.0,0.0
0.9255393391009673,1,0.85,1.0,0.0
-0.1451849507921685,1,0.85,1.0,0.0
-0.1451849507921685,1,0.85,1.0,0.0
-0.1451849507921685,1,0.85,1.0,0.0
-0.1451849507921685,1,0.85,1.0,0.0
-0.1451849507921685,1,0.85,1.0,0.0
-0.1451849507921685,1,0.85,1.0,0.0
-0.1451849507921685,1,0.85,1.0,0.0
-0.1451849507921685,1,0.85,1.0,0.0
-0.1451849507921685,1,0.85,1.0,0.0
-0.1451849507921685,1,0.85,1.0,0.0
-0.1451849507921685,1,0.85,1.0,0.0
-0.1451849507921685,1,0.85,1.0,0.0
-0.1451849507921685,1,0.85,1.0,0.0
-0.1451849507921685,1,0.85,1.0,0.0
-0.1451849507921685,1,0.85,1.0,0.0
-0.1451849507921685,1,0.85,1.0,0.0
-0.1451849507921685,1,0.85,1.0,0.0
-0.1451849507921685,1,0.85,1.0,0.0
-0.1451849507921685,1,0.85,1.0,0.0
-0.1451849507921685,1,0.85,1.0,0.0
-0.1451849507921685,1,0.85,1.0,0.0
-0.1451849507921685,1,0.85,1.0,0.0
-0.1451849507921685,1,0.85,1.0,0.0
-0.1451849507921685,1,0.85,1.0,0.0
-0.1451849507921685,1,0.85,1.0,0.0
-0.1451849507921685,1,0.85,1.0,0.0
-0.1451849507921685,1,0.85,1.0,0.0
-0.1451849507921685,1,0.85,1.0,0.0
-0.1451849507921685,1,0.85,1.0,0.0
-0.1451849507921685,1,0.85,1.0,0.0
-0.1451849507921685,1,0.85,1.0,0.0
-0.1451849507921685,1,0.85,1.0,0.0
-0.1451849507921685,1,0.85,1.0,0.0
-0.1451849507921685,1,0.85,1.0,0.0
1.0004151635690184,1,0.85,1.0,0.0
1.0004151635690184,1,0.85,1.0,0.0
0.9405145039945774,1,0.85,1.0,0.0
0.9405145039945774,1,0.85,1.0,0.0
0.9255393391009673,1,0.85,1.0,0.0
-0.1451849507921685,1,0.85,1.0,0.0
-0.1451849507921685,1,0.85,1.0,0.0
-0.1451849507921685,1,0.85,1.0,0.0
-0.1451849507921685,1,0.85,1.0,0.0
-0.1451849507921685,1,0.85,1.0,0.0
-0.1451849507921685,1,0.85,1.0,0.0
-0.1451849507921685,1,0.85,1.0,0.0
-0.1451849507921685,1,0.85,1.0,0.0
-0.1451849507921685,1,0.85,1.0,0.0
-0.1451849507921685,1,0.85,1.0,0.0
-0.1451849507921685,1,0.85,1.0,0.0
-0.1451849507921685,1,0.85,1.0,0.0
-0.1451849507921685,1,0.85,1.0,0.0
-0.1451849507921685,1,0.85,1.0,0.0
-0.1451849507921685,1,0.85,1.0,0.0
-0.1451849507921685,1,0.85,1.0,0.0
-0.1451849507921685,1,0.85,1.0,0.0
-0.1451849507921685,1,0.85,1.0,0.0
-0.1451849507921685,1,0.85,1.0,0.0
-0.1451849507921685,1,0.85,1.0,0.0
-0.1451849507921685,1,0.85,1.0,0.0
-0.1451849507921685,1,0.85,1.0,0.0
-0.1451849507921685,1,0.85,1.0,0.0
-0.1451849507921685,1,0.85,1.0,0.0
-0.1451849507921685,1,0.85,1.0,0.0
-0.1451849507921685,1,0.85,1.0,0.0
-0.1451849507921685,1,0.85,1.0,0.0
-0.1451849507921685,1,0.85,1.0,0.0
-0.1451849507921685,1,0.85,1.0,0.0
-0.1451849507921685,1,0.85,1.0,0.0
-0.1451849507921685,1,0.85,1.0,0.0
-0.1451849507921685,1,0.85,1.0,0.0
-0.1451849507921685,1,0.85,1.0,0.0
-0.1451849507921685,1,0.85,1.0,0.0
-0.1451849507921685,1,0.85,1.0,0.0
-0.1451849507921685,1,0.85,1.0,0.0
-0.1451849507921685,1,0.85,1.0,0.0
0.9405145039945774,1,0.85,1.0,0.0
0.9405145039945774,1,0.85,1.0,0.0
0.9180517566541619,1,0.85,1.0,0.0
0.9180517566541619,1,0.85,1.0,0.0
-0.1451849507921685,1,0.85,1.0,0.0
-0.1451849507921685,1,0.85,1.0,0.0
-0.1451849507921685,1,0.85,1.0,0.0
-0.1451849507921685,1,0.85,1.0,0.0
-0.1451849507921685,1,0.85,1.0,0.0
-0.1451849507921685,1,0.85,1.0,0.0
-0.1451849507921685,1,0.85,1.0,0.0
-0.1451849507921685,1,0.85,1.0,0.0
-0.1451849507921685,1,0.85,1.0,0.0
-0.1451849507921685,1,0.85,1.0,0.0
-0.1451849507921685,1,0.85,1.0,0.0
-0.1451849507921685,1,0.85,1.0,0.0
-0.1451849507921685,1,0.85,1.0,0.0
-0.1451849507921685,1,0.85,1.0,0.0
-0.1451849507921685,1,0.85,1.0,0.0
-0.1451849507921685,1,0.85,1.0,0.0
-0.1451849507921685,1,0.85,1.0,0.0
-0.1451849507921685,1,0.85,1.0,0.0
-0.1451849507921685,1,0.85,1.0,0.0
-0.1451849507921685,1,0.85,1.0,0.0
-0.1451849507921685,1,0.85,1.0,0.0
-0.1451849507921685,1,0.85,1.0,0.0
-0.1451849507921685,1,0.85,1.0,0.0
-0.1451849507921685,1,0.85,1.0,0.0
-0.1451849507921685,1,0.85,1.0,0.0
-0.1451849507921685,1,0.85,1.0,0.0
-0.1451849507921685,1,0.85,1.0,0.0
-0.1451849507921685,1,0.85,1.0,0.0
-0.1451849507921685,1,0.85,1.0,0.0
-0.1451849507921685,1,0.85,1.0,0.0
-0.1451849507921685,1,0.85,1.0,0.0
-0.1451849507921685,1,0.85,1.0,0.0
-0.1451849507921685,1,0.85,1.0,0.0
-0.1451849507921685,1,0.85,1.0,0.0
-0.1451849507921685,1,0.85,1.0,0.0
-0.1451849507921685,1,0.85,1.0,0.0
-0.1451849507921685,1,0.85,1.0,0.0
1.030365493356239,1,0.85,1.0,0.0
1.0004151635690184,1,0.85,1.0,0.0
0.9255393391009673,1,0.85,1.0,0.0
0.9255393391009673,1,0.85,1.0,0.0
-0.1451849507921685,1,0.85,1.0,0.0
-0.1451849507921685,1,0.85,1.0,0.0
-0.1451849507921685,1,0.85,1.0,0.0
-0.1451849507921685,1,0.85,1.0,0.0
-0.1451849507921685,1,0.85,1.0,0.0
-0.1451849507921685,1,0.85,1.0,0.0
-0.1451849507921685,1,0.85,1.0,0.0
-0.1451849507921685,1,0.85,1.0,0.0
-0.1451849507921685,1,0.85,1.0,0.0
-0.1451849507921685,1,0.85,1.0,0.0
-0.1451849507921685,1,0.85,1.0,0.0
-0.1451849507921685,1,0.85,1.0,0.0
-0.1451849507921685,1,0.85,1.0,0.0
-0.1451849507921685,1,0.85,1.0,0.0
-0.1451849507921685,1,0.85,1.0,0.0
-0.1451849507921685,1,0.85,1.0,0.0
-0.1451849507921685,1,0.85,1.0,0.0
-0.1451849507921685,1,0.85,1.0,0.0
-0.1451849507921685,1,0.85,1.0,0.0
-0.1451849507921685,1,0.85,1.0,0.0
-0.1451849507921685,1,0.85,1.0,0.0
-0.1451849507921685,1,0.85,1.0,0.0
-0.1451849507921685,1,0.85,1.0,0.0
-0.1451849507921685,1,0.85,1.0,0.0
-0.1451849507921685,1,0.85,1.0,0.0
-0.1451849507921685,1,0.85,1.0,0.0
-0.1451849507921685,1,0.85,1.0,0.0
-0.1451849507921685,1,0.85,1.0,0.0
-0.1451849507921685,1,0.85,1.0,0.0
-0.1451849507921685,1,0.85,1.0,0.0
-0.1451849507921685,1,0.85,1.0,0.0
-0.1451849507921685,1,0.85,1.0,0.0
-0.1451849507921685,1,0.85,1.0,0.0
-0.1451849507921685,1,0.85,1.0,0.0
-0.1451849507921685,1,0.85,1.0,0.0
-0.1451849507921685,1,0.85,1.0,0.0
1.0827785704838748,1,0.85,1.0,0.0
1.0827785704838748,1,0.85,1.0,0.0
0.9554896688881876,1,0.85,1.0,0.0
0.9405145039945774,1,0.85,1.0,0.0
-0.1451849507921685,1,0.85,1.0,0.0
-0.1451849507921685,1,0.85,1.0,0.0
-0.1451849507921685,1,0.85,1.0,0.0
-0.1451849507921685,1,0.85,1.0,0.0
-0.1451849507921685,1,0.85,1.0,0.0
-0.1451849507921685,1,0.85,1.0,0.0
-0.1451849507921685,1,0.85,1.0,0.0
-0.1451849507921685,1,0.85,1.0,0.0
-0.1451849507921685,1,0.85,1.0,0.0
-0.1451849507921685,1,0.85,1.0,0.0
-0.1451849507921685,1,0.85,1.0,0.0
-0.1451849507921685,1,0.85,1.0,0.0
-0.1451849507921685,1,0.85,1.0,0.0
-0.1451849507921685,1,0.85,1.0,0.0
-0.1451849507921685,1,0.85,1.0,0.0
-0.1451849507921685,1,0.85,1.0,0.0
-0.1451849507921685,1,0.85,1.0,0.0
-0.1451849507921685,1,0.85,1.0,0.0
-0.1451849507921685,1,0.85,1.0,0.0
-0.1451849507921685,1,0.85,1.0,0.0
-0.1451849507921685,1,0.85,1.0,0.0
-0.1451849507921685,1,0.85,1.0,0.0
-0.1451849507921685,1,0.85,1.0,0.0
-0.1451849507921685,1,0.85,1.0,0.0
-0.1451849507921685,1,0.85,1.0,0.0
-0.1451849507921685,1,0.85,1.0,0.0
-0.1451849507921685,1,0.85,1.0,0.0
-0.1451849507921685,1,0.85,1.0,0.0
-0.1451849507921685,1,0.85,1.0,0.0
-0.1451849507921685,1,0.85,1.0,0.0
-0.1451849507921685,1,0.85,1.0,0.0
-0.1451849507921685,1,0.85,1.0,0.0
-0.1451849507921685,1,0.85,1.0,0.0
-0.1451849507921685,1,0.85,1.0,0.0
-0.1451849507921685,1,0.85,1.0,0.0
-0.1451849507921685,1,0.85,1.0,0.0
-0.1451849507921685,1,0.85,1.0,0.0
-0.1451849507921685,1,0.85,1.0,0.0
1.0678034055902648,1,0.85,1.0,0.0
0.9554896688881876,1,0.85,1.0,0.0
0.9405145039945774,1,0.85,1.0,0.0
0.9330269215477724,1,0.85,1.0,0.0
-0.1451849507921685,1,0.85,1.0,0.0
-0.1451849507921685,1,0.85,1.0,0.0
-0.1451849507921685,1,0.85,1.0,0.0
-0.1451849507921685,1,0.85,1.0,0.0
-0.1451849507921685,1,0.85,1.0,0.0
-0.1451849507921685,1,0.85,1.0,0.0
-0.1451849507921685,1,0.85,1.0,0.0
-0.1451849507921685,1,0.85,1.0,0.0
-0.1451849507921685,1,0.85,1.0,0.0
-0.1451849507921685,1,0.85,1.0,0.0
-0.1451849507921685,1,0.85,1.0,0.0
-0.1451849507921685,1,0.85,1.0,0.0
-0.1451849507921685,1,0.85,1.0,0.0
-0.1451849507921685,1,0.85,1.0,0.0
-0.1451849507921685,1,0.85,1.0,0.0
-0.1451849507921685,1,0.85,1.0,0.0
-0.1451849507921685,1,0.85,1.0,0.0
-0.1451849507921685,1,0.85,1.0,0.0
-0.1451849507921685,1,0.85,1.0,0.0
-0.1451849507921685,1,0.85,1.0,0.0
-0.1451849507921685,1,0.85,1.0,0.0
-0.1451849507921685,1,0.85,1.0,0.0
-0.1451849507921685,1,0.85,1.0,0.0
-0.1451849507921685,1,0.85,1.0,0.0
-0.1451849507921685,1,0.85,1.0,0.0
-0.1451849507921685,1,0.85,1.0,0.0
-0.1451849507921685,1,0.85,1.0,0.0
-0.1451849507921685,1,0.85,1.0,0.0
-0.1451849507921685,1,0.85,1.0,0.0
-0.1451849507921685,1,0.85,1.0,0.0
-0.1451849507921685,1,0.85,1.0,0.0
-0.1451849507921685,1,0.85,1.0,0.0
-0.1451849507921685,1,0.85,1.0,0.0
-0.1451849507921685,1,0.85,1.0,0.0
-0.1451849507921685,1,0.85,1.0,0.0
-0.1451849507921685,1,0.85,1.0,0.0
1.0752909880370698,1,0.85,1.0,0.0
0.9554896688881876,1,0.85,1.0,0.0
0.9405145039945774,1,0.85,1.0,0.0
0.9330269215477724,1,0.85,1.0,0.0
0.9180517566541619,1,0.85,1.0,0.0
-0.1451849507921685,1,0.85,1.0,0.0
-0.1451849507921685,1,0.85,1.0,0.0
-0.1451849507921685,1,0.85,1.0,0.0
-0.1451849507921685,1,0.85,1.0,0.0
-0.1451849507921685,1,0.85,1.0,0.0
-0.1451849507921685,1,0.85,1.0,0.0
-0.1451849507921685,1,0.85,1.0,0.0
-0.1451849507921685,1,0.85,1.0,0.0
-0.1451849507921685,1,0.85,1.0,0.0
-0.1451849507921685,1,0.85,1.0,0.0
-0.1451849507921685,1,0.85,1.0,0.0
-0.1451849507921685,1,0.85,1.0,0.0
-0.1451849507921685,1,0.85,1.0,0.0
-0.1451849507921685,1,0.85,1.0,0.0
-0.1451849507921685,1,0.85,1.0,0.0
-0.1451849507921685,1,0.85,1.0,0.0
-0.1451849507921685,1,0.85,1.0,0.0
-0.1451849507921685,1,0.85,1.0,0.0
-0.1451849507921685,1,0.85,1.0,0.0
-0.1451849507921685,1,0.85,1.0,0.0
-0.1451849507921685,1,0.85,1.0,0.0
-0.1451849507921685,1,0.85,1.0,0.0
-0.1451849507921685,1,0.85,1.0,0.0
-0.1451849507921685,1,0.85,1.0,0.0
-0.1451849507921685,1,0.85,1.0,0.0
-0.1451849507921685,1,0.85,1.0,0.0
-0.1451849507921685,1,0.85,1.0,0.0
-0.1451849507921685,1,0.85,1.0,0.0
-0.1451849507921685,1,0.85,1.0,0.0
-0.1451849507921685,1,0.85,1.0,0.0
-0.1451849507921685,1,0.85,1.0,0.0
-0.1451849507921685,1,0.85,1.0,0.0
-0.1451849507921685,1,0.85,1.0,0.0
-0.1451849507921685,1,0.85,1.0,0.0
-0.1451849507921685,1,0.85,1.0,0.0
1.09026615293068,1,0.85,1.0,0.0
1.09026615293068,1,0.85,1.0,0.0
0.9629772513349929,1,0.85,1.0,0.0
0.9405145039945774,1,0.85,1.0,0.0
0.9405145039945774,1,0.85,1.0,0.0
0.9255393391009673,1,0.85,1.0,0.0
-0.1451849507921685,1,0.85,1.0,0.0
-0.1451849507921685,1,0.85,1.0,0.0
-0.1451849507921685,1,0.85,1.0,0.0
-0.1451849507921685,1,0.85,1.0,0.0
-0.1451849507921685,1,0.85,1.0,0.0
-0.1451849507921685,1,0.85,1.0,0.0
-0.1451849507921685,1,0.85,1.0,0.0
-0.1451849507921685,1,0.85,1.0,0.0
-0.1451849507921685,1,0.85,1.0,0.0
-0.1451849507921685,1,0.85,1.0,0.0
-0.1451849507921685,1,0.85,1.0,0.0
-0.1451849507921685,1,0.85,1.0,0.0
-0.1451849507921685,1,0.85,1.0,0.0
-0.1451849507921685,1,0.85,1.0,0.0
-0.1451849507921685,1,0.85,1.0,0.0
-0.1451849507921685,1,0.85,1.0,0.0
-0.1451849507921685,1,0.85,1.0,0.0
-0.1451849507921685,1,0.85,1.0,0.0
-0.1451849507921685,1,0.85,1.0,0.0
-0.1451849507921685,1,0.85,1.0,0.0
-0.1451849507921685,1,0.85,1.0,0.0
-0.1451849507921685,1,0.85,1.0,0.0
-0.1451849507921685,1,0.85,1.0,0.0
-0.1451849507921685,1,0.85,1.0,0.0
-0.1451849507921685,1,0.85,1.0,0.0
-0.1451849507921685,1,0.85,1.0,0.0
-0.1451849507921685,1,0.85,1.0,0.0
-0.1451849507921685,1,0.85,1.0,0.0
-0.1451849507921685,1,0.85,1.0,0.0
-0.1451849507921685,1,0.85,1.0,0.0
-0.1451849507921685,1,0.85,1.0,0.0
-0.1451849507921685,1,0.85,1.0,0.0
-0.1451849507921685,1,0.85,1.0,0.0
-0.1451849507921685,1,0.85,1.0,0.0
-0.1451849507921685,1,0.85,1.0,0.0
-0.1451849507921685,1,0.85,1.0,0.0
-0.1451849507921685,1,0.85,1.0,0.0
1.0153903284626287,1,0.85,1.0,0.0
1.0153903284626287,1,0.85,1.0,0.0
1.0004151635690184,1,0.85,1.0,0.0
0.9405145039945774,1,0.85,1.0,0.0
0.9330269215477724,1,0.85,1.0,0.0
0.9255393391009673,1,0.85,1.0,0.0
-0.1451849507921685,1,0.85,1.0,0.0
-0.1451849507921685,1,0.85,1.0,0.0
-0.1451849507921685,1,0.85,1.0,0.0
-0.1451849507921685,1,0.85,1.0,0.0
-0.1451849507921685,1,0.85,1.0,0.0
-0.1451849507921685,1,0.85,1.0,0.0
-0.1451849507921685,1,0.85,1.0,0.0
-0.1451849507921685,1,0.85,1.0,0.0
-0.1451849507921685,1,0.85,1.0,0.0
-0.1451849507921685,1,0.85,1.0,0.0
-0.1451849507921685,1,0.85,1.0,0.0
-0.1451849507921685,1,0.85,1.0,0.0
-0.1451849507921685,1,0.85,1.0,0.0
-0.1451849507921685,1,0.85,1.0,0.0
-0.1451849507921685,1,0.85,1.0,0.0
-0.1451849507921685,1,0.85,1.0,0.0
-0.1451849507921685,1,0.85,1.0,0.0
-0.1451849507921685,1,0.85,1.0,0.0
-0.1451849507921685,1,0.85,1.0,0.0
-0.1451849507921685,1,0.85,1.0,0.0
-0.1451849507921685,1,0.85,1.0,0.0
-0.1451849507921685,1,0.85,1.0,0.0
-0.1451849507921685,1,0.85,1.0,0.0
-0.1451849507921685,1,0.85,1.0,0.0
-0.1451849507921685,1,0.85,1.0,0.0
-0.1451849507921685,1,0.85,1.0,0.0
-0.1451849507921685,1,0.85,1.0,0.0
-0.1451849507921685,1,0.85,1.0,0.0
-0.1451849507921685,1,0.85,1.0,0.0
-0.1451849507921685,1,0.85,1.0,0.0
-0.1451849507921685,1,0.85,1.0,0.0
-0.1451849507921685,1,0.85,1.0,0.0
-0.1451849507921685,1,0.85,1.0,0.0
-0.1451849507921685,1,0.85,1.0,0.0
-0.1451849507921685,1,0.85,1.0,0.0
-0.1451849507921685,1,0.85,1.0,0.0
-0.1451849507921685,1,0.85,1.0,0.0
-0.1451849507921685,1,0.85,1.0,0.0
0.9330269215477724,1,0.85,1.0,0.0
0.9330269215477724,1,0.85,1.0,0.0
0.9255393391009673,1,0.85,1.0,0.0
0.9105641742073568,1,0.85,1.0,0.0
-0.1451849507921685,1,0.85,1.0,0.0
-0.1451849507921685,1,0.85,1.0,0.0
-0.1451849507921685,1,0.85,1.0,0.0
-0.1451849507921685,1,0.85,1.0,0.0
-0.1451849507921685,1,0.85,1.0,0.0
-0.1451849507921685,1,0.85,1.0,0.0
-0.1451849507921685,1,0.85,1.0,0.0
-0.1451849507921685,1,0.85,1.0,0.0
-0.1451849507921685,1,0.85,1.0,0.0
-0.1451849507921685,1,0.85,1.0,0.0
-0.1451849507921685,1,0.85,1.0,0.0
-0.1451849507921685,1,0.85,1.0,0.0
-0.1451849507921685,1,0.85,1.0,0.0
-0.1451849507921685,1,0.85,1.0,0.0
-0.1451849507921685,1,0.85,1.0,0.0
-0.1451849507921685,1,0.85,1.0,0.0
-0.1451849507921685,1,0.85,1.0,0.0
-0.1451849507921685,1,0.85,1.0,0.0
-0.1451849507921685,1,0.85,1.0,0.0
-0.1451849507921685,1,0.85,1.0,0.0
-0.1451849507921685,1,0.85,1.0,0.0
-0.1451849507921685,1,0.85,1.0,0.0
-0.1451849507921685,1,0.85,1.0,0.0
-0.1451849507921685,1,0.85,1.0,0.0
-0.1451849507921685,1,0.85,1.0,0.0
-0.1451849507921685,1,0.85,1.0,0.0
-0.1451849507921685,1,0.85,1.0,0.0
-0.1451849507921685,1,0.85,1.0,0.0
-0.1451849507921685,1,0.85,1.0,0.0
-0.1451849507921685,1,0.85,1.0,0.0
-0.1451849507921685,1,0.85,1.0,0.0
-0.1451849507921685,1,0.85,1.0,0.0
-0.1451849507921685,1,0.85,1.0,0.0
-0.1451849507921685,1,0.85,1.0,0.0
-0.1451849507921685,1,0.85,1.0,0.0
-0.1451849507921685,1,0.85,1.0,0.0
-0.1451849507921685,1,0.85,1.0,0.0
-0.1451849507921685,1,0.85,1.0,0.0
-0.1451849507921685,1,0.85,1.0,0.0
1.0378530758030442,1,0.85,1.0,0.0
0.9405145039945774,1,0.85,1.0,0.0
0.9330269215477724,1,0.85,1.0,0.0
0.9255393391009673,1,0.85,1.0,0.0
0.9105641742073568,1,0.85,1.0,0.0
-0.1451849507921685,1,0.85,1.0,0.0
-0.1451849507921685,1,0.85,1.0,0.0
-0.1451849507921685,1,0.85,1.0,0.0
-0.1451849507921685,1,0.85,1.0,0.0
-0.1451849507921685,1,0.85,1.0,0.0
-0.1451849507921685,1,0.85,1.0,0.0
-0.1451849507921685,1,0.85,1.0,0.0
-0.1451849507921685,1,0.85,1.0,0.0
-0.1451849507921685,1,0.85,1.0,0.0
-0.1451849507921685,1,0.85,1.0,0.0
-0.1451849507921685,1,0.85,1.0,0.0
-0.1451849507921685,1,0.85,1.0,0.0
-0.1451849507921685,1,0.85,1.0,0.0
-0.1451849507921685,1,0.85,1.0,0.0
-0.1451849507921685,1,0.85,1.0,0.0
-0.1451849507921685,1,0.85,1.0,0.0
-0.1451849507921685,1,0.85,1.0,0.0
-0.1451849507921685,1,0.85,1.0,0.0
-0.1451849507921685,1,0.85,1.0,0.0
-0.1451849507921685,1,0.85,1.0,0.0
-0.1451849507921685,1,0.85,1.0,0.0
-0.1451849507921685,1,0.85,1.0,0.0
-0.1451849507921685,1,0.85,1.0,0.0
-0.1451849507921685,1,0.85,1.0,0.0
-0.1451849507921685,1,0.85,1.0,0.0
-0.1451849507921685,1,0.85,1.0,0.0
-0.1451849507921685,1,0.85,1.0,0.0
-0.1451849507921685,1,0.85,1.0,0.0
-0.1451849507921685,1,0.85,1.0,0.0
-0.1451849507921685,1,0.85,1.0,0.0
-0.1451849507921685,1,0.85,1.0,0.0
-0.1451849507921685,1,0.85,1.0,0.0
-0.1451849507921685,1,0.85,1.0,0.0
-0.1451849507921685,1,0.85,1.0,0.0
-0.1451849507921685,1,0.85,1.0,0.0
-0.1451849507921685,1,0.85,1.0,0.0
1.0378530758030442,1,0.85,1.0,0.0
0.9405145039945774,1,0.85,1.0,0.0
0.9330269215477724,1,0.85,1.0,0.0
-0.1451849507921685,1,0.85,1.0,0.0
-0.1451849507921685,1,0.85,1.0,0.0
-0.1451849507921685,1,0.85,1.0,0.0
-0.1451849507921685,1,0.85,1.0,0.0
-0.1451849507921685,1,0.85,1.0,0.0
-0.1451849507921685,1,0.85,1.0,0.0
-0.1451849507921685,1,0.85,1.0,0.0
-0.1451849507921685,1,0.85,1.0,0.0
-0.1451849507921685,1,0.85,1.0,0.0
-0.1451849507921685,1,0.85,1.0,0.0
-0.1451849507921685,1,0.85,1.0,0.0
-0.1451849507921685,1,0.85,1.0,0.0
-0.1451849507921685,1,0.85,1.0,0.0
-0.1451849507921685,1,0.85,1.0,0.0
-0.1451849507921685,1,0.85,1.0,0.0
-0.1451849507921685,1,0.85,1.0,0.0
-0.1451849507921685,1,0.85,1.0,0.0
-0.1451849507921685,1,0.85,1.0,0.0
-0.1451849507921685,1,0.85,1.0,0.0
-0.1451849507921685,1,0.85,1.0,0.0
-0.1451849507921685,1,0.85,1.0,0.0
-0.1451849507921685,1,0.85,1.0,0.0
-0.1451849507921685,1,0.85,1.0,0.0
-0.1451849507921685,1,0.85,1.0,0.0
-0.1451849507921685,1,0.85,1.0,0.0
-0.1451849507921685,1,0.85,1.0,0.0
-0.1451849507921685,1,0.85,1.0,0.0
-0.1451849507921685,1,0.85,1.0,0.0
-0.1451849507921685,1,0.85,1.0,0.0
-0.1451849507921685,1,0.85,1.0,0.0
-0.1451849507921685,1,0.85,1.0,0.0
-0.1451849507921685,1,0.85,1.0,0.0
-0.1451849507921685,1,0.85,1.0,0.0
-0.1451849507921685,1,0.85,1.0,0.0
-0.1451849507921685,1,0.85,1.0,0.0
-0.1451849507921685,1,0.85,1.0,0.0
-0.1451849507921685,1,0.85,1.0,0.0
-0.1451849507921685,1,0.85,1.0,0.0
-0.1451849507921685,1,0.85,1.0,0.0
-0.1451849507921685,1,0.85,1.0,0.0
-0.1451849507921685,1,0.85,1.0,0.0
1.0378530758030442,1,0.85,1.0,0.0
0.9405145039945774,1,0.85,1.0,0.0
0.9330269215477724,1,0.85,1.0,0.0
-0.1451849507921685,1,0.85,1.0,0.0
-0.1451849507921685,1,0.85,1.0,0.0
-0.1451849507921685,1,0.85,1.0,0.0
-0.1451849507921685,1,0.85,1.0,0.0
-0.1451849507921685,1,0.85,1.0,0.0
-0.1451849507921685,1,0.85,1.0,0.0
-0.1451849507921685,1,0.85,1.0,0.0
-0.1451849507921685,1,0.85,1.0,0.0
-0.1451849507921685,1,0.85,1.0,0.0
-0.1451849507921685,1,0.85,1.0,0.0
-0.1451849507921685,1,0.85,1.0,0.0
-0.1451849507921685,1,0.85,1.0,0.0
-0.1451849507921685,1,0.85,1.0,0.0
-0.1451849507921685,1,0.85,1.0,0.0
-0.1451849507921685,1,0.85,1.0,0.0
-0.1451849507921685,1,0.85,1.0,0.0
-0.1451849507921685,1,0.85,1.0,0.0
-0.1451849507921685,1,0.85,1.0,0.0
-0.1451849507921685,1,0.85,1.0,0.0
-0.1451849507921685,1,0.85,1.0,0.0
-0.1451849507921685,1,0.85,1.0,0.0
-0.1451849507921685,1,0.85,1.0,0.0
-0.1451849507921685,1,0.85,1.0,0.0
-0.1451849507921685,1,0.85,1.0,0.0
-0.1451849507921685,1,0.85,1.0,0.0
-0.1451849507921685,1,0.85,1.0,0.0
-0.1451849507921685,1,0.85,1.0,0.0
-0.1451849507921685,1,0.85,1.0,0.0
-0.1451849507921685,1,0.85,1.0,0.0
-0.1451849507921685,1,0.85,1.0,0.0
-0.1451849507921685,1,0.85,1.0,0.0
-0.1451849507921685,1,0.85,1.0,0.0
-0.1451849507921685,1,0.85,1.0,0.0
-0.1451849507921685,1,0.85,1.0,0.0
-0.1451849507921685,1,0.85,1.0,0.0
-0.1451849507921685,1,0.85,1.0,0.0
-0.1451849507921685,1,0.85,1.0,0.0
-0.1451849507921685,1,0.85,1.0,0.0
0.9330269215477724,1,0.85,1.0,0.0
0.9330269215477724,1,0.85,1.0,0.0
0.9105641742073568,1,0.85,1.0,0.0
0.9105641742073568,1,0.85,1.0,0.0
-0.1451849507921685,1,0.85,1.0,0.0
-0.1451849507921685,1,0.85,1.0,0.0
-0.1451849507921685,1,0.85,1.0,0.0
-0.1451849507921685,1,0.85,1.0,0.0
-0.1451849507921685,1,0.85,1.0,0.0
-0.1451849507921685,1,0.85,1.0,0.0
-0.1451849507921685,1,0.85,1.0,0.0
-0.1451849507921685,1,0.85,1.0,0.0
-0.1451849507921685,1,0.85,1.0,0.0
-0.1451849507921685,1,0.85,1.0,0.0
-0.1451849507921685,1,0.85,1.0,0.0
-0.1451849507921685,1,0.85,1.0,0.0
-0.1451849507921685,1,0.85,1.0,0.0
-0.1451849507921685,1,0.85,1.0,0.0
-0.1451849507921685,1,0.85,1.0,0.0
-0.1451849507921685,1,0.85,1.0,0.0
-0.1451849507921685,1,0.85,1.0,0.0
-0.1451849507921685,1,0.85,1.0,0.0
-0.1451849507921685,1,0.85,1.0,0.0
-0.1451849507921685,1,0.85,1.0,0.0
-0.1451849507921685,1,0.85,1.0,0.0
-0.1451849507921685,1,0.85,1.0,0.0
-0.1451849507921685,1,0.85,1.0,0.0
-0.1451849507921685,1,0.85,1.0,0.0
-0.1451849507921685,1,0.85,1.0,0.0
-0.1451849507921685,1,0.85,1.0,0.0
-0.1451849507921685,1,0.85,1.0,0.0
-0.1451849507921685,1,0.85,1.0,0.0
-0.1451849507921685,1,0.85,1.0,0.0
-0.1451849507921685,1,0.85,1.0,0.0
-0.1451849507921685,1,0.85,1.0,0.0
-0.1451849507921685,1,0.85,1.0,0.0
-0.1451849507921685,1,0.85,1.0,0.0
-0.1451849507921685,1,0.85,1.0,0.0
-0.1451849507921685,1,0.85,1.0,0.0
-0.1451849507921685,1,0.85,1.0,0.0
-0.1451849507921685,1,0.85,1.0,0.0
-0.1451849507921685,1,0.85,1.0,0.0
-0.1451849507921685,1,0.85,1.0,0.0
1.0752909880370698,1,0.85,1.0,0.0
0.9255393391009673,1,0.85,1.0,0.0
0.9255393391009673,1,0.85,1.0,0.0
0.9105641742073568,1,0.85,1.0,0.0
-0.1451849507921685,1,0.85,1.0,0.0
-0.1451849507921685,1,0.85,1.0,0.0
-0.1451849507921685,1,0.85,1.0,0.0
-0.1451849507921685,1,0.85,1.0,0.0
-0.1451849507921685,1,0.85,1.0,0.0
-0.1451849507921685,1,0.85,1.0,0.0
-0.1451849507921685,1,0.85,1.0,0.0
-0.1451849507921685,1,0.85,1.0,0.0
-0.1451849507921685,1,0.85,1.0,0.0
-0.1451849507921685,1,0.85,1.0,0.0
-0.1451849507921685,1,0.85,1.0,0.0
-0.1451849507921685,1,0.85,1.0,0.0
-0.1451849507921685,1,0.85,1.0,0.0
-0.1451849507921685,1,0.85,1.0,0.0
-0.1451849507921685,1,0.85,1.0,0.0
-0.1451849507921685,1,0.85,1.0,0.0
-0.1451849507921685,1,0.85,1.0,0.0
-0.1451849507921685,1,0.85,1.0,0.0
-0.1451849507921685,1,0.85,1.0,0.0
-0.1451849507921685,1,0.85,1.0,0.0
-0.1451849507921685,1,0.85,1.0,0.0
-0.1451849507921685,1,0.85,1.0,0.0
-0.1451849507921685,1,0.85,1.0,0.0
-0.1451849507921685,1,0.85,1.0,0.0
-0.1451849507921685,1,0.85,1.0,0.0
-0.1451849507921685,1,0.85,1.0,0.0
-0.1451849507921685,1,0.85,1.0,0.0
-0.1451849507921685,1,0.85,1.0,0.0
-0.1451849507921685,1,0.85,1.0,0.0
-0.1451849507921685,1,0.85,1.0,0.0
-0.1451849507921685,1,0.85,1.0,0.0
-0.1451849507921685,1,0.85,1.0,0.0
-0.1451849507921685,1,0.85,1.0,0.0
-0.1451849507921685,1,0.85,1.0,0.0
-0.1451849507921685,1,0.85,1.0,0.0
-0.1451849507921685,1,0.85,1.0,0.0
-0.1451849507921685,1,0.85,1.0,0.0
-0.1451849507921685,1,0.85,1.0,0.0
-0.1451849507921685,1,0.85,1.0,0.0
-0.1451849507921685,1,0.85,1.0,0.0
0.9330269215477724,1,0.85,1.0,0.0
0.9330269215477724,1,0.85,1.0,0.0
0.9255393391009673,1,0.85,1.0,0.0
0.9180517566541619,1,0.85,1.0,0.0
-0.1451849507921685,1,0.85,1.0,0.0
-0.1451849507921685,1,0.85,1.0,0.0
-0.1451849507921685,1,0.85,1.0,0.0
-0.1451849507921685,1,0.85,1.0,0.0
-0.1451849507921685,1,0.85,1.0,0.0
-0.1451849507921685,1,0.85,1.0,0.0
-0.1451849507921685,1,0.85,1.0,0.0
-0.1451849507921685,1,0.85,1.0,0.0
-0.1451849507921685,1,0.85,1.0,0.0
-0.1451849507921685,1,0.85,1.0,0.0
-0.1451849507921685,1,0.85,1.0,0.0
-0.1451849507921685,1,0.85,1.0,0.0
-0.1451849507921685,1,0.85,1.0,0.0
-0.1451849507921685,1,0.85,1.0,0.0
-0.1451849507921685,1,0.85,1.0,0.0
-0.1451849507921685,1,0.85,1.0,0.0
-0.1451849507921685,1,0.85,1.0,0.0
-0.1451849507921685,1,0.85,1.0,0.0
-0.1451849507921685,1,0.85,1.0,0.0
-0.1451849507921685,1,0.85,1.0,0.0
-0.1451849507921685,1,0.85,1.0,0.0
-0.1451849507921685,1,0.85,1.0,0.0
-0.1451849507921685,1,0.85,1.0,0.0
-0.1451849507921685,1,0.85,1.0,0.0
-0.1451849507921685,1,0.85,1.0,0.0
-0.1451849507921685,1,0.85,1.0,0.0
-0.1451849507921685,1,0.85,1.0,0.0
-0.1451849507921685,1,0.85,1.0,0.0
-0.1451849507921685,1,0.85,1.0,0.0
-0.1451849507921685,1,0.85,1.0,0.0
-0.1451849507921685,1,0.85,1.0,0.0
-0.1451849507921685,1,0.85,1.0,0.0
-0.1451849507921685,1,0.85,1.0,0.0
-0.1451849507921685,1,0.85,1.0,0.0
-0.1451849507921685,1,0.85,1.0,0.0
-0.1451849507921685,1,0.85,1.0,0.0
-0.1451849507921685,1,0.85,1.0,0.0
0.9330269215477724,1,0.85,1.0,0.0
0.9330269215477724,1,0.85,1.0,0.0
0.9180517566541619,1,0.85,1.0,0.0
0.9180517566541619,1,0.85,1.0,0.0
0.9105641742073568,1,0.85,1.0,0.0
-0.1451849507921685,1,0.85,1.0,0.0
-0.1451849507921685,1,0.85,1.0,0.0
-0.1451849507921685,1,0.85,1.0,0.0
-0.1451849507921685,1,0.85,1.0,0.0
-0.1451849507921685,1,0.85,1.0,0.0
-0.1451849507921685,1,0.85,1.0,0.0
-0.1451849507921685,1,0.85,1.0,0.0
-0.1451849507921685,1,0.85,1.0,0.0
-0.1451849507921685,1,0.85,1.0,0.0
-0.1451849507921685,1,0.85,1.0,0.0
-0.1451849507921685,1,0.85,1.0,0.0
-0.1451849507921685,1,0.85,1.0,0.0
-0.1451849507921685,1,0.85,1.0,0.0
-0.1451849507921685,1,0.85,1.0,0.0
-0.1451849507921685,1,0.85,1.0,0.0
-0.1451849507921685,1,0.85,1.0,0.0
-0.1451849507921685,1,0.85,1.0,0.0
-0.1451849507921685,1,0.85,1.0,0.0
-0.1451849507921685,1,0.85,1.0,0.0
-0.1451849507921685,1,0.85,1.0,0.0
-0.1451849507921685,1,0.85,1.0,0.0
-0.1451849507921685,1,0.85,1.0,0.0
-0.1451849507921685,1,0.85,1.0,0.0
-0.1451849507921685,1,0.85,1.0,0.0
-0.1451849507921685,1,0.85,1.0,0.0
-0.1451849507921685,1,0.85,1.0,0.0
-0.1451849507921685,1,0.85,1.0,0.0
-0.1451849507921685,1,0.85,1.0,0.0
-0.1451849507921685,1,0.85,1.0,0.0
-0.1451849507921685,1,0.85,1.0,0.0
-0.1451849507921685,1,0.85,1.0,0.0
-0.1451849507921685,1,0.85,1.0,0.0
-0.1451849507921685,1,0.85,1.0,0.0
-0.1451849507921685,1,0.85,1.0,0.0
-0.1451849507921685,1,0.85,1.0,0.0
-0.1451849507921685,1,0.85,1.0,0.0
-0.1451849507921685,1,0.85,1.0,0.0
1.0678034055902648,1,0.85,1.0,0.0
1.0678034055902648,1,0.85,1.0,0.0
0.9554896688881876,1,0.85,1.0,0.0
0.9255393391009673,1,0.85,1.0,0.0
0.9255393391009673,1,0.85,1.0,0.0
0.9105641742073568,1,0.85,1.0,0.0
-0.1451849507921685,1,0.85,1.0,0.0
-0.1451849507921685,1,0.85,1.0,0.0
-0.1451849507921685,1,0.85,1.0,0.0
-0.1451849507921685,1,0.85,1.0,0.0
-0.1451849507921685,1,0.85,1.0,0.0
-0.1451849507921685,1,0.85,1.0,0.0
-0.1451849507921685,1,0.85,1.0,0.0
-0.1451849507921685,1,0.85,1.0,0.0
-0.1451849507921685,1,0.85,1.0,0.0
-0.1451849507921685,1,0.85,1.0,0.0
-0.1451849507921685,1,0.85,1.0,0.0
-0.1451849507921685,1,0.85,1.0,0.0
-0.1451849507921685,1,0.85,1.0,0.0
-0.1451849507921685,1,0.85,1.0,0.0
-0.1451849507921685,1,0.85,1.0,0.0
-0.1451849507921685,1,0.85,1.0,0.0
-0.1451849507921685,1,0.85,1.0,0.0
-0.1451849507921685,1,0.85,1.0,0.0
-0.1451849507921685,1,0.85,1.0,0.0
-0.1451849507921685,1,0.85,1.0,0.0
-0.1451849507921685,1,0.85,1.0,0.0
-0.1451849507921685,1,0.85,1.0,0.0
-0.1451849507921685,1,0.85,1.0,0.0
-0.1451849507921685,1,0.85,1.0,0.0
-0.1451849507921685,1,0.85,1.0,0.0
-0.1451849507921685,1,0.85,1.0,0.0
-0.1451849507921685,1,0.85,1.0,0.0
-0.1451849507921685,1,0.85,1.0,0.0
-0.1451849507921685,1,0.85,1.0,0.0
-0.1451849507921685,1,0.85,1.0,0.0
-0.1451849507921685,1,0.85,1.0,0.0
-0.1451849507921685,1,0.85,1.0,0.0
-0.1451849507921685,1,0.85,1.0,0.0
-0.1451849507921685,1,0.85,1.0,0.0
-0.1451849507921685,1,0.85,1.0,0.0
1.0378530758030442,1,0.85,1.0,0.0
0.9330269215477724,1,0.85,1.0,0.0
0.9255393391009673,1,0.85,1.0,0.0
0.9180517566541619,1,0.85,1.0,0.0
-0.1451849507921685,1,0.85,1.0,0.0
-0.1451849507921685,1,0.85,1.0,0.0
-0.1451849507921685,1,0.85,1.0,0.0
-0.1451849507921685,1,0.85,1.0,0.0
-0.1451849507921685,1,0.85,1.0,0.0
-0.1451849507921685,1,0.85,1.0,0.0
-0.1451849507921685,1,0.85,1.0,0.0
-0.1451849507921685,1,0.85,1.0,0.0
-0.1451849507921685,1,0.85,1.0,0.0
-0.1451849507921685,1,0.85,1.0,0.0
-0.1451849507921685,1,0.85,1.0,0.0
-0.1451849507921685,1,0.85,1.0,0.0
-0.1451849507921685,1,0.85,1.0,0.0
-0.1451849507921685,1,0.85,1.0,0.0
-0.1451849507921685,1,0.85,1.0,0.0
-0.1451849507921685,1,0.85,1.0,0.0
-0.1451849507921685,1,0.85,1.0,0.0
-0.1451849507921685,1,0.85,1.0,0.0
-0.1451849507921685,1,0.85,1.0,0.0
-0.1451849507921685,1,0.85,1.0,0.0
-0.1451849507921685,1,0.85,1.0,0.0
-0.1451849507921685,1,0.85,1.0,0.0
-0.1451849507921685,1,0.85,1.0,0.0
-0.1451849507921685,1,0.85,1.0,0.0
-0.1451849507921685,1,0.85,1.0,0.0
-0.1451849507921685,1,0.85,1.0,0.0
-0.1451849507921685,1,0.85,1.0,0.0
-0.1451849507921685,1,0.85,1.0,0.0
-0.1451849507921685,1,0.85,1.0,0.0
-0.1451849507921685,1,0.85,1.0,0.0
-0.1451849507921685,1,0.85,1.0,0.0
-0.1451849507921685,1,0.85,1.0,0.0
-0.1451849507921685,1,0.85,1.0,0.0
-0.1451849507921685,1,0.85,1.0,0.0
-0.1451849507921685,1,0.85,1.0,0.0
-0.1451849507921685,1,0.85,1.0,0.0
-0.1451849507921685,1,0.85,1.0,0.0
-0.1451849507921685,1,0.85,1.0,0.0
-0.1451849507921685,1,0.85,1.0,0.0
-0.1451849507921685,1,0.85,1.0,0.0
1.0603158231434595,1,0.85,1.0,0.0
0.977952416228603,1,0.85,1.0,0.0
0.9255393391009673,1,0.85,1.0,0.0
-0.1451849507921685,1,0.85,1.0,0.0
-0.1451849507921685,1,0.85,1.0,0.0
-0.1451849507921685,1,0.85,1.0,0.0
-0.1451849507921685,1,0.85,1.0,0.0
-0.1451849507921685,1,0.85,1.0,0.0
-0.1451849507921685,1,0.85,1.0,0.0
-0.1451849507921685,1,0.85,1.0,0.0
-0.1451849507921685,1,0.85,1.0,0.0
-0.1451849507921685,1,0.85,1.0,0.0
-0.1451849507921685,1,0.85,1.0,0.0
-0.1451849507921685,1,0.85,1.0,0.0
-0.1451849507921685,1,0.85,1.0,0.0
-0.1451849507921685,1,0.85,1.0,0.0
-0.1451849507921685,1,0.85,1.0,0.0
-0.1451849507921685,1,0.85,1.0,0.0
-0.1451849507921685,1,0.85,1.0,0.0
-0.1451849507921685,1,0.85,1.0,0.0
-0.1451849507921685,1,0.85,1.0,0.0
-0.1451849507921685,1,0.85,1.0,0.0
-0.1451849507921685,1,0.85,1.0,0.0
-0.1451849507921685,1,0.85,1.0,0.0
-0.1451849507921685,1,0.85,1.0,0.0
-0.1451849507921685,1,0.85,1.0,0.0
-0.1451849507921685,1,0.85,1.0,0.0
-0.1451849507921685,1,0.85,1.0,0.0
-0.1451849507921685,1,0.85,1.0,0.0
-0.1451849507921685,1,0.85,1.0,0.0
-0.1451849507921685,1,0.85,1.0,0.0
-0.1451849507921685,1,0.85,1.0,0.0
-0.1451849507921685,1,0.85,1.0,0.0
-0.1451849507921685,1,0.85,1.0,0.0
-0.1451849507921685,1,0.85,1.0,0.0
-0.1451849507921685,1,0.85,1.0,0.0
-0.1451849507921685,1,0.85,1.0,0.0
-0.1451849507921685,1,0.85,1.0,0.0
-0.1451849507921685,1,0.85,1.0,0.0
-0.1451849507921685,1,0.85,1.0,0.0
-0.1451849507921685,1,0.85,1.0,0.0
-0.1451849507921685,1,0.85,1.0,0.0
1.0603158231434595,1,0.85,1.0,0.0
1.0603158231434595,1,0.85,1.0,0.0
0.9180517566541619,1,0.85,1.0,0.0
0.9180517566541619,1,0.85,1.0,0.0
0.9030765917605517,1,0.85,1.0,0.0
-0.1451849507921685,1,0.85,1.0,0.0
-0.1451849507921685,1,0.85,1.0,0.0
-0.1451849507921685,1,0.85,1.0,0.0
-0.1451849507921685,1,0.85,1.0,0.0
-0.1451849507921685,1,0.85,1.0,0.0
-0.1451849507921685,1,0.85,1.0,0.0
-0.1451849507921685,1,0.85,1.0,0.0
-0.1451849507921685,1,0.85,1.0,0.0
-0.1451849507921685,1,0.85,1.0,0.0
-0.1451849507921685,1,0.85,1.0,0.0
-0.1451849507921685,1,0.85,1.0,0.0
-0.1451849507921685,1,0.85,1.0,0.0
-0.1451849507921685,1,0.85,1.0,0.0
-0.1451849507921685,1,0.85,1.0,0.0
-0.1451849507921685,1,0.85,1.0,0.0
-0.1451849507921685,1,0.85,1.0,0.0
-0.1451849507921685,1,0.85,1.0,0.0
-0.1451849507921685,1,0.85,1.0,0.0
-0.1451849507921685,1,0.85,1.0,0.0
-0.1451849507921685,1,0.85,1.0,0.0
-0.1451849507921685,1,0.85,1.0,0.0
-0.1451849507921685,1,0.85,1.0,0.0
-0.1451849507921685,1,0.85,1.0,0.0
-0.1451849507921685,1,0.85,1.0,0.0
-0.1451849507921685,1,0.85,1.0,0.0
-0.1451849507921685,1,0.85,1.0,0.0
-0.1451849507921685,1,0.85,1.0,0.0
-0.1451849507921685,1,0.85,1.0,0.0
-0.1451849507921685,1,0.85,1.0,0.0
-0.1451849507921685,1,0.85,1.0,0.0
-0.1451849507921685,1,0.85,1.0,0.0
-0.1451849507921685,1,0.85,1.0,0.0
-0.1451849507921685,1,0.85,1.0,0.0
-0.1451849507921685,1,0.85,1.0,0.0
-0.1451849507921685,1,0.85,1.0,0.0
-0.1451849507921685,1,0.85,1.0,0.0
-0.1451849507921685,1,0.85,1.0,0.0
-0.1451849507921685,1,0.85,1.0,0.0
-0.1451849507921685,1,0.85,1.0,0.0
0.9255393391009673,1,0.85,1.0,0.0
0.9255393391009673,1,0.85,1.0,0.0
0.9255393391009673,1,0.85,1.0,0.0
0.9105641742073568,1,0.85,1.0,0.0
-0.1451849507921685,1,0.85,1.0,0.0
-0.1451849507921685,1,0.85,1.0,0.0
-0.1451849507921685,1,0.85,1.0,0.0
-0.1451849507921685,1,0.85,1.0,0.0
-0.1451849507921685,1,0.85,1.0,0.0
-0.1451849507921685,1,0.85,1.0,0.0
-0.1451849507921685,1,0.85,1.0,0.0
-0.1451849507921685,1,0.85,1.0,0.0
-0.1451849507921685,1,0.85,1.0,0.0
-0.1451849507921685,1,0.85,1.0,0.0
-0.1451849507921685,1,0.85,1.0,0.0
-0.1451849507921685,1,0.85,1.0,0.0
-0.1451849507921685,1,0.85,1.0,0.0
-0.1451849507921685,1,0.85,1.0,0.0
-0.1451849507921685,1,0.85,1.0,0.0
-0.1451849507921685,1,0.85,1.0,0.0
-0.1451849507921685,1,0.85,1.0,0.0
-0.1451849507921685,1,0.85,1.0,0.0
-0.1451849507921685,1,0.85,1.0,0.0
-0.1451849507921685,1,0.85,1.0,0.0
-0.1451849507921685,1,0.85,1.0,0.0
-0.1451849507921685,1,0.85,1.0,0.0
-0.1451849507921685,1,0.85,1.0,0.0
-0.1451849507921685,1,0.85,1.0,0.0
-0.1451849507921685,1,0.85,1.0,0.0
-0.1451849507921685,1,0.85,1.0,0.0
-0.1451849507921685,1,0.85,1.0,0.0
-0.1451849507921685,1,0.85,1.0,0.0
-0.1451849507921685,1,0.85,1.0,0.0
-0.1451849507921685,1,0.85,1.0,0.0
-0.1451849507921685,1,0.85,1.0,0.0
-0.1451849507921685,1,0.85,1.0,0.0
-0.1451849507921685,1,0.85,1.0,0.0
-0.1451849507921685,1,0.85,1.0,0.0
-0.1451849507921685,1,0.85,1.0,0.0
-0.1451849507921685,1,0.85,1.0,0.0
0.9330269215477724,1,0.85,1.0,0.0
0.9330269215477724,1,0.85,1.0,0.0
0.9255393391009673,1,0.85,1.0,0.0
0.9180517566541619,1,0.85,1.0,0.0
0.9030765917605517,1,0.85,1.0,0.0
-0.1451849507921685,1,0.85,1.0,0.0
-0.1451849507921685,1,0.85,1.0,0.0
-0.1451849507921685,1,0.85,1.0,0.0
-0.1451849507921685,1,0.85,1.0,0.0
-0.1451849507921685,1,0.85,1.0,0.0
-0.1451849507921685,1,0.85,1.0,0.0
-0.1451849507921685,1,0.85,1.0,0.0
-0.1451849507921685,1,0.85,1.0,0.0
-0.1451849507921685,1,0.85,1.0,0.0
-0.1451849507921685,1,0.85,1.0,0.0
-0.1451849507921685,1,0.85,1.0,0.0
-0.1451849507921685,1,0.85,1.0,0.0
-0.1451849507921685,1,0.85,1.0,0.0
-0.1451849507921685,1,0.85,1.0,0.0
-0.1451849507921685,1,0.85,1.0,0.0
-0.1451849507921685,1,0.85,1.0,0.0
-0.1451849507921685,1,0.85,1.0,0.0
-0.1451849507921685,1,0.85,1.0,0.0
-0.1451849507921685,1,0.85,1.0,0.0
-0.1451849507921685,1,0.85,1.0,0.0
-0.1451849507921685,1,0.85,1.0,0.0
-0.1451849507921685,1,0.85,1.0,0.0
-0.1451849507921685,1,0.85,1.0,0.0
-0.1451849507921685,1,0.85,1.0,0.0
-0.1451849507921685,1,0.85,1.0,0.0
-0.1451849507921685,1,0.85,1.0,0.0
-0.1451849507921685,1,0.85,1.0,0.0
-0.1451849507921685,1,0.85,1.0,0.0
-0.1451849507921685,1,0.85,1.0,0.0
-0.1451849507921685,1,0.85,1.0,0.0
-0.1451849507921685,1,0.85,1.0,0.0
-0.1451849507921685,1,0.85,1.0,0.0
-0.1451849507921685,1,0.85,1.0,0.0
-0.1451849507921685,1,0.85,1.0,0.0
-0.1451849507921685,1,0.85,1.0,0.0
-0.1451849507921685,1,0.85,1.0,0.0
1.0678034055902648,1,0.85,1.0,0.0
1.0678034055902648,1,0.85,1.0,0.0
0.9255393391009673,1,0.85,1.0,0.0
0.9255393391009673,1,0.85,1.0,0.0
0.9255393391009673,1,0.85,1.0,0.0
0.9105641742073568,1,0.85,1.0,0.0
-0.1451849507921685,1,0.85,1.0,0.0
-0.1451849507921685,1,0.85,1.0,0.0
-0.1451849507921685,1,0.85,1.0,0.0
-0.1451849507921685,1,0.85,1.0,0.0
-0.1451849507921685,1,0.85,1.0,0.0
-0.1451849507921685,1,0.85,1.0,0.0
-0.1451849507921685,1,0.85,1.0,0.0
-0.1451849507921685,1,0.85,1.0,0.0
-0.1451849507921685,1,0.85,1.0,0.0
-0.1451849507921685,1,0.85,1.0,0.0
-0.1451849507921685,1,0.85,1.0,0.0
-0.1451849507921685,1,0.85,1.0,0.0
-0.1451849507921685,1,0.85,1.0,0.0
-0.1451849507921685,1,0.85,1.0,0.0
-0.1451849507921685,1,0.85,1.0,0.0
-0.1451849507921685,1,0.85,1.0,0.0
-0.1451849507921685,1,0.85,1.0,0.0
-0.1451849507921685,1,0.85,1.0,0.0
-0.1451849507921685,1,0.85,1.0,0.0
-0.1451849507921685,1,0.85,1.0,0.0
-0.1451849507921685,1,0.85,1.0,0.0
-0.1451849507921685,1,0.85,1.0,0.0
-0.1451849507921685,1,0.85,1.0,0.0
-0.1451849507921685,1,0.85,1.0,0.0
-0.1451849507921685,1,0.85,1.0,0.0
-0.1451849507921685,1,0.85,1.0,0.0
-0.1451849507921685,1,0.85,1.0,0.0
-0.1451849507921685,1,0.85,1.0,0.0
-0.1451849507921685,1,0.85,1.0,0.0
-0.1451849507921685,1,0.85,1.0,0.0
-0.1451849507921685,1,0.85,1.0,0.0
-0.1451849507921685,1,0.85,1.0,0.0
-0.1451849507921685,1,0.85,1.0,0.0
-0.1451849507921685,1,0.85,1.0,0.0
-0.1451849507921685,1,0.85,1.0,0.0
-0.1451849507921685,1,0.85,1.0,0.0
-0.1451849507921685,1,0.85,1.0,0.0
-0.1451849507921685,1,0.85,1.0,0.0
-0.1451849507921685,1,0.85,1.0,0.0
1.0678034055902648,1,0.85,1.0,0.0
0.9629772513349929,1,0.85,1.0,0.0
0.9255393391009673,1,0.85,1.0,0.0
0.9255393391009673,1,0.85,1.0,0.0
-0.1451849507921685,1,0.85,1.0,0.0
-0.1451849507921685,1,0.85,1.0,0.0
-0.1451849507921685,1,0.85,1.0,0.0
-0.1451849507921685,1,0.85,1.0,0.0
-0.1451849507921685,1,0.85,1.0,0.0
-0.1451849507921685,1,0.85,1.0,0.0
-0.1451849507921685,1,0.85,1.0,0.0
-0.1451849507921685,1,0.85,1.0,0.0
-0.1451849507921685,1,0.85,1.0,0.0
-0.1451849507921685,1,0.85,1.0,0.0
-0.1451849507921685,1,0.85,1.0,0.0
-0.1451849507921685,1,0.85,1.0,0.0
-0.1451849507921685,1,0.85,1.0,0.0
-0.1451849507921685,1,0.85,1.0,0.0
-0.1451849507921685,1,0.85,1.0,0.0
-0.1451849507921685,1,0.85,1.0,0.0
-0.1451849507921685,1,0.85,1.0,0.0
-0.1451849507921685,1,0.85,1.0,0.0
-0.1451849507921685,1,0.85,1.0,0.0
-0.1451849507921685,1,0.85,1.0,0.0
-0.1451849507921685,1,0.85,1.0,0.0
-0.1451849507921685,1,0.85,1.0,0.0
-0.1451849507921685,1,0.85,1.0,0.0
-0.1451849507921685,1,0.85,1.0,0.0
-0.1451849507921685,1,0.85,1.0,0.0
-0.1451849507921685,1,0.85,1.0,0.0
-0.1451849507921685,1,0.85,1.0,0.0
-0.1451849507921685,1,0.85,1.0,0.0
-0.1451849507921685,1,0.85,1.0,0.0
-0.1451849507921685,1,0.85,1.0,0.0
-0.1451849507921685,1,0.85,1.0,0.0
-0.1451849507921685,1,0.85,1.0,0.0
-0.1451849507921685,1,0.85,1.0,0.0
-0.1451849507921685,1,0.85,1.0,0.0
-0.1451849507921685,1,0.85,1.0,0.0
-0.1451849507921685,1,0.85,1.0,0.0
-0.1451849507921685,1,0.85,1.0,0.0
-0.1451849507921685,1,0.85,1.0,0.0
1.030365493356239,1,0.85,1.0,0.0
0.977952416228603,1,0.85,1.0,0.0
0.9330269215477724,1,0.85,1.0,0.0
0.9255393391009673,1,0.85,1.0,0.0
-0.1451849507921685,1,0.85,1.0,0.0
-0.1451849507921685,1,0.85,1.0,0.0
-0.1451849507921685,1,0.85,1.0,0.0
-0.1451849507921685,1,0.85,1.0,0.0
-0.1451849507921685,1,0.85,1.0,0.0
-0.1451849507921685,1,0.85,1.0,0.0
-0.1451849507921685,1,0.85,1.0,0.0
-0.1451849507921685,1,0.85,1.0,0.0
-0.1451849507921685,1,0.85,1.0,0.0
-0.1451849507921685,1,0.85,1.0,0.0
-0.1451849507921685,1,0.85,1.0,0.0
-0.1451849507921685,1,0.85,1.0,0.0
-0.1451849507921685,1,0.85,1.0,0.0
-0.1451849507921685,1,0.85,1.0,0.0
-0.1451849507921685,1,0.85,1.0,0.0
-0.1451849507921685,1,0.85,1.0,0.0
-0.1451849507921685,1,0.85,1.0,0.0
-0.1451849507921685,1,0.85,1.0,0.0
-0.1451849507921685,1,0.85,1.0,0.0
-0.1451849507921685,1,0.85,1.0,0.0
-0.1451849507921685,1,0.85,1.0,0.0
-0.1451849507921685,1,0.85,1.0,0.0
-0.1451849507921685,1,0.85,1.0,0.0
-0.1451849507921685,1,0.85,1.0,0.0
-0.1451849507921685,1,0.85,1.0,0.0
-0.1451849507921685,1,0.85,1.0,0.0
-0.1451849507921685,1,0.85,1.0,0.0
-0.1451849507921685,1,0.85,1.0,0.0
-0.1451849507921685,1,0.85,1.0,0.0
-0.1451849507921685,1,0.85,1.0,0.0
-0.1451849507921685,1,0.85,1.0,0.0
-0.1451849507921685,1,0.85,1.0,0.0
-0.1451849507921685,1,0.85,1.0,0.0
-0.1451849507921685,1,0.85,1.0,0.0
-0.1451849507921685,1,0.85,1.0,0.0
-0.1451849507921685,1,0.85,1.0,0.0
-0.1451849507921685,1,0.85,1.0,0.0
-0.1451849507921685,1,0.85,1.0,0.0
-0.1451849507921685,1,0.85,1.0,0.0
-0.1451849507921685,1,0.85,1.0,0.0
1.030365493356239,1,0.85,1.0,0.0
0.9854399986754081,1,0.85,1.0,0.0
0.9330269215477724,1,0.85,1.0,0.0
-0.1451849507921685,1,0.85,1.0,0.0
-0.1451849507921685,1,0.85,1.0,0.0
-0.1451849507921685,1,0.85,1.0,0.0
-0.1451849507921685,1,0.85,1.0,0.0
-0.1451849507921685,1,0.85,1.0,0.0
-0.1451849507921685,1,0.85,1.0,0.0
-0.1451849507921685,1,0.85,1.0,0.0
-0.1451849507921685,1,0.85,1.0,0.0
-0.1451849507921685,1,0.85,1.0,0.0
-0.1451849507921685,1,0.85,1.0,0.0
-0.1451849507921685,1,0.85,1.0,0.0
-0.1451849507921685,1,0.85,1.0,0.0
-0.1451849507921685,1,0.85,1.0,0.0
-0.1451849507921685,1,0.85,1.0,0.0
-0.1451849507921685,1,0.85,1.0,0.0
-0.1451849507921685,1,0.85,1.0,0.0
-0.1451849507921685,1,0.85,1.0,0.0
-0.1451849507921685,1,0.85,1.0,0.0
-0.1451849507921685,1,0.85,1.0,0.0
-0.1451849507921685,1,0.85,1.0,0.0
-0.1451849507921685,1,0.85,1.0,0.0
-0.1451849507921685,1,0.85,1.0,0.0
-0.1451849507921685,1,0.85,1.0,0.0
-0.1451849507921685,1,0.85,1.0,0.0
-0.1451849507921685,1,0.85,1.0,0.0
-0.1451849507921685,1,0.85,1.0,0.0
-0.1451849507921685,1,0.85,1.0,0.0
-0.1451849507921685,1,0.85,1.0,0.0
-0.1451849507921685,1,0.85,1.0,0.0
-0.1451849507921685,1,0.85,1.0,0.0
-0.1451849507921685,1,0.85,1.0,0.0
-0.1451849507921685,1,0.85,1.0,0.0
-0.1451849507921685,1,0.85,1.0,0.0
-0.1451849507921685,1,0.85,1.0,0.0
-0.1451849507921685,1,0.85,1.0,0.0
-0.1451849507921685,1,0.85,1.0,0.0
-0.1451849507921685,1,0.85,1.0,0.0
-0.1451849507921685,1,0.85,1.0,0.0
-0.1451849507921685,1,0.85,1.0,0.0
1.0079027460158236,1,0.85,1.0,0.0
1.0079027460158236,1,0.85,1.0,0.0
0.9180517566541619,1,0.85,1.0,0.0
0.9180517566541619,1,0.85,1.0,0.0
0.9030765917605517,1,0.85,1.0,0.0
-0.1451849507921685,1,0.85,1.0,0.0
-0.1451849507921685,1,0.85,1.0,0.0
-0.1451849507921685,1,0.85,1.0,0.0
-0.1451849507921685,1,0.85,1.0,0.0
-0.1451849507921685,1,0.85,1.0,0.0
-0.1451849507921685,1,0.85,1.0,0.0
-0.1451849507921685,1,0.85,1.0,0.0
-0.1451849507921685,1,0.85,1.0,0.0
-0.1451849507921685,1,0.85,1.0,0.0
-0.1451849507921685,1,0.85,1.0,0.0
-0.1451849507921685,1,0.85,1.0,0.0
-0.1451849507921685,1,0.85,1.0,0.0
-0.1451849507921685,1,0.85,1.0,0.0
-0.1451849507921685,1,0.85,1.0,0.0
-0.1451849507921685,1,0.85,1.0,0.0
-0.1451849507921685,1,0.85,1.0,0.0
-0.1451849507921685,1,0.85,1.0,0.0
-0.1451849507921685,1,0.85,1.0,0.0
-0.1451849507921685,1,0.85,1.0,0.0
-0.1451849507921685,1,0.85,1.0,0.0
-0.1451849507921685,1,0.85,1.0,0.0
-0.1451849507921685,1,0.85,1.0,0.0
-0.1451849507921685,1,0.85,1.0,0.0
-0.1451849507921685,1,0.85,1.0,0.0
-0.1451849507921685,1,0.85,1.0,0.0
-0.1451849507921685,1,0.85,1.0,0.0
-0.1451849507921685,1,0.85,1.0,0.0
-0.1451849507921685,1,0.85,1.0,0.0
-0.1451849507921685,1,0.85,1.0,0.0
-0.1451849507921685,1,0.85,1.0,0.0
-0.1451849507921685,1,0.85,1.0,0.0
-0.1451849507921685,1,0.85,1.0,0.0
-0.1451849507921685,1,0.85,1.0,0.0
-0.1451849507921685,1,0.85,1.0,0.0
-0.1451849507921685,1,0.85,1.0,0.0
-0.1451849507921685,1,0.85,1.0,0.0
-0.1451849507921685,1,0.85,1.0,0.0
-0.1451849507921685,1,0.85,1.0,0.0
0.9854399986754081,1,0.85,1.0,0.0
0.9255393391009673,1,0.85,1.0,0.0
0.9255393391009673,1,0.85,1.0,0.0
0.9105641742073568,1,0.85,1.0,0.0
-0.1451849507921685,1,0.85,1.0,0.0
-0.1451849507921685,1,0.85,1.0,0.0
-0.1451849507921685,1,0.85,1.0,0.0
-0.1451849507921685,1,0.85,1.0,0.0
-0.1451849507921685,1,0.85,1.0,0.0
-0.1451849507921685,1,0.85,1.0,0.0
-0.1451849507921685,1,0.85,1.0,0.0
-0.1451849507921685,1,0.85,1.0,0.0
-0.1451849507921685,1,0.85,1.0,0.0
-0.1451849507921685,1,0.85,1.0,0.0
-0.1451849507921685,1,0.85,1.0,0.0
-0.1451849507921685,1,0.85,1.0,0.0
-0.1451849507921685,1,0.85,1.0,0.0
-0.1451849507921685,1,0.85,1.0,0.0
-0.1451849507921685,1,0.85,1.0,0.0
-0.1451849507921685,1,0.85,1.0,0.0
-0.1451849507921685,1,0.85,1.0,0.0
-0.1451849507921685,1,0.85,1.0,0.0
-0.1451849507921685,1,0.85,1.0,0.0
-0.1451849507921685,1,0.85,1.0,0.0
-0.1451849507921685,1,0.85,1.0,0.0
-0.1451849507921685,1,0.85,1.0,0.0
-0.1451849507921685,1,0.85,1.0,0.0
-0.1451849507921685,1,0.85,1.0,0.0
-0.1451849507921685,1,0.85,1.0,0.0
-0.1451849507921685,1,0.85,1.0,0.0
-0.1451849507921685,1,0.85,1.0,0.0
-0.1451849507921685,1,0.85,1.0,0.0
-0.1451849507921685,1,0.85,1.0,0.0
-0.1451849507921685,1,0.85,1.0,0.0
-0.1451849507921685,1,0.85,1.0,0.0
-0.1451849507921685,1,0.85,1.0,0.0
-0.1451849507921685,1,0.85,1.0,0.0
-0.1451849507921685,1,0.85,1.0,0.0
-0.1451849507921685,1,0.85,1.0,0.0
-0.1451849507921685,1,0.85,1.0,0.0
-0.1451849507921685,1,0.85,1.0,0.0
-0.1451849507921685,1,0.85,1.0,0.0
-0.1451849507921685,1,0.85,1.0,0.0
-0.1451849507921685,1,0.85,1.0,0.0
0.9255393391009673,1,0.85,1.0,0.0
0.9255393391009673,1,0.85,1.0,0.0
0.9180517566541619,1,0.85,1.0,0.0
0.9030765917605517,1,0.85,1.0,0.0
-0.1451849507921685,1,0.85,1.0,0.0
-0.1451849507921685,1,0.85,1.0,0.0
-0.1451849507921685,1,0.85,1.0,0.0
-0.1451849507921685,1,0.85,1.0,0.0
-0.1451849507921685,1,0.85,1.0,0.0
-0.1451849507921685,1,0.85,1.0,0.0
-0.1451849507921685,1,0.85,1.0,0.0
-0.1451849507921685,1,0.85,1.0,0.0
-0.1451849507921685,1,0.85,1.0,0.0
-0.1451849507921685,1,0.85,1.0,0.0
-0.1451849507921685,1,0.85,1.0,0.0
-0.1451849507921685,1,0.85,1.0,0.0
-0.1451849507921685,1,0.85,1.0,0.0
-0.1451849507921685,1,0.85,1.0,0.0
-0.1451849507921685,1,0.85,1.0,0.0
-0.1451849507921685,1,0.85,1.0,0.0
-0.1451849507921685,1,0.85,1.0,0.0
-0.1451849507921685,1,0.85,1.0,0.0
-0.1451849507921685,1,0.85,1.0,0.0
-0.1451849507921685,1,0.85,1.0,0.0
-0.1451849507921685,1,0.85,1.0,0.0
-0.1451849507921685,1,0.85,1.0,0.0
-0.1451849507921685,1,0.85,1.0,0.0
-0.1451849507921685,1,0.85,1.0,0.0
-0.1451849507921685,1,0.85,1.0,0.0
-0.1451849507921685,1,0.85,1.0,0.0
-0.1451849507921685,1,0.85,1.0,0.0
-0.1451849507921685,1,0.85,1.0,0.0
-0.1451849507921685,1,0.85,1.0,0.0
-0.1451849507921685,1,0.85,1.0,0.0
-0.1451849507921685,1,0.85,1.0,0.0
-0.1451849507921685,1,0.85,1.0,0.0
-0.1451849507921685,1,0.85,1.0,0.0
-0.1451849507921685,1,0.85,1.0,0.0
-0.1451849507921685,1,0.85,1.0,0.0
-0.1451849507921685,1,0.85,1.0,0.0
-0.1451849507921685,1,0.85,1.0,0.0
-0.1451849507921685,1,0.85,1.0,0.0
0.9480020864413825,1,0.85,1.0,0.0
0.9480020864413825,1,0.85,1.0,0.0
0.9255393391009673,1,0.85,1.0,0.0
0.9255393391009673,1,0.85,1.0,0.0
0.9105641742073568,1,0.85,1.0,0.0
-0.1451849507921685,1,0.85,1.0,0.0
-0.1451849507921685,1,0.85,1.0,0.0
-0.1451849507921685,1,0.85,1.0,0.0
-0.1451849507921685,1,0.85,1.0,0.0
-0.1451849507921685,1,0.85,1.0,0.0
-0.1451849507921685,1,0.85,1.0,0.0
-0.1451849507921685,1,0.85,1.0,0.0
-0.1451849507921685,1,0.85,1.0,0.0
-0.1451849507921685,1,0.85,1.0,0.0
-0.1451849507921685,1,0.85,1.0,0.0
-0.1451849507921685,1,0.85,1.0,0.0
-0.1451849507921685,1,0.85,1.0,0.0
-0.1451849507921685,1,0.85,1.0,0.0
-0.1451849507921685,1,0.85,1.0,0.0
-0.1451849507921685,1,0.85,1.0,0.0
-0.1451849507921685,1,0.85,1.0,0.0
-0.1451849507921685,1,0.85,1.0,0.0
-0.1451849507921685,1,0.85,1.0,0.0
-0.1451849507921685,1,0.85,1.0,0.0
-0.1451849507921685,1,0.85,1.0,0.0
-0.1451849507921685,1,0.85,1.0,0.0
-0.1451849507921685,1,0.85,1.0,0.0
-0.1451849507921685,1,0.85,1.0,0.0
-0.1451849507921685,1,0.85,1.0,0.0
-0.1451849507921685,1,0.85,1.0,0.0
-0.1451849507921685,1,0.85,1.0,0.0
-0.1451849507921685,1,0.85,1.0,0.0
-0.1451849507921685,1,0.85,1.0,0.0
-0.1451849507921685,1,0.85,1.0,0.0
-0.1451849507921685,1,0.85,1.0,0.0
-0.1451849507921685,1,0.85,1.0,0.0
-0.1451849507921685,1,0.85,1.0,0.0
-0.1451849507921685,1,0.85,1.0,0.0
-0.1451849507921685,1,0.85,1.0,0.0
-0.1451849507921685,1,0.85,1.0,0.0
-0.1451849507921685,1,0.85,1.0,0.0
-0.1451849507921685,1,0.85,1.0,0.0
-0.1451849507921685,1,0.85,1.0,0.0
1.0752909880370698,1,0.85,1.0,0.0
1.0752909880370698,1,0.85,1.0,0.0
0.9480020864413825,1,0.85,1.0,0.0
0.9255393391009673,1,0.85,1.0,0.0
0.9255393391009673,1,0.85,1.0,0.0
0.9105641742073568,1,0.85,1.0,0.0
-0.1451849507921685,1,0.85,1.0,0.0
-0.1451849507921685,1,0.85,1.0,0.0
-0.1451849507921685,1,0.85,1.0,0.0
-0.1451849507921685,1,0.85,1.0,0.0
-0.1451849507921685,1,0.85,1.0,0.0
-0.1451849507921685,1,0.85,1.0,0.0
-0.1451849507921685,1,0.85,1.0,0.0
-0.1451849507921685,1,0.85,1.0,0.0
-0.1451849507921685,1,0.85,1.0,0.0
-0.1451849507921685,1,0.85,1.0,0.0
-0.1451849507921685,1,0.85,1.0,0.0
-0.1451849507921685,1,0.85,1.0,0.0
-0.1451849507921685,1,0.85,1.0,0.0
-0.1451849507921685,1,0.85,1.0,0.0
-0.1451849507921685,1,0.85,1.0,0.0
-0.1451849507921685,1,0.85,1.0,0.0
-0.1451849507921685,1,0.85,1.0,0.0
-0.1451849507921685,1,0.85,1.0,0.0
-0.1451849507921685,1,0.85,1.0,0.0
-0.1451849507921685,1,0.85,1.0,0.0
-0.1451849507921685,1,0.85,1.0,0.0
-0.1451849507921685,1,0.85,1.0,0.0
-0.1451849507921685,1,0.85,1.0,0.0
-0.1451849507921685,1,0.85,1.0,0.0
-0.1451849507921685,1,0.85,1.0,0.0
-0.1451849507921685,1,0.85,1.0,0.0
-0.1451849507921685,1,0.85,1.0,0.0
-0.1451849507921685,1,0.85,1.0,0.0
-0.1451849507921685,1,0.85,1.0,0.0
-0.1451849507921685,1,0.85,1.0,0.0
-0.1451849507921685,1,0.85,1.0,0.0
-0.1451849507921685,1,0.85,1.0,0.0
-0.1451849507921685,1,0.85,1.0,0.0
-0.1451849507921685,1,0.85,1.0,0.0
-0.1451849507921685,1,0.85,1.0,0.0
-0.1451849507921685,1,0.85,1.0,0.0
-0.1451849507921685,1,0.85,1.0,0.0
1.0678034055902648,1,0.85,1.0,0.0
0.9554896688881876,1,0.85,1.0,0.0
0.9255393391009673,1,0.85,1.0,0.0
0.9255393391009673,1,0.85,1.0,0.0
0.9105641742073568,1,0.85,1.0,0.0
-0.1451849507921685,1,0.85,1.0,0.0
-0.1451849507921685,1,0.85,1.0,0.0
-0.1451849507921685,1,0.85,1.0,0.0
-0.1451849507921685,1,0.85,1.0,0.0
-0.1451849507921685,1,0.85,1.0,0.0
-0.1451849507921685,1,0.85,1.0,0.0
-0.1451849507921685,1,0.85,1.0,0.0
-0.1451849507921685,1,0.85,1.0,0.0
-0.1451849507921685,1,0.85,1.0,0.0
-0.1451849507921685,1,0.85,1.0,0.0
-0.1451849507921685,1,0.85,1.0,0.0
-0.1451849507921685,1,0.85,1.0,0.0
-0.1451849507921685,1,0.85,1.0,0.0
-0.1451849507921685,1,0.85,1.0,0.0
-0.1451849507921685,1,0.85,1.0,0.0
-0.1451849507921685,1,0.85,1.0,0.0
-0.1451849507921685,1,0.85,1.0,0.0
-0.1451849507921685,1,0.85,1.0,0.0
-0.1451849507921685,1,0.85,1.0,0.0
-0.1451849507921685,1,0.85,1.0,0.0
-0.1451849507921685,1,0.85,1.0,0.0
-0.1451849507921685,1,0.85,1.0,0.0
-0.1451849507921685,1,0.85,1.0,0.0
-0.1451849507921685,1,0.85,1.0,0.0
-0.1451849507921685,1,0.85,1.0,0.0
-0.1451849507921685,1,0.85,1.0,0.0
-0.1451849507921685,1,0.85,1.0,0.0
-0.1451849507921685,1,0.85,1.0,0.0
-0.1451849507921685,1,0.85,1.0,0.0
-0.1451849507921685,1,0.85,1.0,0.0
-0.1451849507921685,1,0.85,1.0,0.0
-0.1451849507921685,1,0.85,1.0,0.0
-0.1451849507921685,1,0.85,1.0,0.0
-0.1451849507921685,1,0.85,1.0,0.0
-0.1451849507921685,1,0.85,1.0,0.0
-0.1451849507921685,1,0.85,1.0,0.0
1.022877910909434,1,0.85,1.0,0.0
0.9854399986754081,1,0.85,1.0,0.0
0.9330269215477724,1,0.85,1.0,0.0
0.9255393391009673,1,0.85,1.0,0.0
-0.1451849507921685,1,0.85,1.0,0.0
-0.1451849507921685,1,0.85,1.0,0.0
-0.1451849507921685,1,0.85,1.0,0.0
-0.1451849507921685,1,0.85,1.0,0.0
-0.1451849507921685,1,0.85,1.0,0.0
-0.1451849507921685,1,0.85,1.0,0.0
-0.1451849507921685,1,0.85,1.0,0.0
-0.1451849507921685,1,0.85,1.0,0.0
-0.1451849507921685,1,0.85,1.0,0.0
-0.1451849507921685,1,0.85,1.0,0.0
-0.1451849507921685,1,0.85,1.0,0.0
-0.1451849507921685,1,0.85,1.0,0.0
-0.1451849507921685,1,0.85,1.0,0.0
-0.1451849507921685,1,0.85,1.0,0.0
-0.1451849507921685,1,0.85,1.0,0.0
-0.1451849507921685,1,0.85,1.0,0.0
-0.1451849507921685,1,0.85,1.0,0.0
-0.1451849507921685,1,0.85,1.0,0.0
-0.1451849507921685,1,0.85,1.0,0.0
-0.1451849507921685,1,0.85,1.0,0.0
-0.1451849507921685,1,0.85,1.0,0.0
-0.1451849507921685,1,0.85,1.0,0.0
-0.1451849507921685,1,0.85,1.0,0.0
-0.1451849507921685,1,0.85,1.0,0.0
-0.1451849507921685,1,0.85,1.0,0.0
-0.1451849507921685,1,0.85,1.0,0.0
-0.1451849507921685,1,0.85,1.0,0.0
-0.1451849507921685,1,0.85,1.0,0.0
-0.1451849507921685,1,0.85,1.0,0.0
-0.1451849507921685,1,0.85,1.0,0.0
-0.1451849507921685,1,0.85,1.0,0.0
-0.1451849507921685,1,0.85,1.0,0.0
-0.1451849507921685,1,0.85,1.0,0.0
-0.1451849507921685,1,0.85,1.0,0.0
-0.1451849507921685,1,0.85,1.0,0.0
-0.1451849507921685,1,0.85,1.0,0.0
-0.1451849507921685,1,0.85,1.0,0.0
-0.1451849507921685,1,0.85,1.0,0.0
-0.1451849507921685,1,0.85,1.0,0.0
-0.1451849507921685,1,0.85,1.0,0.0
0.9330269215477724,1,0.85,1.0,0.0
0.9330269215477724,1,0.85,1.0,0.0
0.9255393391009673,1,0.85,1.0,0.0
-0.1451849507921685,1,0.85,1.0,0.0
-0.1451849507921685,1,0.85,1.0,0.0
-0.1451849507921685,1,0.85,1.0,0.0
-0.1451849507921685,1,0.85,1.0,0.0
-0.1451849507921685,1,0.85,1.0,0.0
-0.1451849507921685,1,0.85,1.0,0.0
-0.1451849507921685,1,0.85,1.0,0.0
-0.1451849507921685,1,0.85,1.0,0.0
-0.1451849507921685,1,0.85,1.0,0.0
-0.1451849507921685,1,0.85,1.0,0.0
-0.1451849507921685,1,0.85,1.0,0.0
-0.1451849507921685,1,0.85,1.0,0.0
-0.1451849507921685,1,0.85,1.0,0.0
-0.1451849507921685,1,0.85,1.0,0.0
-0.1451849507921685,1,0.85,1.0,0.0
-0.1451849507921685,1,0.85,1.0,0.0
-0.1451849507921685,1,0.85,1.0,0.0
-0.1451849507921685,1,0.85,1.0,0.0
-0.1451849507921685,1,0.85,1.0,0.0
-0.1451849507921685,1,0.85,1.0,0.0
-0.1451849507921685,1,0.85,1.0,0.0
-0.1451849507921685,1,0.85,1.0,0.0
-0.1451849507921685,1,0.85,1.0,0.0
-0.1451849507921685,1,0.85,1.0,0.0
-0.1451849507921685,1,0.85,1.0,0.0
-0.1451849507921685,1,0.85,1.0,0.0
-0.1451849507921685,1,0.85,1.0,0.0
-0.1451849507921685,1,0.85,1.0,0.0
-0.1451849507921685,1,0.85,1.0,0.0
-0.1451849507921685,1,0.85,1.0,0.0
-0.1451849507921685,1,0.85,1.0,0.0
-0.1451849507921685,1,0.85,1.0,0.0
-0.1451849507921685,1,0.85,1.0,0.0
-0.1451849507921685,1,0.85,1.0,0.0
-0.1451849507921685,1,0.85,1.0,0.0
-0.1451849507921685,1,0.85,1.0,0.0
-0.1451849507921685,1,0.85,1.0,0.0
-0.1451849507921685,1,0.85,1.0,0.0
-0.1451849507921685,1,0.85,1.0,0.0
-0.1451849507921685,1,0.85,1.0,0.0
-0.1451849507921685,1,0.85,1.0,0.0
1.0678034055902648,1,0.85,1.0,0.0
0.9629772513349929,1,0.85,1.0,0.0
0.9180517566541619,1,0.85,1.0,0.0
0.9180517566541619,1,0.85,1.0,0.0
-0.1451849507921685,1,0.85,1.0,0.0
-0.1451849507921685,1,0.85,1.0,0.0
-0.1451849507921685,1,0.85,1.0,0.0
-0.1451849507921685,1,0.85,1.0,0.0
-0.1451849507921685,1,0.85,1.0,0.0
-0.1451849507921685,1,0.85,1.0,0.0
-0.1451849507921685,1,0.85,1.0,0.0
-0.1451849507921685,1,0.85,1.0,0.0
-0.1451849507921685,1,0.85,1.0,0.0
-0.1451849507921685,1,0.85,1.0,0.0
-0.1451849507921685,1,0.85,1.0,0.0
-0.1451849507921685,1,0.85,1.0,0.0
-0.1451849507921685,1,0.85,1.0,0.0
-0.1451849507921685,1,0.85,1.0,0.0
-0.1451849507921685,1,0.85,1.0,0.0
-0.1451849507921685,1,0.85,1.0,0.0
-0.1451849507921685,1,0.85,1.0,0.0
-0.1451849507921685,1,0.85,1.0,0.0
-0.1451849507921685,1,0.85,1.0,0.0
-0.1451849507921685,1,0.85,1.0,0.0
-0.1451849507921685,1,0.85,1.0,0.0
-0.1451849507921685,1,0.85,1.0,0.0
-0.1451849507921685,1,0.85,1.0,0.0
-0.1451849507921685,1,0.85,1.0,0.0
-0.1451849507921685,1,0.85,1.0,0.0
-0.1451849507921685,1,0.85,1.0,0.0
-0.1451849507921685,1,0.85,1.0,0.0
-0.1451849507921685,1,0.85,1.0,0.0
-0.1451849507921685,1,0.85,1.0,0.0
-0.1451849507921685,1,0.85,1.0,0.0
-0.1451849507921685,1,0.85,1.0,0.0
-0.1451849507921685,1,0.85,1.0,0.0
-0.1451849507921685,1,0.85,1.0,0.0
-0.1451849507921685,1,0.85,1.0,0.0
-0.1451849507921685,1,0.85,1.0,0.0
-0.1451849507921685,1,0.85,1.0,0.0
-0.1451849507921685,1,0.85,1.0,0.0
-0.1451849507921685,1,0.85,1.0,0.0
-0.1451849507921685,1,0.85,1.0,0.0
-0.1451849507921685,1,0.85,1.0,0.0
0.9255393391009673,1,0.85,1.0,0.0
0.9255393391009673,1,0.85,1.0,0.0
0.9180517566541619,1,0.85,1.0,0.0
0.9105641742073568,1,0.85,1.0,0.0
-0.1451849507921685,1,0.85,1.0,0.0
-0.1451849507921685,1,0.85,1.0,0.0
-0.1451849507921685,1,0.85,1.0,0.0
-0.1451849507921685,1,0.85,1.0,0.0
-0.1451849507921685,1,0.85,1.0,0.0
-0.1451849507921685,1,0.85,1.0,0.0
-0.1451849507921685,1,0.85,1.0,0.0
-0.1451849507921685,1,0.85,1.0,0.0
-0.1451849507921685,1,0.85,1.0,0.0
-0.1451849507921685,1,0.85,1.0,0.0
-0.1451849507921685,1,0.85,1.0,0.0
-0.1451849507921685,1,0.85,1.0,0.0
-0.1451849507921685,1,0.85,1.0,0.0
-0.1451849507921685,1,0.85,1.0,0.0
-0.1451849507921685,1,0.85,1.0,0.0
-0.1451849507921685,1,0.85,1.0,0.0
-0.1451849507921685,1,0.85,1.0,0.0
-0.1451849507921685,1,0.85,1.0,0.0
-0.1451849507921685,1,0.85,1.0,0.0
-0.1451849507921685,1,0.85,1.0,0.0
-0.1451849507921685,1,0.85,1.0,0.0
-0.1451849507921685,1,0.85,1.0,0.0
-0.1451849507921685,1,0.85,1.0,0.0
-0.1451849507921685,1,0.85,1.0,0.0
-0.1451849507921685,1,0.85,1.0,0.0
-0.1451849507921685,1,0.85,1.0,0.0
-0.1451849507921685,1,0.85,1.0,0.0
-0.1451849507921685,1,0.85,1.0,0.0
-0.1451849507921685,1,0.85,1.0,0.0
-0.1451849507921685,1,0.85,1.0,0.0
-0.1451849507921685,1,0.85,1.0,0.0
-0.1451849507921685,1,0.85,1.0,0.0
-0.1451849507921685,1,0.85,1.0,0.0
-0.1451849507921685,1,0.85,1.0,0.0
-0.1451849507921685,1,0.85,1.0,0.0
-0.1451849507921685,1,0.85,1.0,0.0
-0.1451849507921685,1,0.85,1.0,0.0
-0.1451849507921685,1,0.85,1.0,0.0
0.9704648337817978,1,0.85,1.0,0.0
0.9704648337817978,1,0.85,1.0,0.0
0.9255393391009673,1,0.85,1.0,0.0
0.9255393391009673,1,0.85,1.0,0.0
0.9180517566541619,1,0.85,1.0,0.0
-0.1451849507921685,1,0.85,1.0,0.0
-0.1451849507921685,1,0.85,1.0,0.0
-0.1451849507921685,1,0.85,1.0,0.0
-0.1451849507921685,1,0.85,1.0,0.0
-0.1451849507921685,1,0.85,1.0,0.0
-0.1451849507921685,1,0.85,1.0,0.0
-0.1451849507921685,1,0.85,1.0,0.0
-0.1451849507921685,1,0.85,1.0,0.0
-0.1451849507921685,1,0.85,1.0,0.0
-0.1451849507921685,1,0.85,1.0,0.0
-0.1451849507921685,1,0.85,1.0,0.0
-0.1451849507921685,1,0.85,1.0,0.0
-0.1451849507921685,1,0.85,1.0,0.0
-0.1451849507921685,1,0.85,1.0,0.0
-0.1451849507921685,1,0.85,1.0,0.0
-0.1451849507921685,1,0.85,1.0,0.0
-0.1451849507921685,1,0.85,1.0,0.0
-0.1451849507921685,1,0.85,1.0,0.0
-0.1451849507921685,1,0.85,1.0,0.0
-0.1451849507921685,1,0.85,1.0,0.0
-0.1451849507921685,1,0.85,1.0,0.0
-0.1451849507921685,1,0.85,1.0,0.0
-0.1451849507921685,1,0.85,1.0,0.0
-0.1451849507921685,1,0.85,1.0,0.0
-0.1451849507921685,1,0.85,1.0,0.0
-0.1451849507921685,1,0.85,1.0,0.0
-0.1451849507921685,1,0.85,1.0,0.0
-0.1451849507921685,1,0.85,1.0,0.0
-0.1451849507921685,1,0.85,1.0,0.0
-0.1451849507921685,1,0.85,1.0,0.0
-0.1451849507921685,1,0.85,1.0,0.0
-0.1451849507921685,1,0.85,1.0,0.0
-0.1451849507921685,1,0.85,1.0,0.0
-0.1451849507921685,1,0.85,1.0,0.0
-0.1451849507921685,1,0.85,1.0,0.0
-0.1451849507921685,1,0.85,1.0,0.0
-0.1451849507921685,1,0.85,1.0,0.0
-0.1451849507921685,1,0.85,1.0,0.0
-0.1451849507921685,1,0.85,1.0,0.0
1.030365493356239,1,0.85,1.0,0.0
0.9330269215477724,1,0.85,1.0,0.0
0.9255393391009673,1,0.85,1.0,0.0
0.9180517566541619,1,0.85,1.0,0.0
0.9105641742073568,1,0.85,1.0,0.0
-0.1451849507921685,1,0.85,1.0,0.0
-0.1451849507921685,1,0.85,1.0,0.0
-0.1451849507921685,1,0.85,1.0,0.0
-0.1451849507921685,1,0.85,1.0,0.0
-0.1451849507921685,1,0.85,1.0,0.0
-0.1451849507921685,1,0.85,1.0,0.0
-0.1451849507921685,1,0.85,1.0,0.0
-0.1451849507921685,1,0.85,1.0,0.0
-0.1451849507921685,1,0.85,1.0,0.0
-0.1451849507921685,1,0.85,1.0,0.0
-0.1451849507921685,1,0.85,1.0,0.0
-0.1451849507921685,1,0.85,1.0,0.0
-0.1451849507921685,1,0.85,1.0,0.0
-0.1451849507921685,1,0.85,1.0,0.0
-0.1451849507921685,1,0.85,1.0,0.0
-0.1451849507921685,1,0.85,1.0,0.0
-0.1451849507921685,1,0.85,1.0,0.0
-0.1451849507921685,1,0.85,1.0,0.0
-0.1451849507921685,1,0.85,1.0,0.0
-0.1451849507921685,1,0.85,1.0,0.0
-0.1451849507921685,1,0.85,1.0,0.0
-0.1451849507921685,1,0.85,1.0,0.0
-0.1451849507921685,1,0.85,1.0,0.0
-0.1451849507921685,1,0.85,1.0,0.0
-0.1451849507921685,1,0.85,1.0,0.0
-0.1451849507921685,1,0.85,1.0,0.0
-0.1451849507921685,1,0.85,1.0,0.0
-0.1451849507921685,1,0.85,1.0,0.0
-0.1451849507921685,1,0.85,1.0,0.0
-0.1451849507921685,1,0.85,1.0,0.0
-0.1451849507921685,1,0.85,1.0,0.0
-0.1451849507921685,1,0.85,1.0,0.0
-0.1451849507921685,1,0.85,1.0,0.0
-0.1451849507921685,1,0.85,1.0,0.0
-0.1451849507921685,1,0.85,1.0,0.0
-0.1451849507921685,1,0.85,1.0,0.0
-0.1451849507921685,1,0.85,1.0,0.0
1.0378530758030442,1,0.85,1.0,0.0
0.9405145039945774,1,0.85,1.0,0.0
0.9255393391009673,1,0.85,1.0,0.0
0.9255393391009673,1,0.85,1.0,0.0
-0.1451849507921685,1,0.85,1.0,0.0
-0.1451849507921685,1,0.85,1.0,0.0
-0.1451849507921685,1,0.85,1.0,0.0
-0.1451849507921685,1,0.85,1.0,0.0
-0.1451849507921685,1,0.85,1.0,0.0
-0.1451849507921685,1,0.85,1.0,0.0
-0.1451849507921685,1,0.85,1.0,0.0
-0.1451849507921685,1,0.85,1.0,0.0
-0.1451849507921685,1,0.85,1.0,0.0
-0.1451849507921685,1,0.85,1.0,0.0
-0.1451849507921685,1,0.85,1.0,0.0
-0.1451849507921685,1,0.85,1.0,0.0
-0.1451849507921685,1,0.85,1.0,0.0
-0.1451849507921685,1,0.85,1.0,0.0
-0.1451849507921685,1,0.85,1.0,0.0
-0.1451849507921685,1,0.85,1.0,0.0
-0.1451849507921685,1,0.85,1.0,0.0
-0.1451849507921685,1,0.85,1.0,0.0
-0.1451849507921685,1,0.85,1.0,0.0
-0.1451849507921685,1,0.85,1.0,0.0
-0.1451849507921685,1,0.85,1.0,0.0
-0.1451849507921685,1,0.85,1.0,0.0
-0.1451849507921685,1,0.85,1.0,0.0
-0.1451849507921685,1,0.85,1.0,0.0
-0.1451849507921685,1,0.85,1.0,0.0
-0.1451849507921685,1,0.85,1.0,0.0
-0.1451849507921685,1,0.85,1.0,0.0
-0.1451849507921685,1,0.85,1.0,0.0
-0.1451849507921685,1,0.85,1.0,0.0
-0.1451849507921685,1,0.85,1.0,0.0
-0.1451849507921685,1,0.85,1.0,0.0
-0.1451849507921685,1,0.85,1.0,0.0
-0.1451849507921685,1,0.85,1.0,0.0
-0.1451849507921685,1,0.85,1.0,0.0
-0.1451849507921685,1,0.85,1.0,0.0
-0.1451849507921685,1,0.85,1.0,0.0
-0.1451849507921685,1,0.85,1.0,0.0
-0.1451849507921685,1,0.85,1.0,0.0
-0.1451849507921685,1,0.85,1.0,0.0
-0.1451849507921685,1,0.85,1.0,0.0
-0.1451849507921685,1,0.85,1.0,0.0
4.527066496014241,1,0.85,1.0,0.0
1.0004151635690184,1,0.85,1.0,0.0
0.9330269215477724,1,0.85,1.0,0.0
0.9030765917605517,1,0.85,1.0,0.0
0.9030765917605517,1,0.85,1.0,0.0
-0.1451849507921685,1,0.85,1.0,0.0
-0.1451849507921685,1,0.85,1.0,0.0
-0.1451849507921685,1,0.85,1.0,0.0
-0.1451849507921685,1,0.85,1.0,0.0
-0.1451849507921685,1,0.85,1.0,0.0
-0.1451849507921685,1,0.85,1.0,0.0
-0.1451849507921685,1,0.85,1.0,0.0
-0.1451849507921685,1,0.85,1.0,0.0
-0.1451849507921685,1,0.85,1.0,0.0
-0.1451849507921685,1,0.85,1.0,0.0
-0.1451849507921685,1,0.85,1.0,0.0
-0.1451849507921685,1,0.85,1.0,0.0
-0.1451849507921685,1,0.85,1.0,0.0
-0.1451849507921685,1,0.85,1.0,0.0
-0.1451849507921685,1,0.85,1.0,0.0
-0.1451849507921685,1,0.85,1.0,0.0
-0.1451849507921685,1,0.85,1.0,0.0
-0.1451849507921685,1,0.85,1.0,0.0
-0.1451849507921685,1,0.85,1.0,0.0
-0.1451849507921685,1,0.85,1.0,0.0
-0.1451849507921685,1,0.85,1.0,0.0
-0.1451849507921685,1,0.85,1.0,0.0
-0.1451849507921685,1,0.85,1.0,0.0
-0.1451849507921685,1,0.85,1.0,0.0
-0.1451849507921685,1,0.85,1.0,0.0
-0.1451849507921685,1,0.85,1.0,0.0
-0.1451849507921685,1,0.85,1.0,0.0
-0.1451849507921685,1,0.85,1.0,0.0
-0.1451849507921685,1,0.85,1.0,0.0
-0.1451849507921685,1,0.85,1.0,0.0
-0.1451849507921685,1,0.85,1.0,0.0
-0.1451849507921685,1,0.85,1.0,0.0
-0.1451849507921685,1,0.85,1.0,0.0
-0.1451849507921685,1,0.85,1.0,0.0
-0.1451849507921685,1,0.85,1.0,0.0
-0.1451849507921685,1,0.85,1.0,0.0
-0.1451849507921685,1,0.85,1.0,0.0
-0.1451849507921685,1,0.85,1.0,0.0
0.9330269215477724,1,0.85,1.0,0.0
0.9330269215477724,1,0.85,1.0,0.0
0.9255393391009673,1,0.85,1.0,0.0
0.9180517566541619,1,0.85,1.0,0.0
-0.1451849507921685,1,0.85,1.0,0.0
-0.1451849507921685,1,0.85,1.0,0.0
-0.1451849507921685,1,0.85,1.0,0.0
-0.1451849507921685,1,0.85,1.0,0.0
-0.1451849507921685,1,0.85,1.0,0.0
-0.1451849507921685,1,0.85,1.0,0.0
-0.1451849507921685,1,0.85,1.0,0.0
-0.1451849507921685,1,0.85,1.0,0.0
-0.1451849507921685,1,0.85,1.0,0.0
-0.1451849507921685,1,0.85,1.0,0.0
-0.1451849507921685,1,0.85,1.0,0.0
-0.1451849507921685,1,0.85,1.0,0.0
-0.1451849507921685,1,0.85,1.0,0.0
-0.1451849507921685,1,0.85,1.0,0.0
-0.1451849507921685,1,0.85,1.0,0.0
-0.1451849507921685,1,0.85,1.0,0.0
-0.1451849507921685,1,0.85,1.0,0.0
-0.1451849507921685,1,0.85,1.0,0.0
-0.1451849507921685,1,0.85,1.0,0.0
-0.1451849507921685,1,0.85,1.0,0.0
-0.1451849507921685,1,0.85,1.0,0.0
-0.1451849507921685,1,0.85,1.0,0.0
-0.1451849507921685,1,0.85,1.0,0.0
-0.1451849507921685,1,0.85,1.0,0.0
-0.1451849507921685,1,0.85,1.0,0.0
-0.1451849507921685,1,0.85,1.0,0.0
-0.1451849507921685,1,0.85,1.0,0.0
-0.1451849507921685,1,0.85,1.0,0.0
-0.1451849507921685,1,0.85,1.0,0.0
-0.1451849507921685,1,0.85,1.0,0.0
-0.1451849507921685,1,0.85,1.0,0.0
-0.1451849507921685,1,0.85,1.0,0.0
-0.1451849507921685,1,0.85,1.0,0.0
-0.1451849507921685,1,0.85,1.0,0.0
-0.1451849507921685,1,0.85,1.0,0.0
-0.1451849507921685,1,0.85,1.0,0.0
-0.1451849507921685,1,0.85,1.0,0.0
-0.1451849507921685,1,0.85,1.0,0.0
-0.1451849507921685,1,0.85,1.0,0.0
-0.1451849507921685,1,0.85,1.0,0.0
-0.1451849507921685,1,0.85,1.0,0.0
0.9405145039945774,1,0.85,1.0,0.0
0.9405145039945774,1,0.85,1.0,0.0
0.9330269215477724,1,0.85,1.0,0.0
0.9255393391009673,1,0.85,1.0,0.0
0.9105641742073568,1,0.85,1.0,0.0
-0.1451849507921685,1,0.85,1.0,0.0
-0.1451849507921685,1,0.85,1.0,0.0
-0.1451849507921685,1,0.85,1.0,0.0
-0.1451849507921685,1,0.85,1.0,0.0
-0.1451849507921685,1,0.85,1.0,0.0
-0.1451849507921685,1,0.85,1.0,0.0
-0.1451849507921685,1,0.85,1.0,0.0
-0.1451849507921685,1,0.85,1.0,0.0
-0.1451849507921685,1,0.85,1.0,0.0
-0.1451849507921685,1,0.85,1.0,0.0
-0.1451849507921685,1,0.85,1.0,0.0
-0.1451849507921685,1,0.85,1.0,0.0
-0.1451849507921685,1,0.85,1.0,0.0
-0.1451849507921685,1,0.85,1.0,0.0
-0.1451849507921685,1,0.85,1.0,0.0
-0.1451849507921685,1,0.85,1.0,0.0
-0.1451849507921685,1,0.85,1.0,0.0
-0.1451849507921685,1,0.85,1.0,0.0
-0.1451849507921685,1,0.85,1.0,0.0
-0.1451849507921685,1,0.85,1.0,0.0
-0.1451849507921685,1,0.85,1.0,0.0
-0.1451849507921685,1,0.85,1.0,0.0
-0.1451849507921685,1,0.85,1.0,0.0
-0.1451849507921685,1,0.85,1.0,0.0
-0.1451849507921685,1,0.85,1.0,0.0
-0.1451849507921685,1,0.85,1.0,0.0
-0.1451849507921685,1,0.85,1.0,0.0
-0.1451849507921685,1,0.85,1.0,0.0
-0.1451849507921685,1,0.85,1.0,0.0
-0.1451849507921685,1,0.85,1.0,0.0
-0.1451849507921685,1,0.85,1.0,0.0
-0.1451849507921685,1,0.85,1.0,0.0
-0.1451849507921685,1,0.85,1.0,0.0
-0.1451849507921685,1,0.85,1.0,0.0
-0.1451849507921685,1,0.85,1.0,0.0
-0.1451849507921685,1,0.85,1.0,0.0
-0.1451849507921685,1,0.85,1.0,0.0
-0.1451849507921685,1,0.85,1.0,0.0
1.030365493356239,1,0.85,1.0,0.0
0.9330269215477724,1,0.85,1.0,0.0
0.9255393391009673,1,0.85,1.0,0.0
0.9105641742073568,1,0.85,1.0,0.0
0.9105641742073568,1,0.85,1.0,0.0
-0.1451849507921685,1,0.85,1.0,0.0
-0.1451849507921685,1,0.85,1.0,0.0
-0.1451849507921685,1,0.85,1.0,0.0
-0.1451849507921685,1,0.85,1.0,0.0
-0.1451849507921685,1,0.85,1.0,0.0
-0.1451849507921685,1,0.85,1.0,0.0
-0.1451849507921685,1,0.85,1.0,0.0
-0.1451849507921685,1,0.85,1.0,0.0
-0.1451849507921685,1,0.85,1.0,0.0
-0.1451849507921685,1,0.85,1.0,0.0
-0.1451849507921685,1,0.85,1.0,0.0
-0.1451849507921685,1,0.85,1.0,0.0
-0.1451849507921685,1,0.85,1.0,0.0
-0.1451849507921685,1,0.85,1.0,0.0
-0.1451849507921685,1,0.85,1.0,0.0
-0.1451849507921685,1,0.85,1.0,0.0
-0.1451849507921685,1,0.85,1.0,0.0
-0.1451849507921685,1,0.85,1.0,0.0
-0.1451849507921685,1,0.85,1.0,0.0
-0.1451849507921685,1,0.85,1.0,0.0
-0.1451849507921685,1,0.85,1.0,0.0
-0.1451849507921685,1,0.85,1.0,0.0
-0.1451849507921685,1,0.85,1.0,0.0
-0.1451849507921685,1,0.85,1.0,0.0
-0.1451849507921685,1,0.85,1.0,0.0
-0.1451849507921685,1,0.85,1.0,0.0
-0.1451849507921685,1,0.85,1.0,0.0
-0.1451849507921685,1,0.85,1.0,0.0
-0.1451849507921685,1,0.85,1.0,0.0
-0.1451849507921685,1,0.85,1.0,0.0
-0.1451849507921685,1,0.85,1.0,0.0
-0.1451849507921685,1,0.85,1.0,0.0
-0.1451849507921685,1,0.85,1.0,0.0
-0.1451849507921685,1,0.85,1.0,0.0
-0.1451849507921685,1,0.85,1.0,0.0
-0.1451849507921685,1,0.85,1.0,0.0
1.0153903284626287,1,0.85,1.0,0.0
1.0153903284626287,1,0.85,1.0,0.0
0.977952416228603,1,0.85,1.0,0.0
0.9330269215477724,1,0.85,1.0,0.0
0.9255393391009673,1,0.85,1.0,0.0
-0.1451849507921685,1,0.85,1.0,0.0
-0.1451849507921685,1,0.85,1.0,0.0
-0.1451849507921685,1,0.85,1.0,0.0
-0.1451849507921685,1,0.85,1.0,0.0
-0.1451849507921685,1,0.85,1.0,0.0
-0.1451849507921685,1,0.85,1.0,0.0
-0.1451849507921685,1,0.85,1.0,0.0
-0.1451849507921685,1,0.85,1.0,0.0
-0.1451849507921685,1,0.85,1.0,0.0
-0.1451849507921685,1,0.85,1.0,0.0
-0.1451849507921685,1,0.85,1.0,0.0
-0.1451849507921685,1,0.85,1.0,0.0
-0.1451849507921685,1,0.85,1.0,0.0
-0.1451849507921685,1,0.85,1.0,0.0
-0.1451849507921685,1,0.85,1.0,0.0
-0.1451849507921685,1,0.85,1.0,0.0
-0.1451849507921685,1,0.85,1.0,0.0
-0.1451849507921685,1,0.85,1.0,0.0
-0.1451849507921685,1,0.85,1.0,0.0
-0.1451849507921685,1,0.85,1.0,0.0
-0.1451849507921685,1,0.85,1.0,0.0
-0.1451849507921685,1,0.85,1.0,0.0
-0.1451849507921685,1,0.85,1.0,0.0
-0.1451849507921685,1,0.85,1.0,0.0
-0.1451849507921685,1,0.85,1.0,0.0
-0.1451849507921685,1,0.85,1.0,0.0
-0.1451849507921685,1,0.85,1.0,0.0
-0.1451849507921685,1,0.85,1.0,0.0
-0.1451849507921685,1,0.85,1.0,0.0
-0.1451849507921685,1,0.85,1.0,0.0
-0.1451849507921685,1,0.85,1.0,0.0
-0.1451849507921685,1,0.85,1.0,0.0
-0.1451849507921685,1,0.85,1.0,0.0
-0.1451849507921685,1,0.85,1.0,0.0
-0.1451849507921685,1,0.85,1.0,0.0
-0.1451849507921685,1,0.85,1.0,0.0
-0.1451849507921685,1,0.85,1.0,0.0
-0.1451849507921685,1,0.85,1.0,0.0
1.0603158231434595,1,0.85,1.0,0.0
0.977952416228603,1,0.85,1.0,0.0
-0.1451849507921685,1,0.85,1.0,0.0
-0.1451849507921685,1,0.85,1.0,0.0
-0.1451849507921685,1,0.85,1.0,0.0
-0.1451849507921685,1,0.85,1.0,0.0
-0.1451849507921685,1,0.85,1.0,0.0
-0.1451849507921685,1,0.85,1.0,0.0
-0.1451849507921685,1,0.85,1.0,0.0
-0.1451849507921685,1,0.85,1.0,0.0
-0.1451849507921685,1,0.85,1.0,0.0
-0.1451849507921685,1,0.85,1.0,0.0
-0.1451849507921685,1,0.85,1.0,0.0
-0.1451849507921685,1,0.85,1.0,0.0
-0.1451849507921685,1,0.85,1.0,0.0
-0.1451849507921685,1,0.85,1.0,0.0
-0.1451849507921685,1,0.85,1.0,0.0
-0.1451849507921685,1,0.85,1.0,0.0
-0.1451849507921685,1,0.85,1.0,0.0
-0.1451849507921685,1,0.85,1.0,0.0
-0.1451849507921685,1,0.85,1.0,0.0
-0.1451849507921685,1,0.85,1.0,0.0
-0.1451849507921685,1,0.85,1.0,0.0
-0.1451849507921685,1,0.85,1.0,0.0
-0.1451849507921685,1,0.85,1.0,0.0
-0.1451849507921685,1,0.85,1.0,0.0
-0.1451849507921685,1,0.85,1.0,0.0
-0.1451849507921685,1,0.85,1.0,0.0
-0.1451849507921685,1,0.85,1.0,0.0
-0.1451849507921685,1,0.85,1.0,0.0
-0.1451849507921685,1,0.85,1.0,0.0
-0.1451849507921685,1,0.85,1.0,0.0
-0.1451849507921685,1,0.85,1.0,0.0
-0.1451849507921685,1,0.85,1.0,0.0
-0.1451849507921685,1,0.85,1.0,0.0
-0.1451849507921685,1,0.85,1.0,0.0
-0.1451849507921685,1,0.85,1.0,0.0
-0.1451849507921685,1,0.85,1.0,0.0
-0.1451849507921685,1,0.85,1.0,0.0
-0.1451849507921685,1,0.85,1.0,0.0
-0.1451849507921685,1,0.85,1.0,0.0
-0.1451849507921685,1,0.85,1.0,0.0
-0.1451849507921685,1,0.85,1.0,0.0
1.0678034055902648,1,0.85,1.0,0.0
0.9180517566541619,1,0.85,1.0,0.0
0.9180517566541619,1,0.85,1.0,0.0
-0.1451849507921685,1,0.85,1.0,0.0
-0.1451849507921685,1,0.85,1.0,0.0
-0.1451849507921685,1,0.85,1.0,0.0
-0.1451849507921685,1,0.85,1.0,0.0
-0.1451849507921685,1,0.85,1.0,0.0
-0.1451849507921685,1,0.85,1.0,0.0
-0.1451849507921685,1,0.85,1.0,0.0
-0.1451849507921685,1,0.85,1.0,0.0
-0.1451849507921685,1,0.85,1.0,0.0
-0.1451849507921685,1,0.85,1.0,0.0
-0.1451849507921685,1,0.85,1.0,0.0
-0.1451849507921685,1,0.85,1.0,0.0
-0.1451849507921685,1,0.85,1.0,0.0
-0.1451849507921685,1,0.85,1.0,0.0
-0.1451849507921685,1,0.85,1.0,0.0
-0.1451849507921685,1,0.85,1.0,0.0
-0.1451849507921685,1,0.85,1.0,0.0
-0.1451849507921685,1,0.85,1.0,0.0
-0.1451849507921685,1,0.85,1.0,0.0
-0.1451849507921685,1,0.85,1.0,0.0
-0.1451849507921685,1,0.85,1.0,0.0
-0.1451849507921685,1,0.85,1.0,0.0
-0.1451849507921685,1,0.85,1.0,0.0
-0.1451849507921685,1,0.85,1.0,0.0
-0.1451849507921685,1,0.85,1.0,0.0
-0.1451849507921685,1,0.85,1.0,0.0
-0.1451849507921685,1,0.85,1.0,0.0
-0.1451849507921685,1,0.85,1.0,0.0
-0.1451849507921685,1,0.85,1.0,0.0
-0.1451849507921685,1,0.85,1.0,0.0
-0.1451849507921685,1,0.85,1.0,0.0
-0.1451849507921685,1,0.85,1.0,0.0
-0.1451849507921685,1,0.85,1.0,0.0
-0.1451849507921685,1,0.85,1.0,0.0
-0.1451849507921685,1,0.85,1.0,0.0
-0.1451849507921685,1,0.85,1.0,0.0
-0.1451849507921685,1,0.85,1.0,0.0
-0.1451849507921685,1,0.85,1.0,0.0
-0.1451849507921685,1,0.85,1.0,0.0
-0.1451849507921685,1,0.85,1.0,0.0
-0.1451849507921685,1,0.85,1.0,0.0
0.9255393391009673,1,0.85,1.0,0.0
0.9255393391009673,1,0.85,1.0,0.0
0.9180517566541619,1,0.85,1.0,0.0
0.9105641742073568,1,0.85,1.0,0.0
0.9030765917605517,1,0.85,1.0,0.0
-0.1451849507921685,1,0.85,1.0,0.0
-0.1451849507921685,1,0.85,1.0,0.0
-0.1451849507921685,1,0.85,1.0,0.0
-0.1451849507921685,1,0.85,1.0,0.0
-0.1451849507921685,1,0.85,1.0,0.0
-0.1451849507921685,1,0.85,1.0,0.0
-0.1451849507921685,1,0.85,1.0,0.0
-0.1451849507921685,1,0.85,1.0,0.0
-0.1451849507921685,1,0.85,1.0,0.0
-0.1451849507921685,1,0.85,1.0,0.0
-0.1451849507921685,1,0.85,1.0,0.0
-0.1451849507921685,1,0.85,1.0,0.0
-0.1451849507921685,1,0.85,1.0,0.0
-0.1451849507921685,1,0.85,1.0,0.0
-0.1451849507921685,1,0.85,1.0,0.0
-0.1451849507921685,1,0.85,1.0,0.0
-0.1451849507921685,1,0.85,1.0,0.0
-0.1451849507921685,1,0.85,1.0,0.0
-0.1451849507921685,1,0.85,1.0,0.0
-0.1451849507921685,1,0.85,1.0,0.0
-0.1451849507921685,1,0.85,1.0,0.0
-0.1451849507921685,1,0.85,1.0,0.0
-0.1451849507921685,1,0.85,1.0,0.0
-0.1451849507921685,1,0.85,1.0,0.0
-0.1451849507921685,1,0.85,1.0,0.0
-0.1451849507921685,1,0.85,1.0,0.0
-0.1451849507921685,1,0.85,1.0,0.0
-0.1451849507921685,1,0.85,1.0,0.0
-0.1451849507921685,1,0.85,1.0,0.0
-0.1451849507921685,1,0.85,1.0,0.0
-0.1451849507921685,1,0.85,1.0,0.0
-0.1451849507921685,1,0.85,1.0,0.0
-0.1451849507921685,1,0.85,1.0,0.0
-0.1451849507921685,1,0.85,1.0,0.0
-0.1451849507921685,1,0.85,1.0,0.0
-0.1451849507921685,1,0.85,1.0,0.0
1.0603158231434595,1,0.85,1.0,0.0
1.0603158231434595,1,0.85,1.0,0.0
0.9629772513349929,1,0.85,1.0,0.0
0.9180517566541619,1,0.85,1.0,0.0
0.9180517566541619,1,0.85,1.0,0.0
0.9105641742073568,1,0.85,1.0,0.0
-0.1451849507921685,1,0.85,1.0,0.0
-0.1451849507921685,1,0.85,1.0,0.0
-0.1451849507921685,1,0.85,1.0,0.0
-0.1451849507921685,1,0.85,1.0,0.0
0.6335236236755666,1,0.85,1.0,0.0
0.6335236236755666,1,0.85,1.0,0.0
0.6335236236755666,1,0.85,1.0,0.0
0.6260360412287614,1,0.85,1.0,0.0
0.6260360412287614,1,0.85,1.0,0.0
0.6260360412287614,1,0.85,1.0,0.0
0.6260360412287614,1,0.85,1.0,0.0
0.6260360412287614,1,0.85,1.0,0.0
0.6260360412287614,1,0.85,1.0,0.0
0.6260360412287614,1,0.85,1.0,0.0
0.6260360412287614,1,0.85,1.0,0.0
0.6185484587819562,1,0.85,1.0,0.0
0.6185484587819562,1,0.85,1.0,0.0
0.6260360412287614,1,0.85,1.0,0.0
0.6260360412287614,1,0.85,1.0,0.0
0.6185484587819562,1,0.85,1.0,0.0
0.6185484587819562,1,0.85,1.0,0.0
0.6335236236755666,1,0.85,1.0,0.0
0.6335236236755666,1,0.85,1.0,0.0
0.6335236236755666,1,0.85,1.0,0.0
0.6335236236755666,1,0.85,1.0,0.0
0.6260360412287614,1,0.85,1.0,0.0
0.6335236236755666,1,0.85,1.0,0.0
0.6335236236755666,1,0.85,1.0,0.0
0.6260360412287614,1,0.85,1.0,0.0
0.6335236236755666,1,0.85,1.0,0.0
0.6335236236755666,1,0.85,1.0,0.0
0.6335236236755666,1,0.85,1.0,0.0
0.6335236236755666,1,0.85,1.0,0.0
0.6335236236755666,1,0.85,1.0,0.0
0.6260360412287614,1,0.85,1.0,0.0
0.6335236236755666,1,0.85,1.0,0.0
0.6335236236755666,1,0.85,1.0,0.0
0.6260360412287614,1,0.85,1.0,0.0
0.6260360412287614,1,0.85,1.0,0.0
0.6260360412287614,1,0.85,1.0,0.0
1.7716361555899482,1,0.85,1.0,0.0
1.7192230784623121,1,0.85,1.0,0.0
1.7192230784623121,1,0.85,1.0,0.0
1.696760331121897,1,0.85,1.0,0.0
0.6410112061223716,1,0.85,1.0,0.0
0.6410112061223716,1,0.85,1.0,0.0
0.6410112061223716,1,0.85,1.0,0.0
0.6410112061223716,1,0.85,1.0,0.0
0.6410112061223716,1,0.85,1.0,0.0
0.6410112061223716,1,0.85,1.0,0.0
0.6410112061223716,1,0.85,1.0,0.0
0.6410112061223716,1,0.85,1.0,0.0
0.6410112061223716,1,0.85,1.0,0.0
0.6410112061223716,1,0.85,1.0,0.0
0.6410112061223716,1,0.85,1.0,0.0
0.6410112061223716,1,0.85,1.0,0.0
0.6410112061223716,1,0.85,1.0,0.0
0.6410112061223716,1,0.85,1.0,0.0
0.6410112061223716,1,0.85,1.0,0.0
0.6410112061223716,1,0.85,1.0,0.0
0.6335236236755666,1,0.85,1.0,0.0
0.6335236236755666,1,0.85,1.0,0.0
0.6410112061223716,1,0.85,1.0,0.0
0.6410112061223716,1,0.85,1.0,0.0
0.6410112061223716,1,0.85,1.0,0.0
0.6410112061223716,1,0.85,1.0,0.0
0.6410112061223716,1,0.85,1.0,0.0
0.6410112061223716,1,0.85,1.0,0.0
0.6410112061223716,1,0.85,1.0,0.0
0.6410112061223716,1,0.85,1.0,0.0
0.6410112061223716,1,0.85,1.0,0.0
0.6410112061223716,1,0.85,1.0,0.0
0.6410112061223716,1,0.85,1.0,0.0
0.6410112061223716,1,0.85,1.0,0.0
0.6410112061223716,1,0.85,1.0,0.0
0.6410112061223716,1,0.85,1.0,0.0
0.6410112061223716,1,0.85,1.0,0.0
0.6410112061223716,1,0.85,1.0,0.0
0.6410112061223716,1,0.85,1.0,0.0
1.7940989029303636,1,0.85,1.0,0.0
1.7117354960155071,1,0.85,1.0,0.0
1.7117354960155071,1,0.85,1.0,0.0
0.6335236236755666,1,0.85,1.0,0.0
0.6335236236755666,1,0.85,1.0,0.0
0.6335236236755666,1,0.85,1.0,0.0
0.6335236236755666,1,0.85,1.0,0.0
0.6410112061223716,1,0.85,1.0,0.0
0.6410112061223716,1,0.85,1.0,0.0
0.6335236236755666,1,0.85,1.0,0.0
0.6410112061223716,1,0.85,1.0,0.0
0.6410112061223716,1,0.85,1.0,0.0
0.6335236236755666,1,0.85,1.0,0.0
0.6335236236755666,1,0.85,1.0,0.0
0.6335236236755666,1,0.85,1.0,0.0
0.6335236236755666,1,0.85,1.0,0.0
0.6335236236755666,1,0.85,1.0,0.0
0.6335236236755666,1,0.85,1.0,0.0
0.6410112061223716,1,0.85,1.0,0.0
0.6410112061223716,1,0.85,1.0,0.0
0.6335236236755666,1,0.85,1.0,0.0
0.6335236236755666,1,0.85,1.0,0.0
0.6335236236755666,1,0.85,1.0,0.0
0.6260360412287614,1,0.85,1.0,0.0
0.6260360412287614,1,0.85,1.0,0.0
0.6335236236755666,1,0.85,1.0,0.0
0.6335236236755666,1,0.85,1.0,0.0
0.6335236236755666,1,0.85,1.0,0.0
0.6335236236755666,1,0.85,1.0,0.0
0.6335236236755666,1,0.85,1.0,0.0
0.6335236236755666,1,0.85,1.0,0.0
0.6335236236755666,1,0.85,1.0,0.0
0.6410112061223716,1,0.85,1.0,0.0
0.6410112061223716,1,0.85,1.0,0.0
0.6335236236755666,1,0.85,1.0,0.0
0.6335236236755666,1,0.85,1.0,0.0
0.6335236236755666,1,0.85,1.0,0.0
0.6335236236755666,1,0.85,1.0,0.0
0.6335236236755666,1,0.85,1.0,0.0
0.6335236236755666,1,0.85,1.0,0.0
0.6335236236755666,1,0.85,1.0,0.0
1.86148714495161,1,0.85,1.0,0.0
1.7416858258027277,1,0.85,1.0,0.0
1.7117354960155071,1,0.85,1.0,0.0
1.7117354960155071,1,0.85,1.0,0.0
0.6335236236755666,1,0.85,1.0,0.0
0.6335236236755666,1,0.85,1.0,0.0
0.6335236236755666,1,0.85,1.0,0.0
0.6335236236755666,1,0.85,1.0,0.0
0.6335236236755666,1,0.85,1.0,0.0
0.6410112061223716,1,0.85,1.0,0.0
0.6335236236755666,1,0.85,1.0,0.0
0.6335236236755666,1,0.85,1.0,0.0
0.6410112061223716,1,0.85,1.0,0.0
0.6410112061223716,1,0.85,1.0,0.0
0.6335236236755666,1,0.85,1.0,0.0
0.6335236236755666,1,0.85,1.0,0.0
0.6335236236755666,1,0.85,1.0,0.0
0.6410112061223716,1,0.85,1.0,0.0
0.6410112061223716,1,0.85,1.0,0.0
0.6410112061223716,1,0.85,1.0,0.0
0.6335236236755666,1,0.85,1.0,0.0
0.6335236236755666,1,0.85,1.0,0.0
0.6335236236755666,1,0.85,1.0,0.0
0.6335236236755666,1,0.85,1.0,0.0
0.6335236236755666,1,0.85,1.0,0.0
0.6335236236755666,1,0.85,1.0,0.0
0.6335236236755666,1,0.85,1.0,0.0
0.6335236236755666,1,0.85,1.0,0.0
0.6335236236755666,1,0.85,1.0,0.0
0.6335236236755666,1,0.85,1.0,0.0
0.6335236236755666,1,0.85,1.0,0.0
0.6335236236755666,1,0.85,1.0,0.0
0.6335236236755666,1,0.85,1.0,0.0
0.6335236236755666,1,0.85,1.0,0.0
0.6335236236755666,1,0.85,1.0,0.0
0.6335236236755666,1,0.85,1.0,0.0
0.6335236236755666,1,0.85,1.0,0.0
0.6335236236755666,1,0.85,1.0,0.0
0.6335236236755666,1,0.85,1.0,0.0
0.6335236236755666,1,0.85,1.0,0.0
0.6335236236755666,1,0.85,1.0,0.0
1.8315368151643894,1,0.85,1.0,0.0
1.7866113204835585,1,0.85,1.0,0.0
1.7192230784623121,1,0.85,1.0,0.0
1.7117354960155071,1,0.85,1.0,0.0
0.6410112061223716,1,0.85,1.0,0.0
0.6410112061223716,1,0.85,1.0,0.0
0.6335236236755666,1,0.85,1.0,0.0
0.6335236236755666,1,0.85,1.0,0.0
0.6335236236755666,1,0.85,1.0,0.0
0.6410112061223716,1,0.85,1.0,0.0
0.6410112061223716,1,0.85,1.0,0.0
0.6410112061223716,1,0.85,1.0,0.0
0.6410112061223716,1,0.85,1.0,0.0
0.6410112061223716,1,0.85,1.0,0.0
0.6410112061223716,1,0.85,1.0,0.0
0.6410112061223716,1,0.85,1.0,0.0
0.6410112061223716,1,0.85,1.0,0.0
0.6410112061223716,1,0.85,1.0,0.0
0.6410112061223716,1,0.85,1.0,0.0
0.6410112061223716,1,0.85,1.0,0.0
0.6410112061223716,1,0.85,1.0,0.0
0.6410112061223716,1,0.85,1.0,0.0
0.6410112061223716,1,0.85,1.0,0.0
0.6410112061223716,1,0.85,1.0,0.0
0.6410112061223716,1,0.85,1.0,0.0
0.6410112061223716,1,0.85,1.0,0.0
0.6410112061223716,1,0.85,1.0,0.0
0.6410112061223716,1,0.85,1.0,0.0
0.6335236236755666,1,0.85,1.0,0.0
0.6335236236755666,1,0.85,1.0,0.0
0.6335236236755666,1,0.85,1.0,0.0
0.6410112061223716,1,0.85,1.0,0.0
0.6410112061223716,1,0.85,1.0,0.0
0.6410112061223716,1,0.85,1.0,0.0
0.6410112061223716,1,0.85,1.0,0.0
0.6335236236755666,1,0.85,1.0,0.0
0.6335236236755666,1,0.85,1.0,0.0
0.6410112061223716,1,0.85,1.0,0.0
0.6410112061223716,1,0.85,1.0,0.0
0.6410112061223716,1,0.85,1.0,0.0
0.6410112061223716,1,0.85,1.0,0.0
0.6335236236755666,1,0.85,1.0,0.0
1.86148714495161,1,0.85,1.0,0.0
1.764148573143143,1,0.85,1.0,0.0
1.7192230784623121,1,0.85,1.0,0.0
1.7117354960155071,1,0.85,1.0,0.0
0.6335236236755666,1,0.85,1.0,0.0
0.6335236236755666,1,0.85,1.0,0.0
0.6335236236755666,1,0.85,1.0,0.0
0.6335236236755666,1,0.85,1.0,0.0
0.6335236236755666,1,0.85,1.0,0.0
0.6335236236755666,1,0.85,1.0,0.0
0.6335236236755666,1,0.85,1.0,0.0
0.6410112061223716,1,0.85,1.0,0.0
0.6410112061223716,1,0.85,1.0,0.0
0.6410112061223716,1,0.85,1.0,0.0
0.6410112061223716,1,0.85,1.0,0.0
0.6410112061223716,1,0.85,1.0,0.0
0.6410112061223716,1,0.85,1.0,0.0
0.6410112061223716,1,0.85,1.0,0.0
0.6410112061223716,1,0.85,1.0,0.0
0.6410112061223716,1,0.85,1.0,0.0
0.6410112061223716,1,0.85,1.0,0.0
0.6410112061223716,1,0.85,1.0,0.0
0.6335236236755666,1,0.85,1.0,0.0
0.6410112061223716,1,0.85,1.0,0.0
0.6410112061223716,1,0.85,1.0,0.0
0.6410112061223716,1,0.85,1.0,0.0
0.6335236236755666,1,0.85,1.0,0.0
0.6335236236755666,1,0.85,1.0,0.0
0.6410112061223716,1,0.85,1.0,0.0
0.6410112061223716,1,0.85,1.0,0.0
0.6410112061223716,1,0.85,1.0,0.0
0.6410112061223716,1,0.85,1.0,0.0
0.6335236236755666,1,0.85,1.0,0.0
0.6410112061223716,1,0.85,1.0,0.0
0.6410112061223716,1,0.85,1.0,0.0
0.6410112061223716,1,0.85,1.0,0.0
0.6410112061223716,1,0.85,1.0,0.0
0.6410112061223716,1,0.85,1.0,0.0
0.6335236236755666,1,0.85,1.0,0.0
0.6335236236755666,1,0.85,1.0,0.0
0.6410112061223716,1,0.85,1.0,0.0
0.6410112061223716,1,0.85,1.0,0.0
0.6410112061223716,1,0.85,1.0,0.0
1.8465119800579997,1,0.85,1.0,0.0
1.7416858258027277,1,0.85,1.0,0.0
1.7341982433559224,1,0.85,1.0,0.0
0.6410112061223716,1,0.85,1.0,0.0
0.6410112061223716,1,0.85,1.0,0.0
0.6410112061223716,1,0.85,1.0,0.0
0.6410112061223716,1,0.85,1.0,0.0
0.6410112061223716,1,0.85,1.0,0.0
0.6410112061223716,1,0.85,1.0,0.0
0.6410112061223716,1,0.85,1.0,0.0
0.6410112061223716,1,0.85,1.0,0.0
0.6410112061223716,1,0.85,1.0,0.0
0.6484987885691768,1,0.85,1.0,0.0
0.6410112061223716,1,0.85,1.0,0.0
0.6410112061223716,1,0.85,1.0,0.0
0.6410112061223716,1,0.85,1.0,0.0
0.6410112061223716,1,0.85,1.0,0.0
0.6410112061223716,1,0.85,1.0,0.0
0.6410112061223716,1,0.85,1.0,0.0
0.6410112061223716,1,0.85,1.0,0.0
0.6410112061223716,1,0.85,1.0,0.0
0.6410112061223716,1,0.85,1.0,0.0
0.6410112061223716,1,0.85,1.0,0.0
0.6410112061223716,1,0.85,1.0,0.0
0.6410112061223716,1,0.85,1.0,0.0
0.6410112061223716,1,0.85,1.0,0.0
0.6410112061223716,1,0.85,1.0,0.0
0.6410112061223716,1,0.85,1.0,0.0
0.6410112061223716,1,0.85,1.0,0.0
0.6410112061223716,1,0.85,1.0,0.0
0.6410112061223716,1,0.85,1.0,0.0
0.6410112061223716,1,0.85,1.0,0.0
0.6484987885691768,1,0.85,1.0,0.0
0.6410112061223716,1,0.85,1.0,0.0
0.6410112061223716,1,0.85,1.0,0.0
0.6410112061223716,1,0.85,1.0,0.0
0.6410112061223716,1,0.85,1.0,0.0
1.8764623098452202,1,0.85,1.0,0.0
1.8764623098452202,1,0.85,1.0,0.0
1.764148573143143,1,0.85,1.0,0.0
1.7341982433559224,1,0.85,1.0,0.0
1.7117354960155071,1,0.85,1.0,0.0
1.7117354960155071,1,0.85,1.0,0.0
0.6484987885691768,1,0.85,1.0,0.0
0.6410112061223716,1,0.85,1.0,0.0
0.6410112061223716,1,0.85,1.0,0.0
0.6410112061223716,1,0.85,1.0,0.0
0.6410112061223716,1,0.85,1.0,0.0
0.6410112061223716,1,0.85,1.0,0.0
0.6410112061223716,1,0.85,1.0,0.0
0.6410112061223716,1,0.85,1.0,0.0
0.6410112061223716,1,0.85,1.0,0.0
0.6410112061223716,1,0.85,1.0,0.0
0.6484987885691768,1,0.85,1.0,0.0
0.6410112061223716,1,0.85,1.0,0.0
0.6410112061223716,1,0.85,1.0,0.0
0.6410112061223716,1,0.85,1.0,0.0
0.6410112061223716,1,0.85,1.0,0.0
0.6410112061223716,1,0.85,1.0,0.0
0.6410112061223716,1,0.85,1.0,0.0
0.6410112061223716,1,0.85,1.0,0.0
0.6335236236755666,1,0.85,1.0,0.0
0.6335236236755666,1,0.85,1.0,0.0
0.6335236236755666,1,0.85,1.0,0.0
0.6335236236755666,1,0.85,1.0,0.0
0.6335236236755666,1,0.85,1.0,0.0
0.6335236236755666,1,0.85,1.0,0.0
0.6410112061223716,1,0.85,1.0,0.0
0.6410112061223716,1,0.85,1.0,0.0
0.6410112061223716,1,0.85,1.0,0.0
0.6410112061223716,1,0.85,1.0,0.0
0.6410112061223716,1,0.85,1.0,0.0
0.6335236236755666,1,0.85,1.0,0.0
0.6335236236755666,1,0.85,1.0,0.0
0.6410112061223716,1,0.85,1.0,0.0
0.6410112061223716,1,0.85,1.0,0.0
0.6335236236755666,1,0.85,1.0,0.0
0.6335236236755666,1,0.85,1.0,0.0
0.6410112061223716,1,0.85,1.0,0.0
1.7491734082495327,1,0.85,1.0,0.0
1.7491734082495327,1,0.85,1.0,0.0
1.7267106609091174,1,0.85,1.0,0.0
1.7267106609091174,1,0.85,1.0,0.0
1.7117354960155071,1,0.85,1.0,0.0
0.6410112061223716,1,0.85,1.0,0.0
0.6410112061223716,1,0.85,1.0,0.0
0.6410112061223716,1,0.85,1.0,0.0
0.6410112061223716,1,0.85,1.0,0.0
0.6410112061223716,1,0.85,1.0,0.0
0.6410112061223716,1,0.85,1.0,0.0
0.6410112061223716,1,0.85,1.0,0.0
0.6410112061223716,1,0.85,1.0,0.0
0.6410112061223716,1,0.85,1.0,0.0
0.6410112061223716,1,0.85,1.0,0.0
0.6410112061223716,1,0.85,1.0,0.0
0.6410112061223716,1,0.85,1.0,0.0
0.6410112061223716,1,0.85,1.0,0.0
0.6410112061223716,1,0.85,1.0,0.0
0.6410112061223716,1,0.85,1.0,0.0
0.6410112061223716,1,0.85,1.0,0.0
0.6410112061223716,1,0.85,1.0,0.0
0.6410112061223716,1,0.85,1.0,0.0
0.6410112061223716,1,0.85,1.0,0.0
0.6410112061223716,1,0.85,1.0,0.0
0.6410112061223716,1,0.85,1.0,0.0
0.6410112061223716,1,0.85,1.0,0.0
0.6410112061223716,1,0.85,1.0,0.0
0.6410112061223716,1,0.85,1.0,0.0
0.6410112061223716,1,0.85,1.0,0.0
0.6410112061223716,1,0.85,1.0,0.0
0.6410112061223716,1,0.85,1.0,0.0
0.6335236236755666,1,0.85,1.0,0.0
0.6410112061223716,1,0.85,1.0,0.0
0.6410112061223716,1,0.85,1.0,0.0
0.6410112061223716,1,0.85,1.0,0.0
0.6335236236755666,1,0.85,1.0,0.0
0.6335236236755666,1,0.85,1.0,0.0
0.6410112061223716,1,0.85,1.0,0.0
0.6410112061223716,1,0.85,1.0,0.0
1.8689747273984147,1,0.85,1.0,0.0
1.7716361555899482,1,0.85,1.0,0.0
0.6260360412287614,1,0.85,1.0,0.0
0.6260360412287614,1,0.85,1.0,0.0
0.6335236236755666,1,0.85,1.0,0.0
0.6335236236755666,1,0.85,1.0,0.0
0.6335236236755666,1,0.85,1.0,0.0
0.6335236236755666,1,0.85,1.0,0.0
0.6335236236755666,1,0.85,1.0,0.0
0.6335236236755666,1,0.85,1.0,0.0
0.6335236236755666,1,0.85,1.0,0.0
0.6335236236755666,1,0.85,1.0,0.0
0.6335236236755666,1,0.85,1.0,0.0
0.6335236236755666,1,0.85,1.0,0.0
0.6335236236755666,1,0.85,1.0,0.0
0.6335236236755666,1,0.85,1.0,0.0
0.6335236236755666,1,0.85,1.0,0.0
0.6335236236755666,1,0.85,1.0,0.0
0.6335236236755666,1,0.85,1.0,0.0
0.6335236236755666,1,0.85,1.0,0.0
0.6335236236755666,1,0.85,1.0,0.0
0.6410112061223716,1,0.85,1.0,0.0
0.6410112061223716,1,0.85,1.0,0.0
0.6335236236755666,1,0.85,1.0,0.0
0.6335236236755666,1,0.85,1.0,0.0
0.6335236236755666,1,0.85,1.0,0.0
0.6335236236755666,1,0.85,1.0,0.0
0.6335236236755666,1,0.85,1.0,0.0
0.6335236236755666,1,0.85,1.0,0.0
0.6335236236755666,1,0.85,1.0,0.0
0.6410112061223716,1,0.85,1.0,0.0
0.6410112061223716,1,0.85,1.0,0.0
0.6410112061223716,1,0.85,1.0,0.0
0.6410112061223716,1,0.85,1.0,0.0
0.6410112061223716,1,0.85,1.0,0.0
0.6410112061223716,1,0.85,1.0,0.0
0.6335236236755666,1,0.85,1.0,0.0
1.8689747273984147,1,0.85,1.0,0.0
1.8689747273984147,1,0.85,1.0,0.0
1.7341982433559224,1,0.85,1.0,0.0
1.7341982433559224,1,0.85,1.0,0.0
1.7267106609091174,1,0.85,1.0,0.0
1.7117354960155071,1,0.85,1.0,0.0
0.6410112061223716,1,0.85,1.0,0.0
0.6410112061223716,1,0.85,1.0,0.0
0.6410112061223716,1,0.85,1.0,0.0
0.6335236236755666,1,0.85,1.0,0.0
0.6410112061223716,1,0.85,1.0,0.0
0.6410112061223716,1,0.85,1.0,0.0
0.6335236236755666,1,0.85,1.0,0.0
0.6335236236755666,1,0.85,1.0,0.0
0.6335236236755666,1,0.85,1.0,0.0
0.6410112061223716,1,0.85,1.0,0.0
0.6410112061223716,1,0.85,1.0,0.0
0.6410112061223716,1,0.85,1.0,0.0
0.6410112061223716,1,0.85,1.0,0.0
0.6410112061223716,1,0.85,1.0,0.0
0.6410112061223716,1,0.85,1.0,0.0
0.6410112061223716,1,0.85,1.0,0.0
0.6335236236755666,1,0.85,1.0,0.0
0.6410112061223716,1,0.85,1.0,0.0
0.6335236236755666,1,0.85,1.0,0.0
0.6335236236755666,1,0.85,1.0,0.0
0.6335236236755666,1,0.85,1.0,0.0
0.6335236236755666,1,0.85,1.0,0.0
0.6335236236755666,1,0.85,1.0,0.0
0.6410112061223716,1,0.85,1.0,0.0
0.6410112061223716,1,0.85,1.0,0.0
0.6410112061223716,1,0.85,1.0,0.0
0.6410112061223716,1,0.85,1.0,0.0
0.6410112061223716,1,0.85,1.0,0.0
0.6335236236755666,1,0.85,1.0,0.0
0.6335236236755666,1,0.85,1.0,0.0
0.6410112061223716,1,0.85,1.0,0.0
0.6410112061223716,1,0.85,1.0,0.0
0.6410112061223716,1,0.85,1.0,0.0
0.6410112061223716,1,0.85,1.0,0.0
1.8764623098452202,1,0.85,1.0,0.0
1.7341982433559224,1,0.85,1.0,0.0
1.7341982433559224,1,0.85,1.0,0.0
1.7192230784623121,1,0.85,1.0,0.0
0.6410112061223716,1,0.85,1.0,0.0
0.6410112061223716,1,0.85,1.0,0.0
0.6410112061223716,1,0.85,1.0,0.0
0.6410112061223716,1,0.85,1.0,0.0
0.6410112061223716,1,0.85,1.0,0.0
0.6410112061223716,1,0.85,1.0,0.0
0.6410112061223716,1,0.85,1.0,0.0
0.6410112061223716,1,0.85,1.0,0.0
0.6410112061223716,1,0.85,1.0,0.0
0.6410112061223716,1,0.85,1.0,0.0
0.6410112061223716,1,0.85,1.0,0.0
0.6410112061223716,1,0.85,1.0,0.0
0.6410112061223716,1,0.85,1.0,0.0
0.6410112061223716,1,0.85,1.0,0.0
0.6410112061223716,1,0.85,1.0,0.0
0.6335236236755666,1,0.85,1.0,0.0
0.6335236236755666,1,0.85,1.0,0.0
0.6335236236755666,1,0.85,1.0,0.0
0.6335236236755666,1,0.85,1.0,0.0
0.6335236236755666,1,0.85,1.0,0.0
0.6335236236755666,1,0.85,1.0,0.0
0.6410112061223716,1,0.85,1.0,0.0
0.6410112061223716,1,0.85,1.0,0.0
0.6410112061223716,1,0.85,1.0,0.0
0.6335236236755666,1,0.85,1.0,0.0
0.6335236236755666,1,0.85,1.0,0.0
0.6335236236755666,1,0.85,1.0,0.0
0.6335236236755666,1,0.85,1.0,0.0
0.6335236236755666,1,0.85,1.0,0.0
0.6410112061223716,1,0.85,1.0,0.0
0.6410112061223716,1,0.85,1.0,0.0
0.6410112061223716,1,0.85,1.0,0.0
1.8764623098452202,1,0.85,1.0,0.0
1.7416858258027277,1,0.85,1.0,0.0
1.7416858258027277,1,0.85,1.0,0.0
1.7341982433559224,1,0.85,1.0,0.0
0.6410112061223716,1,0.85,1.0,0.0
0.6410112061223716,1,0.85,1.0,0.0
0.6410112061223716,1,0.85,1.0,0.0
0.6410112061223716,1,0.85,1.0,0.0
0.6410112061223716,1,0.85,1.0,0.0
0.6410112061223716,1,0.85,1.0,0.0
0.6410112061223716,1,0.85,1.0,0.0
0.6410112061223716,1,0.85,1.0,0.0
0.6410112061223716,1,0.85,1.0,0.0
0.6410112061223716,1,0.85,1.0,0.0
0.6410112061223716,1,0.85,1.0,0.0
0.6410112061223716,1,0.85,1.0,0.0
0.6410112061223716,1,0.85,1.0,0.0
0.6410112061223716,1,0.85,1.0,0.0
0.6410112061223716,1,0.85,1.0,0.0
0.6410112061223716,1,0.85,1.0,0.0
0.6410112061223716,1,0.85,1.0,0.0
0.6484987885691768,1,0.85,1.0,0.0
0.6484987885691768,1,0.85,1.0,0.0
0.6484987885691768,1,0.85,1.0,0.0
0.6484987885691768,1,0.85,1.0,0.0
0.6410112061223716,1,0.85,1.0,0.0
0.6410112061223716,1,0.85,1.0,0.0
0.6410112061223716,1,0.85,1.0,0.0
0.6410112061223716,1,0.85,1.0,0.0
0.6410112061223716,1,0.85,1.0,0.0
0.6410112061223716,1,0.85,1.0,0.0
0.6410112061223716,1,0.85,1.0,0.0
0.6410112061223716,1,0.85,1.0,0.0
0.6410112061223716,1,0.85,1.0,0.0
0.6410112061223716,1,0.85,1.0,0.0
0.6410112061223716,1,0.85,1.0,0.0
0.6410112061223716,1,0.85,1.0,0.0
0.6410112061223716,1,0.85,1.0,0.0
0.6410112061223716,1,0.85,1.0,0.0
0.6410112061223716,1,0.85,1.0,0.0
0.6410112061223716,1,0.85,1.0,0.0
1.7491734082495327,1,0.85,1.0,0.0
1.7491734082495327,1,0.85,1.0,0.0
1.7416858258027277,1,0.85,1.0,0.0
1.7341982433559224,1,0.85,1.0,0.0
0.6484987885691768,1,0.85,1.0,0.0
0.6484987885691768,1,0.85,1.0,0.0
0.6484987885691768,1,0.85,1.0,0.0
0.6484987885691768,1,0.85,1.0,0.0
0.6410112061223716,1,0.85,1.0,0.0
0.6484987885691768,1,0.85,1.0,0.0
0.6484987885691768,1,0.85,1.0,0.0
0.6410112061223716,1,0.85,1.0,0.0
0.6410112061223716,1,0.85,1.0,0.0
0.6410112061223716,1,0.85,1.0,0.0
0.6410112061223716,1,0.85,1.0,0.0
0.6410112061223716,1,0.85,1.0,0.0
0.6410112061223716,1,0.85,1.0,0.0
0.6410112061223716,1,0.85,1.0,0.0
0.6484987885691768,1,0.85,1.0,0.0
0.6484987885691768,1,0.85,1.0,0.0
0.6484987885691768,1,0.85,1.0,0.0
0.6484987885691768,1,0.85,1.0,0.0
0.6484987885691768,1,0.85,1.0,0.0
0.6410112061223716,1,0.85,1.0,0.0
0.6484987885691768,1,0.85,1.0,0.0
0.6410112061223716,1,0.85,1.0,0.0
0.6410112061223716,1,0.85,1.0,0.0
0.6410112061223716,1,0.85,1.0,0.0
0.6410112061223716,1,0.85,1.0,0.0
0.6484987885691768,1,0.85,1.0,0.0
0.6410112061223716,1,0.85,1.0,0.0
0.6484987885691768,1,0.85,1.0,0.0
0.6410112061223716,1,0.85,1.0,0.0
0.6410112061223716,1,0.85,1.0,0.0
0.6410112061223716,1,0.85,1.0,0.0
0.6410112061223716,1,0.85,1.0,0.0
0.6484987885691768,1,0.85,1.0,0.0
0.6484987885691768,1,0.85,1.0,0.0
0.8282007672925003,1,0.85,1.0,0.0
0.6484987885691768,1,0.85,1.0,0.0
0.6484987885691768,1,0.85,1.0,0.0
0.6484987885691768,1,0.85,1.0,0.0
0.6484987885691768,1,0.85,1.0,0.0
0.6410112061223716,1,0.85,1.0,0.0
0.6484987885691768,1,0.85,1.0,0.0
0.6484987885691768,1,0.85,1.0,0.0
0.6484987885691768,1,0.85,1.0,0.0
0.6410112061223716,1,0.85,1.0,0.0
0.6410112061223716,1,0.85,1.0,0.0
0.6410112061223716,1,0.85,1.0,0.0
0.6410112061223716,1,0.85,1.0,0.0
0.6410112061223716,1,0.85,1.0,0.0
-0.1451849507921685,1,0.85,1.0,0.0
-0.1451849507921685,1,0.85,1.0,0.0
-0.1451849507921685,1,0.85,1.0,0.0
-0.1451849507921685,1,0.85,1.0,0.0
-0.1451849507921685,1,0.85,1.0,0.0
-0.1451849507921685,1,0.85,1.0,0.0
-0.1451849507921685,1,0.85,1.0,0.0
-0.1451849507921685,1,0.85,1.0,0.0
-0.1451849507921685,1,0.85,1.0,0.0
-0.1451849507921685,1,0.85,1.0,0.0
-0.1451849507921685,1,0.85,1.0,0.0
-0.1451849507921685,1,0.85,1.0,0.0
-0.1451849507921685,1,0.85,1.0,0.0
-0.1451849507921685,1,0.85,1.0,0.0
-0.1451849507921685,1,0.85,1.0,0.0
-0.1451849507921685,1,0.85,1.0,0.0
-0.1451849507921685,1,0.85,1.0,0.0
-0.1451849507921685,1,0.85,1.0,0.0
-0.1451849507921685,1,0.85,1.0,0.0
-0.1451849507921685,1,0.85,1.0,0.0
-0.1451849507921685,1,0.85,1.0,0.0
-0.1451849507921685,1,0.85,1.0,0.0
-0.1451849507921685,1,0.85,1.0,0.0
-0.1451849507921685,1,0.85,1.0,0.0
0.9704648337817978,1,0.85,1.0,0.0
0.9704648337817978,1,0.85,1.0,0.0
0.9480020864413825,1,0.85,1.0,0.0
0.9480020864413825,1,0.85,1.0,0.0
0.9330269215477724,1,0.85,1.0,0.0
-0.1451849507921685,1,0.85,1.0,0.0
-0.1451849507921685,1,0.85,1.0,0.0
-0.1451849507921685,1,0.85,1.0,0.0
-0.1451849507921685,1,0.85,1.0,0.0
-0.1451849507921685,1,0.85,1.0,0.0
-0.1451849507921685,1,0.85,1.0,0.0
-0.1451849507921685,1,0.85,1.0,0.0
-0.1451849507921685,1,0.85,1.0,0.0
-0.1451849507921685,1,0.85,1.0,0.0
-0.1451849507921685,1,0.85,1.0,0.0
-0.1451849507921685,1,0.85,1.0,0.0
-0.1451849507921685,1,0.85,1.0,0.0
-0.1451849507921685,1,0.85,1.0,0.0
-0.1451849507921685,1,0.85,1.0,0.0
-0.1451849507921685,1,0.85,1.0,0.0
-0.1451849507921685,1,0.85,1.0,0.0
-0.1451849507921685,1,0.85,1.0,0.0
-0.1451849507921685,1,0.85,1.0,0.0
-0.1451849507921685,1,0.85,1.0,0.0
-0.1451849507921685,1,0.85,1.0,0.0
-0.1451849507921685,1,0.85,1.0,0.0
-0.1451849507921685,1,0.85,1.0,0.0
-0.1451849507921685,1,0.85,1.0,0.0
-0.1451849507921685,1,0.85,1.0,0.0
-0.1451849507921685,1,0.85,1.0,0.0
-0.1451849507921685,1,0.85,1.0,0.0
-0.1451849507921685,1,0.85,1.0,0.0
-0.1451849507921685,1,0.85,1.0,0.0
-0.1451849507921685,1,0.85,1.0,0.0
-0.1451849507921685,1,0.85,1.0,0.0
-0.1451849507921685,1,0.85,1.0,0.0
-0.1451849507921685,1,0.85,1.0,0.0
-0.1451849507921685,1,0.85,1.0,0.0
-0.1451849507921685,1,0.85,1.0,0.0
-0.1451849507921685,1,0.85,1.0,0.0
-0.1451849507921685,1,0.85,1.0,0.0
1.0528282406966545,1,0.85,1.0,0.0
1.0528282406966545,1,0.85,1.0,0.0
0.9629772513349929,1,0.85,1.0,0.0
0.9480020864413825,1,0.85,1.0,0.0
0.9405145039945774,1,0.85,1.0,0.0
0.9255393391009673,1,0.85,1.0,0.0
-0.1451849507921685,1,0.85,1.0,0.0
-0.1451849507921685,1,0.85,1.0,0.0
-0.1451849507921685,1,0.85,1.0,0.0
-0.1451849507921685,1,0.85,1.0,0.0
-0.1451849507921685,1,0.85,1.0,0.0
-0.1451849507921685,1,0.85,1.0,0.0
-0.1451849507921685,1,0.85,1.0,0.0
-0.1451849507921685,1,0.85,1.0,0.0
-0.1451849507921685,1,0.85,1.0,0.0
-0.1451849507921685,1,0.85,1.0,0.0
-0.1451849507921685,1,0.85,1.0,0.0
-0.1451849507921685,1,0.85,1.0,0.0
-0.1451849507921685,1,0.85,1.0,0.0
-0.1451849507921685,1,0.85,1.0,0.0
-0.1451849507921685,1,0.85,1.0,0.0
-0.1451849507921685,1,0.85,1.0,0.0
-0.1451849507921685,1,0.85,1.0,0.0
-0.1451849507921685,1,0.85,1.0,0.0
-0.1451849507921685,1,0.85,1.0,0.0
-0.1451849507921685,1,0.85,1.0,0.0
-0.1451849507921685,1,0.85,1.0,0.0
-0.1451849507921685,1,0.85,1.0,0.0
-0.1451849507921685,1,0.85,1.0,0.0
-0.1451849507921685,1,0.85,1.0,0.0
-0.1451849507921685,1,0.85,1.0,0.0
-0.1451849507921685,1,0.85,1.0,0.0
-0.1451849507921685,1,0.85,1.0,0.0
-0.1451849507921685,1,0.85,1.0,0.0
-0.1451849507921685,1,0.85,1.0,0.0
-0.1451849507921685,1,0.85,1.0,0.0
-0.1451849507921685,1,0.85,1.0,0.0
-0.1451849507921685,1,0.85,1.0,0.0
-0.1451849507921685,1,0.85,1.0,0.0
-0.1451849507921685,1,0.85,1.0,0.0
1.030365493356239,1,0.85,1.0,0.0
0.9405145039945774,1,0.85,1.0,0.0
0.9405145039945774,1,0.85,1.0,0.0
-0.1451849507921685,1,0.85,1.0,0.0
-0.1451849507921685,1,0.85,1.0,0.0
-0.1451849507921685,1,0.85,1.0,0.0
-0.1451849507921685,1,0.85,1.0,0.0
-0.1451849507921685,1,0.85,1.0,0.0
-0.1451849507921685,1,0.85,1.0,0.0
-0.1451849507921685,1,0.85,1.0,0.0
-0.1451849507921685,1,0.85,1.0,0.0
-0.1451849507921685,1,0.85,1.0,0.0
-0.1451849507921685,1,0.85,1.0,0.0
-0.1451849507921685,1,0.85,1.0,0.0
-0.1451849507921685,1,0.85,1.0,0.0
-0.1451849507921685,1,0.85,1.0,0.0
-0.1451849507921685,1,0.85,1.0,0.0
-0.1451849507921685,1,0.85,1.0,0.0
-0.1451849507921685,1,0.85,1.0,0.0
-0.1451849507921685,1,0.85,1.0,0.0
-0.1451849507921685,1,0.85,1.0,0.0
-0.1451849507921685,1,0.85,1.0,0.0
-0.1451849507921685,1,0.85,1.0,0.0
-0.1451849507921685,1,0.85,1.0,0.0
-0.1451849507921685,1,0.85,1.0,0.0
-0.1451849507921685,1,0.85,1.0,0.0
-0.1451849507921685,1,0.85,1.0,0.0
-0.1451849507921685,1,0.85,1.0,0.0
-0.1451849507921685,1,0.85,1.0,0.0
-0.1451849507921685,1,0.85,1.0,0.0
-0.1451849507921685,1,0.85,1.0,0.0
-0.1451849507921685,1,0.85,1.0,0.0
-0.1451849507921685,1,0.85,1.0,0.0
-0.1451849507921685,1,0.85,1.0,0.0
-0.1451849507921685,1,0.85,1.0,0.0
-0.1451849507921685,1,0.85,1.0,0.0
-0.1451849507921685,1,0.85,1.0,0.0
-0.1451849507921685,1,0.85,1.0,0.0
-0.1451849507921685,1,0.85,1.0,0.0
-0.1451849507921685,1,0.85,1.0,0.0
-0.1451849507921685,1,0.85,1.0,0.0
1.0453406582498492,1,0.85,1.0,0.0
0.9554896688881876,1,0.85,1.0,0.0
0.9480020864413825,1,0.85,1.0,0.0
-0.1451849507921685,1,0.85,1.0,0.0
-0.1451849507921685,1,0.85,1.0,0.0
-0.1451849507921685,1,0.85,1.0,0.0
-0.1451849507921685,1,0.85,1.0,0.0
-0.1451849507921685,1,0.85,1.0,0.0
-0.1451849507921685,1,0.85,1.0,0.0
-0.1451849507921685,1,0.85,1.0,0.0
-0.1451849507921685,1,0.85,1.0,0.0
-0.1451849507921685,1,0.85,1.0,0.0
-0.1451849507921685,1,0.85,1.0,0.0
-0.1451849507921685,1,0.85,1.0,0.0
-0.1451849507921685,1,0.85,1.0,0.0
-0.1451849507921685,1,0.85,1.0,0.0
-0.1451849507921685,1,0.85,1.0,0.0
-0.1451849507921685,1,0.85,1.0,0.0
-0.1451849507921685,1,0.85,1.0,0.0
-0.1451849507921685,1,0.85,1.0,0.0
-0.1451849507921685,1,0.85,1.0,0.0
-0.1451849507921685,1,0.85,1.0,0.0
-0.1451849507921685,1,0.85,1.0,0.0
-0.1451849507921685,1,0.85,1.0,0.0
-0.1451849507921685,1,0.85,1.0,0.0
-0.1451849507921685,1,0.85,1.0,0.0
-0.1451849507921685,1,0.85,1.0,0.0
-0.1451849507921685,1,0.85,1.0,0.0
-0.1451849507921685,1,0.85,1.0,0.0
-0.1451849507921685,1,0.85,1.0,0.0
-0.1451849507921685,1,0.85,1.0,0.0
-0.1451849507921685,1,0.85,1.0,0.0
-0.1451849507921685,1,0.85,1.0,0.0
-0.1451849507921685,1,0.85,1.0,0.0
-0.1451849507921685,1,0.85,1.0,0.0
-0.1451849507921685,1,0.85,1.0,0.0
-0.1451849507921685,1,0.85,1.0,0.0
-0.1451849507921685,1,0.85,1.0,0.0
-0.1451849507921685,1,0.85,1.0,0.0
1.0827785704838748,1,0.85,1.0,0.0
0.9629772513349929,1,0.85,1.0,0.0
0.9405145039945774,1,0.85,1.0,0.0
0.9405145039945774,1,0.85,1.0,0.0
0.9180517566541619,1,0.85,1.0,0.0
-0.1451849507921685,1,0.85,1.0,0.0
-0.1451849507921685,1,0.85,1.0,0.0
-0.1451849507921685,1,0.85,1.0,0.0
-0.1451849507921685,1,0.85,1.0,0.0
-0.1451849507921685,1,0.85,1.0,0.0
-0.1451849507921685,1,0.85,1.0,0.0
-0.1451849507921685,1,0.85,1.0,0.0
-0.1451849507921685,1,0.85,1.0,0.0
-0.1451849507921685,1,0.85,1.0,0.0
-0.1451849507921685,1,0.85,1.0,0.0
-0.1451849507921685,1,0.85,1.0,0.0
-0.1451849507921685,1,0.85,1.0,0.0
-0.1451849507921685,1,0.85,1.0,0.0
-0.1451849507921685,1,0.85,1.0,0.0
-0.1451849507921685,1,0.85,1.0,0.0
-0.1451849507921685,1,0.85,1.0,0.0
-0.1451849507921685,1,0.85,1.0,0.0
-0.1451849507921685,1,0.85,1.0,0.0
-0.1451849507921685,1,0.85,1.0,0.0
-0.1451849507921685,1,0.85,1.0,0.0
-0.1451849507921685,1,0.85,1.0,0.0
-0.1451849507921685,1,0.85,1.0,0.0
-0.1451849507921685,1,0.85,1.0,0.0
-0.1451849507921685,1,0.85,1.0,0.0
-0.1451849507921685,1,0.85,1.0,0.0
-0.1451849507921685,1,0.85,1.0,0.0
-0.1451849507921685,1,0.85,1.0,0.0
-0.1451849507921685,1,0.85,1.0,0.0
-0.1451849507921685,1,0.85,1.0,0.0
-0.1451849507921685,1,0.85,1.0,0.0
-0.1451849507921685,1,0.85,1.0,0.0
-0.1451849507921685,1,0.85,1.0,0.0
-0.1451849507921685,1,0.85,1.0,0.0
-0.1451849507921685,1,0.85,1.0,0.0
-0.1451849507921685,1,0.85,1.0,0.0
1.0153903284626287,1,0.85,1.0,0.0
1.0153903284626287,1,0.85,1.0,0.0
0.9405145039945774,1,0.85,1.0,0.0
0.9405145039945774,1,0.85,1.0,0.0
0.9255393391009673,1,0.85,1.0,0.0
0.9105641742073568,1,0.85,1.0,0.0
-0.1451849507921685,1,0.85,1.0,0.0
-0.1451849507921685,1,0.85,1.0,0.0
-0.1451849507921685,1,0.85,1.0,0.0
-0.1451849507921685,1,0.85,1.0,0.0
-0.1451849507921685,1,0.85,1.0,0.0
-0.1451849507921685,1,0.85,1.0,0.0
-0.1451849507921685,1,0.85,1.0,0.0
-0.1451849507921685,1,0.85,1.0,0.0
-0.1451849507921685,1,0.85,1.0,0.0
-0.1451849507921685,1,0.85,1.0,0.0
-0.1451849507921685,1,0.85,1.0,0.0
-0.1451849507921685,1,0.85,1.0,0.0
-0.1451849507921685,1,0.85,1.0,0.0
-0.1451849507921685,1,0.85,1.0,0.0
-0.1451849507921685,1,0.85,1.0,0.0
-0.1451849507921685,1,0.85,1.0,0.0
-0.1451849507921685,1,0.85,1.0,0.0
-0.1451849507921685,1,0.85,1.0,0.0
-0.1451849507921685,1,0.85,1.0,0.0
-0.1451849507921685,1,0.85,1.0,0.0
-0.1451849507921685,1,0.85,1.0,0.0
-0.1451849507921685,1,0.85,1.0,0.0
-0.1451849507921685,1,0.85,1.0,0.0
-0.1451849507921685,1,0.85,1.0,0.0
-0.1451849507921685,1,0.85,1.0,0.0
-0.1451849507921685,1,0.85,1.0,0.0
-0.1451849507921685,1,0.85,1.0,0.0
-0.1451849507921685,1,0.85,1.0,0.0
-0.1451849507921685,1,0.85,1.0,0.0
-0.1451849507921685,1,0.85,1.0,0.0
-0.1451849507921685,1,0.85,1.0,0.0
-0.1451849507921685,1,0.85,1.0,0.0
-0.1451849507921685,1,0.85,1.0,0.0
-0.1451849507921685,1,0.85,1.0,0.0
-0.1451849507921685,1,0.85,1.0,0.0
-0.1451849507921685,1,0.85,1.0,0.0
-0.1451849507921685,1,0.85,1.0,0.0
-0.1451849507921685,1,0.85,1.0,0.0
0.9405145039945774,1,0.85,1.0,0.0
0.9405145039945774,1,0.85,1.0,0.0
0.9330269215477724,1,0.85,1.0,0.0
0.9180517566541619,1,0.85,1.0,0.0
-0.1451849507921685,1,0.85,1.0,0.0
-0.1451849507921685,1,0.85,1.0,0.0
-0.1451849507921685,1,0.85,1.0,0.0
-0.1451849507921685,1,0.85,1.0,0.0
-0.1451849507921685,1,0.85,1.0,0.0
-0.1451849507921685,1,0.85,1.0,0.0
-0.1451849507921685,1,0.85,1.0,0.0
-0.1451849507921685,1,0.85,1.0,0.0
-0.1451849507921685,1,0.85,1.0,0.0
-0.1451849507921685,1,0.85,1.0,0.0
-0.1451849507921685,1,0.85,1.0,0.0
-0.1451849507921685,1,0.85,1.0,0.0
-0.1451849507921685,1,0.85,1.0,0.0
-0.1451849507921685,1,0.85,1.0,0.0
-0.1451849507921685,1,0.85,1.0,0.0
-0.1451849507921685,1,0.85,1.0,0.0
-0.1451849507921685,1,0.85,1.0,0.0
-0.1451849507921685,1,0.85,1.0,0.0
-0.1451849507921685,1,0.85,1.0,0.0
-0.1451849507921685,1,0.85,1.0,0.0
-0.1451849507921685,1,0.85,1.0,0.0
-0.1451849507921685,1,0.85,1.0,0.0
-0.1451849507921685,1,0.85,1.0,0.0
-0.1451849507921685,1,0.85,1.0,0.0
-0.1451849507921685,1,0.85,1.0,0.0
-0.1451849507921685,1,0.85,1.0,0.0
-0.1451849507921685,1,0.85,1.0,0.0
-0.1451849507921685,1,0.85,1.0,0.0
-0.1451849507921685,1,0.85,1.0,0.0
-0.1451849507921685,1,0.85,1.0,0.0
-0.1451849507921685,1,0.85,1.0,0.0
-0.1451849507921685,1,0.85,1.0,0.0
-0.1451849507921685,1,0.85,1.0,0.0
-0.1451849507921685,1,0.85,1.0,0.0
-0.1451849507921685,1,0.85,1.0,0.0
-0.1451849507921685,1,0.85,1.0,0.0
0.9405145039945774,1,0.85,1.0,0.0
0.9405145039945774,1,0.85,1.0,0.0
0.9330269215477724,1,0.85,1.0,0.0
-0.1451849507921685,1,0.85,1.0,0.0
-0.1451849507921685,1,0.85,1.0,0.0
-0.1451849507921685,1,0.85,1.0,0.0
-0.1451849507921685,1,0.85,1.0,0.0
-0.1451849507921685,1,0.85,1.0,0.0
-0.1451849507921685,1,0.85,1.0,0.0
-0.1451849507921685,1,0.85,1.0,0.0
-0.1451849507921685,1,0.85,1.0,0.0
-0.1451849507921685,1,0.85,1.0,0.0
-0.1451849507921685,1,0.85,1.0,0.0
-0.1451849507921685,1,0.85,1.0,0.0
-0.1451849507921685,1,0.85,1.0,0.0
-0.1451849507921685,1,0.85,1.0,0.0
-0.1451849507921685,1,0.85,1.0,0.0
-0.1451849507921685,1,0.85,1.0,0.0
-0.1451849507921685,1,0.85,1.0,0.0
-0.1451849507921685,1,0.85,1.0,0.0
-0.1451849507921685,1,0.85,1.0,0.0
-0.1451849507921685,1,0.85,1.0,0.0
-0.1451849507921685,1,0.85,1.0,0.0
-0.1451849507921685,1,0.85,1.0,0.0
-0.1451849507921685,1,0.85,1.0,0.0
-0.1451849507921685,1,0.85,1.0,0.0
-0.1451849507921685,1,0.85,1.0,0.0
-0.1451849507921685,1,0.85,1.0,0.0
-0.1451849507921685,1,0.85,1.0,0.0
-0.1451849507921685,1,0.85,1.0,0.0
-0.1451849507921685,1,0.85,1.0,0.0
-0.1451849507921685,1,0.85,1.0,0.0
-0.1451849507921685,1,0.85,1.0,0.0
-0.1451849507921685,1,0.85,1.0,0.0
-0.1451849507921685,1,0.85,1.0,0.0
-0.1451849507921685,1,0.85,1.0,0.0
-0.1451849507921685,1,0.85,1.0,0.0
-0.1451849507921685,1,0.85,1.0,0.0
-0.1451849507921685,1,0.85,1.0,0.0
-0.1451849507921685,1,0.85,1.0,0.0
-0.1451849507921685,1,0.85,1.0,0.0
-0.1451849507921685,1,0.85,1.0,0.0
0.9405145039945774,1,0.85,1.0,0.0
0.9405145039945774,1,0.85,1.0,0.0
0.9330269215477724,1,0.85,1.0,0.0
0.9255393391009673,1,0.85,1.0,0.0
-0.1451849507921685,1,0.85,1.0,0.0
-0.1451849507921685,1,0.85,1.0,0.0
-0.1451849507921685,1,0.85,1.0,0.0
-0.1451849507921685,1,0.85,1.0,0.0
-0.1451849507921685,1,0.85,1.0,0.0
-0.1451849507921685,1,0.85,1.0,0.0
-0.1451849507921685,1,0.85,1.0,0.0
-0.1451849507921685,1,0.85,1.0,0.0
-0.1451849507921685,1,0.85,1.0,0.0
-0.1451849507921685,1,0.85,1.0,0.0
-0.1451849507921685,1,0.85,1.0,0.0
-0.1451849507921685,1,0.85,1.0,0.0
-0.1451849507921685,1,0.85,1.0,0.0
-0.1451849507921685,1,0.85,1.0,0.0
-0.1451849507921685,1,0.85,1.0,0.0
-0.1451849507921685,1,0.85,1.0,0.0
-0.1451849507921685,1,0.85,1.0,0.0
-0.1451849507921685,1,0.85,1.0,0.0
-0.1451849507921685,1,0.85,1.0,0.0
-0.1451849507921685,1,0.85,1.0,0.0
-0.1451849507921685,1,0.85,1.0,0.0
-0.1451849507921685,1,0.85,1.0,0.0
-0.1451849507921685,1,0.85,1.0,0.0
-0.1451849507921685,1,0.85,1.0,0.0
-0.1451849507921685,1,0.85,1.0,0.0
-0.1451849507921685,1,0.85,1.0,0.0
-0.1451849507921685,1,0.85,1.0,0.0
-0.1451849507921685,1,0.85,1.0,0.0
-0.1451849507921685,1,0.85,1.0,0.0
-0.1451849507921685,1,0.85,1.0,0.0
-0.1451849507921685,1,0.85,1.0,0.0
-0.1451849507921685,1,0.85,1.0,0.0
-0.1451849507921685,1,0.85,1.0,0.0
-0.1451849507921685,1,0.85,1.0,0.0
-0.1451849507921685,1,0.85,1.0,0.0
-0.1451849507921685,1,0.85,1.0,0.0
-0.1451849507921685,1,0.85,1.0,0.0
0.9330269215477724,1,0.85,1.0,0.0
0.9330269215477724,1,0.85,1.0,0.0
0.9255393391009673,1,0.85,1.0,0.0
-0.1451849507921685,1,0.85,1.0,0.0
-0.1451849507921685,1,0.85,1.0,0.0
-0.1451849507921685,1,0.85,1.0,0.0
-0.1451849507921685,1,0.85,1.0,0.0
-0.1451849507921685,1,0.85,1.0,0.0
-0.1451849507921685,1,0.85,1.0,0.0
-0.1451849507921685,1,0.85,1.0,0.0
-0.1451849507921685,1,0.85,1.0,0.0
-0.1451849507921685,1,0.85,1.0,0.0
-0.1451849507921685,1,0.85,1.0,0.0
-0.1451849507921685,1,0.85,1.0,0.0
-0.1451849507921685,1,0.85,1.0,0.0
-0.1451849507921685,1,0.85,1.0,0.0
-0.1451849507921685,1,0.85,1.0,0.0
-0.1451849507921685,1,0.85,1.0,0.0
-0.1451849507921685,1,0.85,1.0,0.0
-0.1451849507921685,1,0.85,1.0,0.0
-0.1451849507921685,1,0.85,1.0,0.0
-0.1451849507921685,1,0.85,1.0,0.0
-0.1451849507921685,1,0.85,1.0,0.0
-0.1451849507921685,1,0.85,1.0,0.0
-0.1451849507921685,1,0.85,1.0,0.0
-0.1451849507921685,1,0.85,1.0,0.0
-0.1451849507921685,1,0.85,1.0,0.0
-0.1451849507921685,1,0.85,1.0,0.0
-0.1451849507921685,1,0.85,1.0,0.0
-0.1451849507921685,1,0.85,1.0,0.0
-0.1451849507921685,1,0.85,1.0,0.0
-0.1451849507921685,1,0.85,1.0,0.0
-0.1451849507921685,1,0.85,1.0,0.0
-0.1451849507921685,1,0.85,1.0,0.0
-0.1451849507921685,1,0.85,1.0,0.0
-0.1451849507921685,1,0.85,1.0,0.0
-0.1451849507921685,1,0.85,1.0,0.0
-0.1451849507921685,1,0.85,1.0,0.0
-0.1451849507921685,1,0.85,1.0,0.0
-0.1451849507921685,1,0.85,1.0,0.0
1.0752909880370698,1,0.85,1.0,0.0
0.9330269215477724,1,0.85,1.0,0.0
0.9330269215477724,1,0.85,1.0,0.0
0.9180517566541619,1,0.85,1.0,0.0
-0.1451849507921685,1,0.85,1.0,0.0
-0.1451849507921685,1,0.85,1.0,0.0
-0.1451849507921685,1,0.85,1.0,0.0
-0.1451849507921685,1,0.85,1.0,0.0
-0.1451849507921685,1,0.85,1.0,0.0
-0.1451849507921685,1,0.85,1.0,0.0
-0.1451849507921685,1,0.85,1.0,0.0
-0.1451849507921685,1,0.85,1.0,0.0
-0.1451849507921685,1,0.85,1.0,0.0
-0.1451849507921685,1,0.85,1.0,0.0
-0.1451849507921685,1,0.85,1.0,0.0
-0.1451849507921685,1,0.85,1.0,0.0
-0.1451849507921685,1,0.85,1.0,0.0
-0.1451849507921685,1,0.85,1.0,0.0
-0.1451849507921685,1,0.85,1.0,0.0
-0.1451849507921685,1,0.85,1.0,0.0
-0.1451849507921685,1,0.85,1.0,0.0
-0.1451849507921685,1,0.85,1.0,0.0
-0.1451849507921685,1,0.85,1.0,0.0
-0.1451849507921685,1,0.85,1.0,0.0
-0.1451849507921685,1,0.85,1.0,0.0
-0.1451849507921685,1,0.85,1.0,0.0
-0.1451849507921685,1,0.85,1.0,0.0
-0.1451849507921685,1,0.85,1.0,0.0
-0.1451849507921685,1,0.85,1.0,0.0
-0.1451849507921685,1,0.85,1.0,0.0
-0.1451849507921685,1,0.85,1.0,0.0
-0.1451849507921685,1,0.85,1.0,0.0
-0.1451849507921685,1,0.85,1.0,0.0
-0.1451849507921685,1,0.85,1.0,0.0
-0.1451849507921685,1,0.85,1.0,0.0
-0.1451849507921685,1,0.85,1.0,0.0
-0.1451849507921685,1,0.85,1.0,0.0
-0.1451849507921685,1,0.85,1.0,0.0
-0.1451849507921685,1,0.85,1.0,0.0
-0.1451849507921685,1,0.85,1.0,0.0
-0.1451849507921685,1,0.85,1.0,0.0
-0.1451849507921685,1,0.85,1.0,0.0
-0.1451849507921685,1,0.85,1.0,0.0
1.0752909880370698,1,0.85,1.0,0.0
0.9629772513349929,1,0.85,1.0,0.0
0.9180517566541619,1,0.85,1.0,0.0
0.9180517566541619,1,0.85,1.0,0.0
-0.1451849507921685,1,0.85,1.0,0.0
-0.1451849507921685,1,0.85,1.0,0.0
-0.1451849507921685,1,0.85,1.0,0.0
-0.1451849507921685,1,0.85,1.0,0.0
-0.1451849507921685,1,0.85,1.0,0.0
-0.1451849507921685,1,0.85,1.0,0.0
-0.1451849507921685,1,0.85,1.0,0.0
-0.1451849507921685,1,0.85,1.0,0.0
-0.1451849507921685,1,0.85,1.0,0.0
-0.1451849507921685,1,0.85,1.0,0.0
-0.1451849507921685,1,0.85,1.0,0.0
-0.1451849507921685,1,0.85,1.0,0.0
-0.1451849507921685,1,0.85,1.0,0.0
-0.1451849507921685,1,0.85,1.0,0.0
-0.1451849507921685,1,0.85,1.0,0.0
-0.1451849507921685,1,0.85,1.0,0.0
-0.1451849507921685,1,0.85,1.0,0.0
-0.1451849507921685,1,0.85,1.0,0.0
-0.1451849507921685,1,0.85,1.0,0.0
-0.1451849507921685,1,0.85,1.0,0.0
-0.1451849507921685,1,0.85,1.0,0.0
-0.1451849507921685,1,0.85,1.0,0.0
-0.1451849507921685,1,0.85,1.0,0.0
-0.1451849507921685,1,0.85,1.0,0.0
-0.1451849507921685,1,0.85,1.0,0.0
-0.1451849507921685,1,0.85,1.0,0.0
-0.1451849507921685,1,0.85,1.0,0.0
-0.1451849507921685,1,0.85,1.0,0.0
-0.1451849507921685,1,0.85,1.0,0.0
-0.1451849507921685,1,0.85,1.0,0.0
-0.1451849507921685,1,0.85,1.0,0.0
-0.1451849507921685,1,0.85,1.0,0.0
-0.1451849507921685,1,0.85,1.0,0.0
-0.1451849507921685,1,0.85,1.0,0.0
-0.1451849507921685,1,0.85,1.0,0.0
1.022877910909434,1,0.85,1.0,0.0
0.9405145039945774,1,0.85,1.0,0.0
0.9105641742073568,1,0.85,1.0,0.0
0.9105641742073568,1,0.85,1.0,0.0
-0.1451849507921685,1,0.85,1.0,0.0
-0.1451849507921685,1,0.85,1.0,0.0
-0.1451849507921685,1,0.85,1.0,0.0
-0.1451849507921685,1,0.85,1.0,0.0
-0.1451849507921685,1,0.85,1.0,0.0
-0.1451849507921685,1,0.85,1.0,0.0
-0.1451849507921685,1,0.85,1.0,0.0
-0.1451849507921685,1,0.85,1.0,0.0
-0.1451849507921685,1,0.85,1.0,0.0
-0.1451849507921685,1,0.85,1.0,0.0
-0.1451849507921685,1,0.85,1.0,0.0
-0.1451849507921685,1,0.85,1.0,0.0
-0.1451849507921685,1,0.85,1.0,0.0
-0.1451849507921685,1,0.85,1.0,0.0
-0.1451849507921685,1,0.85,1.0,0.0
-0.1451849507921685,1,0.85,1.0,0.0
-0.1451849507921685,1,0.85,1.0,0.0
-0.1451849507921685,1,0.85,1.0,0.0
-0.1451849507921685,1,0.85,1.0,0.0
-0.1451849507921685,1,0.85,1.0,0.0
-0.1451849507921685,1,0.85,1.0,0.0
-0.1451849507921685,1,0.85,1.0,0.0
-0.1451849507921685,1,0.85,1.0,0.0
-0.1451849507921685,1,0.85,1.0,0.0
-0.1451849507921685,1,0.85,1.0,0.0
-0.1451849507921685,1,0.85,1.0,0.0
-0.1451849507921685,1,0.85,1.0,0.0
-0.1451849507921685,1,0.85,1.0,0.0
-0.1451849507921685,1,0.85,1.0,0.0
-0.1451849507921685,1,0.85,1.0,0.0
-0.1451849507921685,1,0.85,1.0,0.0
-0.1451849507921685,1,0.85,1.0,0.0
-0.1451849507921685,1,0.85,1.0,0.0
-0.1451849507921685,1,0.85,1.0,0.0
-0.1451849507921685,1,0.85,1.0,0.0
-0.1451849507921685,1,0.85,1.0,0.0
-0.1451849507921685,1,0.85,1.0,0.0
-0.1451849507921685,1,0.85,1.0,0.0
1.0678034055902648,1,0.85,1.0,0.0
0.9629772513349929,1,0.85,1.0,0.0
0.9180517566541619,1,0.85,1.0,0.0
0.9180517566541619,1,0.85,1.0,0.0
-0.1451849507921685,1,0.85,1.0,0.0
-0.1451849507921685,1,0.85,1.0,0.0
-0.1451849507921685,1,0.85,1.0,0.0
-0.1451849507921685,1,0.85,1.0,0.0
-0.1451849507921685,1,0.85,1.0,0.0
-0.1451849507921685,1,0.85,1.0,0.0
-0.1451849507921685,1,0.85,1.0,0.0
-0.1451849507921685,1,0.85,1.0,0.0
-0.1451849507921685,1,0.85,1.0,0.0
-0.1451849507921685,1,0.85,1.0,0.0
-0.1451849507921685,1,0.85,1.0,0.0
-0.1451849507921685,1,0.85,1.0,0.0
-0.1451849507921685,1,0.85,1.0,0.0
-0.1451849507921685,1,0.85,1.0,0.0
-0.1451849507921685,1,0.85,1.0,0.0
-0.1451849507921685,1,0.85,1.0,0.0
-0.1451849507921685,1,0.85,1.0,0.0
-0.1451849507921685,1,0.85,1.0,0.0
-0.1451849507921685,1,0.85,1.0,0.0
-0.1451849507921685,1,0.85,1.0,0.0
-0.1451849507921685,1,0.85,1.0,0.0
-0.1451849507921685,1,0.85,1.0,0.0
-0.1451849507921685,1,0.85,1.0,0.0
-0.1451849507921685,1,0.85,1.0,0.0
-0.1451849507921685,1,0.85,1.0,0.0
-0.1451849507921685,1,0.85,1.0,0.0
-0.1451849507921685,1,0.85,1.0,0.0
-0.1451849507921685,1,0.85,1.0,0.0
-0.1451849507921685,1,0.85,1.0,0.0
-0.1451849507921685,1,0.85,1.0,0.0
-0.1451849507921685,1,0.85,1.0,0.0
-0.1451849507921685,1,0.85,1.0,0.0
-0.1451849507921685,1,0.85,1.0,0.0
-0.1451849507921685,1,0.85,1.0,0.0
-0.1451849507921685,1,0.85,1.0,0.0
-0.1451849507921685,1,0.85,1.0,0.0
-0.1451849507921685,1,0.85,1.0,0.0
0.9405145039945774,1,0.85,1.0,0.0
0.9405145039945774,1,0.85,1.0,0.0
0.9255393391009673,1,0.85,1.0,0.0
-0.1451849507921685,1,0.85,1.0,0.0
-0.1451849507921685,1,0.85,1.0,0.0
-0.1451849507921685,1,0.85,1.0,0.0
-0.1451849507921685,1,0.85,1.0,0.0
-0.1451849507921685,1,0.85,1.0,0.0
-0.1451849507921685,1,0.85,1.0,0.0
-0.1451849507921685,1,0.85,1.0,0.0
-0.1451849507921685,1,0.85,1.0,0.0
-0.1451849507921685,1,0.85,1.0,0.0
-0.1451849507921685,1,0.85,1.0,0.0
-0.1451849507921685,1,0.85,1.0,0.0
-0.1451849507921685,1,0.85,1.0,0.0
-0.1451849507921685,1,0.85,1.0,0.0
-0.1451849507921685,1,0.85,1.0,0.0
-0.1451849507921685,1,0.85,1.0,0.0
-0.1451849507921685,1,0.85,1.0,0.0
-0.1451849507921685,1,0.85,1.0,0.0
-0.1451849507921685,1,0.85,1.0,0.0
-0.1451849507921685,1,0.85,1.0,0.0
-0.1451849507921685,1,0.85,1.0,0.0
-0.1451849507921685,1,0.85,1.0,0.0
-0.1451849507921685,1,0.85,1.0,0.0
-0.1451849507921685,1,0.85,1.0,0.0
-0.1451849507921685,1,0.85,1.0,0.0
-0.1451849507921685,1,0.85,1.0,0.0
-0.1451849507921685,1,0.85,1.0,0.0
-0.1451849507921685,1,0.85,1.0,0.0
-0.1451849507921685,1,0.85,1.0,0.0
-0.1451849507921685,1,0.85,1.0,0.0
-0.1451849507921685,1,0.85,1.0,0.0
-0.1451849507921685,1,0.85,1.0,0.0
-0.1451849507921685,1,0.85,1.0,0.0
-0.1451849507921685,1,0.85,1.0,0.0
-0.1451849507921685,1,0.85,1.0,0.0
-0.1451849507921685,1,0.85,1.0,0.0
-0.1451849507921685,1,0.85,1.0,0.0
-0.1451849507921685,1,0.85,1.0,0.0
-0.1451849507921685,1,0.85,1.0,0.0
-0.1451849507921685,1,0.85,1.0,0.0
1.0752909880370698,1,0.85,1.0,0.0
0.9554896688881876,1,0.85,1.0,0.0
0.9330269215477724,1,0.85,1.0,0.0
0.9255393391009673,1,0.85,1.0,0.0
-0.1451849507921685,1,0.85,1.0,0.0
-0.1451849507921685,1,0.85,1.0,0.0
-0.1451849507921685,1,0.85,1.0,0.0
-0.1451849507921685,1,0.85,1.0,0.0
-0.1451849507921685,1,0.85,1.0,0.0
-0.1451849507921685,1,0.85,1.0,0.0
-0.1451849507921685,1,0.85,1.0,0.0
-0.1451849507921685,1,0.85,1.0,0.0
-0.1451849507921685,1,0.85,1.0,0.0
-0.1451849507921685,1,0.85,1.0,0.0
-0.1451849507921685,1,0.85,1.0,0.0
-0.1451849507921685,1,0.85,1.0,0.0
-0.1451849507921685,1,0.85,1.0,0.0
-0.1451849507921685,1,0.85,1.0,0.0
-0.1451849507921685,1,0.85,1.0,0.0
-0.1451849507921685,1,0.85,1.0,0.0
-0.1451849507921685,1,0.85,1.0,0.0
-0.1451849507921685,1,0.85,1.0,0.0
-0.1451849507921685,1,0.85,1.0,0.0
-0.1451849507921685,1,0.85,1.0,0.0
-0.1451849507921685,1,0.85,1.0,0.0
-0.1451849507921685,1,0.85,1.0,0.0
-0.1451849507921685,1,0.85,1.0,0.0
-0.1451849507921685,1,0.85,1.0,0.0
-0.1451849507921685,1,0.85,1.0,0.0
-0.1451849507921685,1,0.85,1.0,0.0
-0.1451849507921685,1,0.85,1.0,0.0
-0.1451849507921685,1,0.85,1.0,0.0
-0.1451849507921685,1,0.85,1.0,0.0
-0.1451849507921685,1,0.85,1.0,0.0
-0.1451849507921685,1,0.85,1.0,0.0
-0.1451849507921685,1,0.85,1.0,0.0
-0.1451849507921685,1,0.85,1.0,0.0
0.6335236236755666,1,0.85,1.0,0.0
0.6335236236755666,1,0.85,1.0,0.0
0.6335236236755666,1,0.85,1.0,0.0
0.6335236236755666,1,0.85,1.0,0.0
1.8015864853771688,1,0.85,1.0,0.0
1.7716361555899482,1,0.85,1.0,0.0
1.7117354960155071,1,0.85,1.0,0.0
1.7042479135687019,1,0.85,1.0,0.0
0.6260360412287614,1,0.85,1.0,0.0
0.6260360412287614,1,0.85,1.0,0.0
0.6260360412287614,1,0.85,1.0,0.0
0.6260360412287614,1,0.85,1.0,0.0
0.6260360412287614,1,0.85,1.0,0.0
0.6260360412287614,1,0.85,1.0,0.0
0.6260360412287614,1,0.85,1.0,0.0
0.6185484587819562,1,0.85,1.0,0.0
0.6185484587819562,1,0.85,1.0,0.0
0.6260360412287614,1,0.85,1.0,0.0
0.6260360412287614,1,0.85,1.0,0.0
0.6260360412287614,1,0.85,1.0,0.0
0.6260360412287614,1,0.85,1.0,0.0
0.6185484587819562,1,0.85,1.0,0.0
0.6260360412287614,1,0.85,1.0,0.0
0.6260360412287614,1,0.85,1.0,0.0
0.6260360412287614,1,0.85,1.0,0.0
0.6260360412287614,1,0.85,1.0,0.0
0.6260360412287614,1,0.85,1.0,0.0
0.6260360412287614,1,0.85,1.0,0.0
0.6260360412287614,1,0.85,1.0,0.0
0.6185484587819562,1,0.85,1.0,0.0
0.6185484587819562,1,0.85,1.0,0.0
0.6260360412287614,1,0.85,1.0,0.0
0.6260360412287614,1,0.85,1.0,0.0
0.6185484587819562,1,0.85,1.0,0.0
0.6260360412287614,1,0.85,1.0,0.0
0.6260360412287614,1,0.85,1.0,0.0
0.6260360412287614,1,0.85,1.0,0.0
0.6260360412287614,1,0.85,1.0,0.0
0.6260360412287614,1,0.85,1.0,0.0
0.6185484587819562,1,0.85,1.0,0.0
0.6185484587819562,1,0.85,1.0,0.0
0.6260360412287614,1,0.85,1.0,0.0
0.6260360412287614,1,0.85,1.0,0.0
0.6335236236755666,1,0.85,1.0,0.0
0.6335236236755666,1,0.85,1.0,0.0
0.6335236236755666,1,0.85,1.0,0.0
0.6335236236755666,1,0.85,1.0,0.0
1.816561650270779,1,0.85,1.0,0.0
1.7267106609091174,1,0.85,1.0,0.0
1.7117354960155071,1,0.85,1.0,0.0
0.6335236236755666,1,0.85,1.0,0.0
0.6335236236755666,1,0.85,1.0,0.0
0.6335236236755666,1,0.85,1.0,0.0
0.6335236236755666,1,0.85,1.0,0.0
0.6335236236755666,1,0.85,1.0,0.0
0.6335236236755666,1,0.85,1.0,0.0
0.6335236236755666,1,0.85,1.0,0.0
0.6335236236755666,1,0.85,1.0,0.0
0.6335236236755666,1,0.85,1.0,0.0
0.6335236236755666,1,0.85,1.0,0.0
0.6335236236755666,1,0.85,1.0,0.0
0.6335236236755666,1,0.85,1.0,0.0
0.6335236236755666,1,0.85,1.0,0.0
0.6335236236755666,1,0.85,1.0,0.0
0.6335236236755666,1,0.85,1.0,0.0
0.6335236236755666,1,0.85,1.0,0.0
0.6335236236755666,1,0.85,1.0,0.0
0.6335236236755666,1,0.85,1.0,0.0
0.6335236236755666,1,0.85,1.0,0.0
0.6335236236755666,1,0.85,1.0,0.0
0.6335236236755666,1,0.85,1.0,0.0
0.6335236236755666,1,0.85,1.0,0.0
0.6335236236755666,1,0.85,1.0,0.0
0.6335236236755666,1,0.85,1.0,0.0
0.6335236236755666,1,0.85,1.0,0.0
0.6335236236755666,1,0.85,1.0,0.0
0.6335236236755666,1,0.85,1.0,0.0
0.6335236236755666,1,0.85,1.0,0.0
0.6335236236755666,1,0.85,1.0,0.0
0.6335236236755666,1,0.85,1.0,0.0
0.6335236236755666,1,0.85,1.0,0.0
0.6335236236755666,1,0.85,1.0,0.0
0.6335236236755666,1,0.85,1.0,0.0
0.6260360412287614,1,0.85,1.0,0.0
0.6335236236755666,1,0.85,1.0,0.0
0.6335236236755666,1,0.85,1.0,0.0
0.6335236236755666,1,0.85,1.0,0.0
0.6335236236755666,1,0.85,1.0,0.0
0.6335236236755666,1,0.85,1.0,0.0
0.6335236236755666,1,0.85,1.0,0.0
1.8090740678239738,1,0.85,1.0,0.0
1.7267106609091174,1,0.85,1.0,0.0
1.7117354960155071,1,0.85,1.0,0.0
0.6335236236755666,1,0.85,1.0,0.0
0.6335236236755666,1,0.85,1.0,0.0
0.6335236236755666,1,0.85,1.0,0.0
0.6335236236755666,1,0.85,1.0,0.0
1.7042479135687019,1,0.85,1.0,0.0
0.6335236236755666,1,0.85,1.0,0.0
0.6260360412287614,1,0.85,1.0,0.0
0.6335236236755666,1,0.85,1.0,0.0
-0.1451849507921685,1,0.85,1.0,0.0
0.6260360412287614,1,0.85,1.0,0.0
0.6260360412287614,1,0.85,1.0,0.0
0.6260360412287614,1,0.85,1.0,0.0
0.6335236236755666,1,0.85,1.0,0.0
0.6260360412287614,1,0.85,1.0,0.0
0.6335236236755666,1,0.85,1.0,0.0
0.6260360412287614,1,0.85,1.0,0.0
0.6260360412287614,1,0.85,1.0,0.0
0.6260360412287614,1,0.85,1.0,0.0
0.6260360412287614,1,0.85,1.0,0.0
0.6335236236755666,1,0.85,1.0,0.0
0.6260360412287614,1,0.85,1.0,0.0
0.6260360412287614,1,0.85,1.0,0.0
0.6335236236755666,1,0.85,1.0,0.0
0.6335236236755666,1,0.85,1.0,0.0
0.6260360412287614,1,0.85,1.0,0.0
0.6260360412287614,1,0.85,1.0,0.0
0.6260360412287614,1,0.85,1.0,0.0
0.6260360412287614,1,0.85,1.0,0.0
0.6260360412287614,1,0.85,1.0,0.0
0.6260360412287614,1,0.85,1.0,0.0
0.6335236236755666,1,0.85,1.0,0.0
0.6335236236755666,1,0.85,1.0,0.0
0.6260360412287614,1,0.85,1.0,0.0
0.6260360412287614,1,0.85,1.0,0.0
0.6260360412287614,1,0.85,1.0,0.0
1.7267106609091174,1,0.85,1.0,0.0
1.7267106609091174,1,0.85,1.0,0.0
1.7192230784623121,1,0.85,1.0,0.0
1.696760331121897,1,0.85,1.0,0.0
0.6260360412287614,1,0.85,1.0,0.0
0.6260360412287614,1,0.85,1.0,0.0
0.6260360412287614,1,0.85,1.0,0.0
0.6260360412287614,1,0.85,1.0,0.0
0.6260360412287614,1,0.85,1.0,0.0
0.6260360412287614,1,0.85,1.0,0.0
0.6335236236755666,1,0.85,1.0,0.0
0.6260360412287614,1,0.85,1.0,0.0
0.6260360412287614,1,0.85,1.0,0.0
0.6335236236755666,1,0.85,1.0,0.0
0.6335236236755666,1,0.85,1.0,0.0
0.6335236236755666,1,0.85,1.0,0.0
0.6335236236755666,1,0.85,1.0,0.0
0.6335236236755666,1,0.85,1.0,0.0
0.6260360412287614,1,0.85,1.0,0.0
0.6260360412287614,1,0.85,1.0,0.0
0.6260360412287614,1,0.85,1.0,0.0
0.6260360412287614,1,0.85,1.0,0.0
0.6260360412287614,1,0.85,1.0,0.0
0.6260360412287614,1,0.85,1.0,0.0
0.6260360412287614,1,0.85,1.0,0.0
0.6260360412287614,1,0.85,1.0,0.0
0.6260360412287614,1,0.85,1.0,0.0
0.6260360412287614,1,0.85,1.0,0.0
0.6260360412287614,1,0.85,1.0,0.0
0.6335236236755666,1,0.85,1.0,0.0
0.6260360412287614,1,0.85,1.0,0.0
0.6335236236755666,1,0.85,1.0,0.0
0.6260360412287614,1,0.85,1.0,0.0
0.6260360412287614,1,0.85,1.0,0.0
0.6260360412287614,1,0.85,1.0,0.0
0.6260360412287614,1,0.85,1.0,0.0
0.6260360412287614,1,0.85,1.0,0.0
0.6260360412287614,1,0.85,1.0,0.0
0.6335236236755666,1,0.85,1.0,0.0
0.6335236236755666,1,0.85,1.0,0.0
0.6335236236755666,1,0.85,1.0,0.0
0.6335236236755666,1,0.85,1.0,0.0
1.8315368151643894,1,0.85,1.0,0.0
1.7267106609091174,1,0.85,1.0,0.0
1.7117354960155071,1,0.85,1.0,0.0
1.7042479135687019,1,0.85,1.0,0.0
1.696760331121897,1,0.85,1.0,0.0
0.6335236236755666,1,0.85,1.0,0.0
0.6335236236755666,1,0.85,1.0,0.0
0.6260360412287614,1,0.85,1.0,0.0
0.6335236236755666,1,0.85,1.0,0.0
0.6260360412287614,1,0.85,1.0,0.0
0.6260360412287614,1,0.85,1.0,0.0
0.6185484587819562,1,0.85,1.0,0.0
0.6260360412287614,1,0.85,1.0,0.0
0.6260360412287614,1,0.85,1.0,0.0
0.6260360412287614,1,0.85,1.0,0.0
0.6260360412287614,1,0.85,1.0,0.0
0.6260360412287614,1,0.85,1.0,0.0
0.6260360412287614,1,0.85,1.0,0.0
0.6260360412287614,1,0.85,1.0,0.0
0.6335236236755666,1,0.85,1.0,0.0
0.6335236236755666,1,0.85,1.0,0.0
0.6335236236755666,1,0.85,1.0,0.0
0.6335236236755666,1,0.85,1.0,0.0
0.6335236236755666,1,0.85,1.0,0.0
0.6335236236755666,1,0.85,1.0,0.0
0.6335236236755666,1,0.85,1.0,0.0
0.6335236236755666,1,0.85,1.0,0.0
0.6335236236755666,1,0.85,1.0,0.0
0.6335236236755666,1,0.85,1.0,0.0
0.6335236236755666,1,0.85,1.0,0.0
0.6335236236755666,1,0.85,1.0,0.0
0.6260360412287614,1,0.85,1.0,0.0
0.6335236236755666,1,0.85,1.0,0.0
0.6335236236755666,1,0.85,1.0,0.0
0.6335236236755666,1,0.85,1.0,0.0
0.6260360412287614,1,0.85,1.0,0.0
0.6260360412287614,1,0.85,1.0,0.0
0.6335236236755666,1,0.85,1.0,0.0
0.6335236236755666,1,0.85,1.0,0.0
1.8015864853771688,1,0.85,1.0,0.0
1.8015864853771688,1,0.85,1.0,0.0
1.7341982433559224,1,0.85,1.0,0.0
1.7267106609091174,1,0.85,1.0,0.0
1.7117354960155071,1,0.85,1.0,0.0
0.6335236236755666,1,0.85,1.0,0.0
0.6335236236755666,1,0.85,1.0,0.0
0.6335236236755666,1,0.85,1.0,0.0
0.6335236236755666,1,0.85,1.0,0.0
0.6335236236755666,1,0.85,1.0,0.0
0.6335236236755666,1,0.85,1.0,0.0
0.6410112061223716,1,0.85,1.0,0.0
0.6410112061223716,1,0.85,1.0,0.0
0.6335236236755666,1,0.85,1.0,0.0
0.6335236236755666,1,0.85,1.0,0.0
0.6335236236755666,1,0.85,1.0,0.0
0.6335236236755666,1,0.85,1.0,0.0
0.6335236236755666,1,0.85,1.0,0.0
0.6335236236755666,1,0.85,1.0,0.0
0.6335236236755666,1,0.85,1.0,0.0
0.6335236236755666,1,0.85,1.0,0.0
0.6335236236755666,1,0.85,1.0,0.0
0.6335236236755666,1,0.85,1.0,0.0
0.6335236236755666,1,0.85,1.0,0.0
0.6335236236755666,1,0.85,1.0,0.0
0.6335236236755666,1,0.85,1.0,0.0
0.6335236236755666,1,0.85,1.0,0.0
0.6260360412287614,1,0.85,1.0,0.0
0.6335236236755666,1,0.85,1.0,0.0
0.6335236236755666,1,0.85,1.0,0.0
0.6335236236755666,1,0.85,1.0,0.0
0.6335236236755666,1,0.85,1.0,0.0
0.6335236236755666,1,0.85,1.0,0.0
0.6335236236755666,1,0.85,1.0,0.0
0.6335236236755666,1,0.85,1.0,0.0
0.6335236236755666,1,0.85,1.0,0.0
0.6335236236755666,1,0.85,1.0,0.0
0.6335236236755666,1,0.85,1.0,0.0
0.6335236236755666,1,0.85,1.0,0.0
0.6335236236755666,1,0.85,1.0,0.0
0.6335236236755666,1,0.85,1.0,0.0
1.8390243976111946,1,0.85,1.0,0.0
1.7192230784623121,1,0.85,1.0,0.0
1.7192230784623121,1,0.85,1.0,0.0
1.696760331121897,1,0.85,1.0,0.0
0.6335236236755666,1,0.85,1.0,0.0
0.6335236236755666,1,0.85,1.0,0.0
0.6410112061223716,1,0.85,1.0,0.0
0.6335236236755666,1,0.85,1.0,0.0
0.6335236236755666,1,0.85,1.0,0.0
0.6335236236755666,1,0.85,1.0,0.0
0.6335236236755666,1,0.85,1.0,0.0
0.6335236236755666,1,0.85,1.0,0.0
0.6335236236755666,1,0.85,1.0,0.0
0.6335236236755666,1,0.85,1.0,0.0
0.6335236236755666,1,0.85,1.0,0.0
0.6335236236755666,1,0.85,1.0,0.0
0.6410112061223716,1,0.85,1.0,0.0
0.6410112061223716,1,0.85,1.0,0.0
0.6335236236755666,1,0.85,1.0,0.0
0.6335236236755666,1,0.85,1.0,0.0
0.6335236236755666,1,0.85,1.0,0.0
0.6335236236755666,1,0.85,1.0,0.0
0.6335236236755666,1,0.85,1.0,0.0
0.6335236236755666,1,0.85,1.0,0.0
0.6335236236755666,1,0.85,1.0,0.0
0.6335236236755666,1,0.85,1.0,0.0
0.6260360412287614,1,0.85,1.0,0.0
0.6335236236755666,1,0.85,1.0,0.0
0.6335236236755666,1,0.85,1.0,0.0
0.6335236236755666,1,0.85,1.0,0.0
0.6335236236755666,1,0.85,1.0,0.0
0.6335236236755666,1,0.85,1.0,0.0
0.6335236236755666,1,0.85,1.0,0.0
0.6335236236755666,1,0.85,1.0,0.0
0.6335236236755666,1,0.85,1.0,0.0
0.6335236236755666,1,0.85,1.0,0.0
0.6335236236755666,1,0.85,1.0,0.0
0.6335236236755666,1,0.85,1.0,0.0
0.6335236236755666,1,0.85,1.0,0.0
0.6335236236755666,1,0.85,1.0,0.0
0.6335236236755666,1,0.85,1.0,0.0
0.6335236236755666,1,0.85,1.0,0.0
1.8390243976111946,1,0.85,1.0,0.0
1.7267106609091174,1,0.85,1.0,0.0
1.6892727486750916,1,0.85,1.0,0.0
1.6892727486750916,1,0.85,1.0,0.0
0.6335236236755666,1,0.85,1.0,0.0
0.6335236236755666,1,0.85,1.0,0.0
0.6260360412287614,1,0.85,1.0,0.0
0.6335236236755666,1,0.85,1.0,0.0
0.6335236236755666,1,0.85,1.0,0.0
0.6335236236755666,1,0.85,1.0,0.0
0.6335236236755666,1,0.85,1.0,0.0
0.6335236236755666,1,0.85,1.0,0.0
0.6335236236755666,1,0.85,1.0,0.0
0.6335236236755666,1,0.85,1.0,0.0
0.6260360412287614,1,0.85,1.0,0.0
0.6335236236755666,1,0.85,1.0,0.0
0.6335236236755666,1,0.85,1.0,0.0
0.6335236236755666,1,0.85,1.0,0.0
0.6335236236755666,1,0.85,1.0,0.0
0.6335236236755666,1,0.85,1.0,0.0
0.6335236236755666,1,0.85,1.0,0.0
0.6335236236755666,1,0.85,1.0,0.0
0.6335236236755666,1,0.85,1.0,0.0
0.6335236236755666,1,0.85,1.0,0.0
0.6260360412287614,1,0.85,1.0,0.0
0.6260360412287614,1,0.85,1.0,0.0
0.6260360412287614,1,0.85,1.0,0.0
0.6260360412287614,1,0.85,1.0,0.0
0.6260360412287614,1,0.85,1.0,0.0
0.6260360412287614,1,0.85,1.0,0.0
0.6335236236755666,1,0.85,1.0,0.0
0.6335236236755666,1,0.85,1.0,0.0
0.6335236236755666,1,0.85,1.0,0.0
0.6335236236755666,1,0.85,1.0,0.0
0.6335236236755666,1,0.85,1.0,0.0
0.6335236236755666,1,0.85,1.0,0.0
0.6335236236755666,1,0.85,1.0,0.0
0.6335236236755666,1,0.85,1.0,0.0
0.6335236236755666,1,0.85,1.0,0.0
1.8390243976111946,1,0.85,1.0,0.0
1.7117354960155071,1,0.85,1.0,0.0
1.6817851662282866,1,0.85,1.0,0.0
1.6817851662282866,1,0.85,1.0,0.0
0.6260360412287614,1,0.85,1.0,0.0
0.6335236236755666,1,0.85,1.0,0.0
0.6335236236755666,1,0.85,1.0,0.0
0.6335236236755666,1,0.85,1.0,0.0
0.6335236236755666,1,0.85,1.0,0.0
0.6335236236755666,1,0.85,1.0,0.0
0.6335236236755666,1,0.85,1.0,0.0
0.6335236236755666,1,0.85,1.0,0.0
0.6335236236755666,1,0.85,1.0,0.0
0.6335236236755666,1,0.85,1.0,0.0
0.6335236236755666,1,0.85,1.0,0.0
0.6335236236755666,1,0.85,1.0,0.0
0.6335236236755666,1,0.85,1.0,0.0
0.6335236236755666,1,0.85,1.0,0.0
0.6335236236755666,1,0.85,1.0,0.0
0.6335236236755666,1,0.85,1.0,0.0
0.6335236236755666,1,0.85,1.0,0.0
0.6335236236755666,1,0.85,1.0,0.0
0.6335236236755666,1,0.85,1.0,0.0
0.6335236236755666,1,0.85,1.0,0.0
0.6335236236755666,1,0.85,1.0,0.0
0.6335236236755666,1,0.85,1.0,0.0
0.6335236236755666,1,0.85,1.0,0.0
0.6335236236755666,1,0.85,1.0,0.0
0.6260360412287614,1,0.85,1.0,0.0
0.6335236236755666,1,0.85,1.0,0.0
0.6335236236755666,1,0.85,1.0,0.0
0.6335236236755666,1,0.85,1.0,0.0
0.6335236236755666,1,0.85,1.0,0.0
0.6335236236755666,1,0.85,1.0,0.0
0.6335236236755666,1,0.85,1.0,0.0
0.6335236236755666,1,0.85,1.0,0.0
0.6335236236755666,1,0.85,1.0,0.0
0.6335236236755666,1,0.85,1.0,0.0
0.6335236236755666,1,0.85,1.0,0.0
0.6335236236755666,1,0.85,1.0,0.0
0.6335236236755666,1,0.85,1.0,0.0
0.6335236236755666,1,0.85,1.0,0.0
0.6335236236755666,1,0.85,1.0,0.0
0.6335236236755666,1,0.85,1.0,0.0
1.7341982433559224,1,0.85,1.0,0.0
1.7716361555899482,1,0.85,1.0,0.0
1.696760331121897,1,0.85,1.0,0.0
1.696760331121897,1,0.85,1.0,0.0
0.6335236236755666,1,0.85,1.0,0.0
0.6335236236755666,1,0.85,1.0,0.0
0.6335236236755666,1,0.85,1.0,0.0
0.6335236236755666,1,0.85,1.0,0.0
0.6260360412287614,1,0.85,1.0,0.0
0.6260360412287614,1,0.85,1.0,0.0
0.6335236236755666,1,0.85,1.0,0.0
0.6260360412287614,1,0.85,1.0,0.0
0.6260360412287614,1,0.85,1.0,0.0
0.6260360412287614,1,0.85,1.0,0.0
0.6335236236755666,1,0.85,1.0,0.0
0.6260360412287614,1,0.85,1.0,0.0
0.6260360412287614,1,0.85,1.0,0.0
0.6260360412287614,1,0.85,1.0,0.0
0.6260360412287614,1,0.85,1.0,0.0
0.6260360412287614,1,0.85,1.0,0.0
0.6260360412287614,1,0.85,1.0,0.0
0.6260360412287614,1,0.85,1.0,0.0
0.6335236236755666,1,0.85,1.0,0.0
0.6335236236755666,1,0.85,1.0,0.0
0.6260360412287614,1,0.85,1.0,0.0
0.6260360412287614,1,0.85,1.0,0.0
0.6260360412287614,1,0.85,1.0,0.0
0.6260360412287614,1,0.85,1.0,0.0
0.6260360412287614,1,0.85,1.0,0.0
0.6260360412287614,1,0.85,1.0,0.0
0.6260360412287614,1,0.85,1.0,0.0
0.6260360412287614,1,0.85,1.0,0.0
0.6260360412287614,1,0.85,1.0,0.0
0.6260360412287614,1,0.85,1.0,0.0
0.6260360412287614,1,0.85,1.0,0.0
0.6185484587819562,1,0.85,1.0,0.0
0.6260360412287614,1,0.85,1.0,0.0
0.6260360412287614,1,0.85,1.0,0.0
0.6260360412287614,1,0.85,1.0,0.0
0.6185484587819562,1,0.85,1.0,0.0
0.6185484587819562,1,0.85,1.0,0.0
0.6260360412287614,1,0.85,1.0,0.0
0.6260360412287614,1,0.85,1.0,0.0
0.6260360412287614,1,0.85,1.0,0.0
1.7042479135687019,1,0.85,1.0,0.0
1.7042479135687019,1,0.85,1.0,0.0
1.7042479135687019,1,0.85,1.0,0.0
1.6892727486750916,1,0.85,1.0,0.0
0.6335236236755666,1,0.85,1.0,0.0
0.6260360412287614,1,0.85,1.0,0.0
0.6335236236755666,1,0.85,1.0,0.0
0.6260360412287614,1,0.85,1.0,0.0
0.6260360412287614,1,0.85,1.0,0.0
0.6260360412287614,1,0.85,1.0,0.0
0.6260360412287614,1,0.85,1.0,0.0
0.6260360412287614,1,0.85,1.0,0.0
0.6335236236755666,1,0.85,1.0,0.0
0.6335236236755666,1,0.85,1.0,0.0
0.6260360412287614,1,0.85,1.0,0.0
0.6260360412287614,1,0.85,1.0,0.0
0.6335236236755666,1,0.85,1.0,0.0
0.6260360412287614,1,0.85,1.0,0.0
0.6260360412287614,1,0.85,1.0,0.0
0.6335236236755666,1,0.85,1.0,0.0
0.6335236236755666,1,0.85,1.0,0.0
0.6335236236755666,1,0.85,1.0,0.0
0.6335236236755666,1,0.85,1.0,0.0
0.6335236236755666,1,0.85,1.0,0.0
0.6335236236755666,1,0.85,1.0,0.0
0.6335236236755666,1,0.85,1.0,0.0
0.6335236236755666,1,0.85,1.0,0.0
-0.1451849507921685,1,0.85,1.0,0.0
-0.1451849507921685,1,0.85,1.0,0.0
-0.1451849507921685,1,0.85,1.0,0.0
-0.1451849507921685,1,0.85,1.0,0.0
-0.1451849507921685,1,0.85,1.0,0.0
-0.1451849507921685,1,0.85,1.0,0.0
-0.1451849507921685,1,0.85,1.0,0.0
-0.1451849507921685,1,0.85,1.0,0.0
-0.1451849507921685,1,0.85,1.0,0.0
-0.1451849507921685,1,0.85,1.0,0.0
-0.1451849507921685,1,0.85,1.0,0.0
-0.1451849507921685,1,0.85,1.0,0.0
-0.1451849507921685,1,0.85,1.0,0.0
-0.1451849507921685,1,0.85,1.0,0.0
1.2999184614412242,1,0.85,1.0,0.0
1.2999184614412242,1,0.85,1.0,0.0
1.0528282406966545,1,0.85,1.0,0.0
1.0528282406966545,1,0.85,1.0,0.0
1.569471429526209,1,0.85,1.0,0.0
1.569471429526209,1,0.85,1.0,0.0
1.5544962646325988,1,0.85,1.0,0.0
2.745021873674617,1,0.85,1.0,0.0
2.116064948142985,1,0.85,1.0,0.0
2.116064948142985,1,0.85,1.0,0.0
2.0037512114409077,1,0.85,1.0,0.0
0.9480020864413825,1,0.85,1.0,0.0
1.4646452752709374,1,0.85,1.0,0.0
1.457157692824132,1,0.85,1.0,0.0
1.449670110377327,1,0.85,1.0,0.0
0.9554896688881876,1,0.85,1.0,0.0
0.9554896688881876,1,0.85,1.0,0.0
1.4646452752709374,1,0.85,1.0,0.0
1.4646452752709374,1,0.85,1.0,0.0
1.4646452752709374,1,0.85,1.0,0.0
1.457157692824132,1,0.85,1.0,0.0
1.449670110377327,1,0.85,1.0,0.0
0.8431759321861105,1,0.85,1.0,0.0
0.8431759321861105,1,0.85,1.0,0.0
0.8431759321861105,1,0.85,1.0,0.0
1.3448439561220549,1,0.85,1.0,0.0
1.3448439561220549,1,0.85,1.0,0.0
1.4721328577177426,1,0.85,1.0,0.0
0.8431759321861105,1,0.85,1.0,0.0
0.8356883497393054,1,0.85,1.0,0.0
0.8356883497393054,1,0.85,1.0,0.0
0.8431759321861105,1,0.85,1.0,0.0
0.8431759321861105,1,0.85,1.0,0.0
1.3448439561220549,1,0.85,1.0,0.0
1.3373563736752498,1,0.85,1.0,0.0
1.3373563736752498,1,0.85,1.0,0.0
0.8506635146329157,1,0.85,1.0,0.0
0.8431759321861105,1,0.85,1.0,0.0
0.8431759321861105,1,0.85,1.0,0.0
1.3523315385688601,1,0.85,1.0,0.0
1.3598191210156654,1,0.85,1.0,0.0
1.3448439561220549,1,0.85,1.0,0.0
1.3448439561220549,1,0.85,1.0,0.0
0.8431759321861105,1,0.85,1.0,0.0
0.8431759321861105,1,0.85,1.0,0.0
0.8431759321861105,1,0.85,1.0,0.0
1.3448439561220549,1,0.85,1.0,0.0
1.3598191210156654,1,0.85,1.0,0.0
1.3448439561220549,1,0.85,1.0,0.0
0.8431759321861105,1,0.85,1.0,0.0
0.8581510970797208,1,0.85,1.0,0.0
1.9213878045260513,1,0.85,1.0,0.0
1.9213878045260513,1,0.85,1.0,0.0
2.423055828461996,1,0.85,1.0,0.0
2.3931054986747755,1,0.85,1.0,0.0
1.3448439561220549,1,0.85,1.0,0.0
1.3448439561220549,1,0.85,1.0,0.0
0.8356883497393054,1,0.85,1.0,0.0
0.8431759321861105,1,0.85,1.0,0.0
0.8431759321861105,1,0.85,1.0,0.0
1.3523315385688601,1,0.85,1.0,0.0
1.3598191210156654,1,0.85,1.0,0.0
1.3448439561220549,1,0.85,1.0,0.0
0.8431759321861105,1,0.85,1.0,0.0
0.8431759321861105,1,0.85,1.0,0.0
1.3523315385688601,1,0.85,1.0,0.0
1.3523315385688601,1,0.85,1.0,0.0
1.3448439561220549,1,0.85,1.0,0.0
1.3598191210156654,1,0.85,1.0,0.0
1.3448439561220549,1,0.85,1.0,0.0
0.8431759321861105,1,0.85,1.0,0.0
1.3523315385688601,1,0.85,1.0,0.0
1.3523315385688601,1,0.85,1.0,0.0
1.3373563736752498,1,0.85,1.0,0.0
1.3448439561220549,1,0.85,1.0,0.0
0.8431759321861105,1,0.85,1.0,0.0
0.8356883497393054,1,0.85,1.0,0.0
0.8356883497393054,1,0.85,1.0,0.0
1.4421825279305218,1,0.85,1.0,0.0
1.4421825279305218,1,0.85,1.0,0.0
1.3373563736752498,1,0.85,1.0,0.0
1.3373563736752498,1,0.85,1.0,0.0
0.8431759321861105,1,0.85,1.0,0.0
0.8282007672925003,1,0.85,1.0,0.0
0.8282007672925003,1,0.85,1.0,0.0
1.3523315385688601,1,0.85,1.0,0.0
1.3523315385688601,1,0.85,1.0,0.0
1.3523315385688601,1,0.85,1.0,0.0
0.8431759321861105,1,0.85,1.0,0.0
0.8431759321861105,1,0.85,1.0,0.0
0.8431759321861105,1,0.85,1.0,0.0
0.8431759321861105,1,0.85,1.0,0.0
2.430543410908801,1,0.85,1.0,0.0
2.430543410908801,1,0.85,1.0,0.0
2.423055828461996,1,0.85,1.0,0.0
2.415568246015191,1,0.85,1.0,0.0
0.8431759321861105,1,0.85,1.0,0.0
0.8431759321861105,1,0.85,1.0,0.0
0.8431759321861105,1,0.85,1.0,0.0
1.3448439561220549,1,0.85,1.0,0.0
1.3448439561220549,1,0.85,1.0,0.0
1.3373563736752498,1,0.85,1.0,0.0
1.3598191210156654,1,0.85,1.0,0.0
0.8506635146329157,1,0.85,1.0,0.0
0.8356883497393054,1,0.85,1.0,0.0
0.8356883497393054,1,0.85,1.0,0.0
1.3448439561220549,1,0.85,1.0,0.0
1.3448439561220549,1,0.85,1.0,0.0
1.3373563736752498,1,0.85,1.0,0.0
0.8431759321861105,1,0.85,1.0,0.0
0.8431759321861105,1,0.85,1.0,0.0
0.8431759321861105,1,0.85,1.0,0.0
0.8356883497393054,1,0.85,1.0,0.0
1.3448439561220549,1,0.85,1.0,0.0
1.3448439561220549,1,0.85,1.0,0.0
1.3373563736752498,1,0.85,1.0,0.0
0.8506635146329157,1,0.85,1.0,0.0
0.8506635146329157,1,0.85,1.0,0.0
0.8431759321861105,1,0.85,1.0,0.0
0.8431759321861105,1,0.85,1.0,0.0
1.3448439561220549,1,0.85,1.0,0.0
1.3448439561220549,1,0.85,1.0,0.0
0.8431759321861105,1,0.85,1.0,0.0
0.8431759321861105,1,0.85,1.0,0.0
0.8581510970797208,1,0.85,1.0,0.0
0.8506635146329157,1,0.85,1.0,0.0
14.642790381647991,1,0.85,1.0,1841.9999999999998
21.845844695474543,1,0.85,1.0,1825.9999999999998
21.845844695474543,1,0.85,1.0,1825.9999999999998
0.8431759321861105,1,0.85,1.0,0.0
7.117770022608821,1,0.85,1.0,838.0
7.0878196928216,1,0.85,1.0,835.0
7.2525465066513135,1,0.85,1.0,840.0
0.865638679526526,1,0.85,1.0,3.0
0.865638679526526,1,0.85,1.0,3.0
1.9812884641004924,1,0.85,1.0,3.0
1.9812884641004924,1,0.85,1.0,3.0
1.9513381343132719,1,0.85,1.0,3.0
1.9288753869728565,1,0.85,1.0,3.0
8.15105640026793,1,0.85,1.0,835.0
7.110282440162017,1,0.85,1.0,837.0000000000001
7.080332110374795,1,0.85,1.0,834.0000000000001
0.9704648337817978,1,0.85,1.0,3.0
0.9704648337817978,1,0.85,1.0,3.0
0.9704648337817978,1,0.85,1.0,3.0
